# Name=sp_P35613_BASI_HUMAN
# pos	aa	SP	CS	OTHER
1	M	S	0.992423	0.000001	0.007576
2	A	S	0.992437	0.000003	0.007560
3	A	S	0.992452	0.000003	0.007546
4	A	S	0.992468	0.000002	0.007530
5	L	S	0.992484	0.000002	0.007514
6	F	S	0.992501	0.000002	0.007497
7	V	S	0.992518	0.000002	0.007480
8	L	S	0.992535	0.000001	0.007464
9	L	S	0.992549	0.000002	0.007450
10	G	S	0.992561	0.000002	0.007437
11	F	S	0.992569	0.000003	0.007428
12	A	S	0.992560	0.000018	0.007422
13	L	S	0.992555	0.000013	0.007432
14	L	S	0.992476	0.000083	0.007441
15	G	S	0.992123	0.000355	0.007522
16	T	S	0.991753	0.000370	0.007877
17	H	S	0.991297	0.000452	0.008251
18	G	S	0.733536	0.257750	0.008714
19	A	S	0.726662	0.006908	0.266430
20	S	S	0.685585	0.041073	0.273342
21	G	C	0.233737	0.451856	0.314407
22	A	X	0.108516	0.125269	0.766215
23	A	X	0.065987	0.042537	0.891476
24	G	X	0.032206	0.033786	0.934008
25	F	X	0.027113	0.005095	0.967792
26	V	X	0.024045	0.003070	0.972885
27	Q	X	0.019518	0.004530	0.975951
28	A	X	0.015602	0.003921	0.980477
29	P	X	0.013689	0.001916	0.984395
30	L	X	0.011373	0.002320	0.986307
31	S	X	0.009438	0.001939	0.988622
32	Q	X	0.007557	0.001886	0.990557
33	Q	X	0.005917	0.001644	0.992438
34	R	X	0.004554	0.001367	0.994078
35	W	X	0.003656	0.000902	0.995442
36	V	X	0.003094	0.000566	0.996340
37	G	X	0.002604	0.000494	0.996903
38	G	X	0.002037	0.000571	0.997392
39	S	X	0.001582	0.000459	0.997959
40	V	X	0.001359	0.000226	0.998414
41	E	X	0.001163	0.000201	0.998637
42	L	X	0.001014	0.000153	0.998833
43	H	X	0.000837	0.000182	0.998981
44	C	X	0.000690	0.000152	0.999158
45	E	X	0.000557	0.000139	0.999304
46	A	X	0.000405	0.000158	0.999437
47	V	X	0.000340	0.000069	0.999590
48	G	X	0.000255	0.000090	0.999655
49	S	X	0.000211	0.000047	0.999742
50	P	X	0.000169	0.000045	0.999786
51	V	X	0.000144	0.000028	0.999828
52	P	X	0.000125	0.000022	0.999853
53	E	X	0.000104	0.000023	0.999873
54	I	X	0.000096	0.000011	0.999894
55	Q	X	0.000088	0.000010	0.999902
56	W	X	0.000082	0.000009	0.999910
57	W	X	0.000073	0.000011	0.999915
58	F	X	0.000068	0.000008	0.999923
59	E	X	0.000060	0.000012	0.999928
60	G	X	0.000052	0.000012	0.999936
61	Q	X	0.000046	0.000009	0.999944
62	G	X	0.000042	0.000008	0.999950
63	P	X	0.000036	0.000009	0.999955
64	N	X	0.000032	0.000008	0.999961
65	D	X	0.000029	0.000005	0.999965
66	T	X	0.000026	0.000006	0.999968
67	C	X	0.000023	0.000006	0.999971
68	S	X	0.000020	0.000006	0.999973
69	Q	X	0.000016	0.000009	0.999976
70	L	X	0.000017	0.000002	0.999980
