# Name=sp_P15391_CD19_HUMAN
pos	aa	SP	CS	OTHER
1	M	S	0.978940	0.000001	0.021060
2	P	S	0.978959	0.000002	0.021039
3	P	S	0.978977	0.000001	0.021022
4	P	S	0.978994	0.000001	0.021005
5	R	S	0.979010	0.000002	0.020988
6	L	S	0.979026	0.000002	0.020971
7	L	S	0.979042	0.000003	0.020955
8	F	S	0.979055	0.000006	0.020939
9	F	S	0.979065	0.000006	0.020929
10	L	S	0.979065	0.000013	0.020922
11	L	S	0.979019	0.000054	0.020927
12	F	S	0.978742	0.000282	0.020977
13	L	S	0.977985	0.000758	0.021257
14	T	S	0.977246	0.000739	0.022015
15	P	S	0.973825	0.003417	0.022758
16	M	S	0.971095	0.002724	0.026181
17	E	S	0.967079	0.004002	0.028919
18	V	S	0.936375	0.030682	0.032943
19	R	S	0.926575	0.009783	0.063641
20	P	C	0.031391	0.895172	0.073437
21	E	X	0.022194	0.009193	0.968613
22	E	X	0.019905	0.002281	0.977814
23	P	X	0.014301	0.005601	0.980098
24	L	X	0.012380	0.001920	0.985700
25	V	X	0.011127	0.001254	0.987620
26	V	X	0.009406	0.001723	0.988871
27	K	X	0.007468	0.001943	0.990590
28	V	X	0.005982	0.001490	0.992528
29	E	X	0.005176	0.000810	0.994014
30	E	X	0.004234	0.000947	0.994819
31	G	X	0.003504	0.000734	0.995762
32	D	X	0.003058	0.000450	0.996492
33	N	X	0.002589	0.000474	0.996937
34	A	X	0.002199	0.000395	0.997406
35	V	X	0.001991	0.000212	0.997797
36	L	X	0.001822	0.000174	0.998004
37	Q	X	0.001628	0.000200	0.998172
38	C	X	0.001462	0.000173	0.998365
39	L	X	0.001349	0.000119	0.998532
40	K	X	0.001221	0.000135	0.998644
41	G	X	0.001104	0.000125	0.998771
42	T	X	0.001001	0.000111	0.998889
43	S	X	0.000912	0.000095	0.998992
44	D	X	0.000840	0.000080	0.999080
45	G	X	0.000777	0.000070	0.999153
46	P	X	0.000713	0.000072	0.999215
47	T	X	0.000659	0.000062	0.999279
48	Q	X	0.000616	0.000052	0.999332
49	Q	X	0.000571	0.000054	0.999375
50	L	X	0.000533	0.000048	0.999419
51	T	X	0.000503	0.000041	0.999456
52	W	X	0.000468	0.000047	0.999485
53	S	X	0.000432	0.000050	0.999518
54	R	X	0.000400	0.000045	0.999555
55	E	X	0.000369	0.000044	0.999587
56	S	X	0.000343	0.000037	0.999620
57	P	X	0.000315	0.000039	0.999646
58	L	X	0.000290	0.000037	0.999674
59	K	X	0.000269	0.000031	0.999700
60	P	X	0.000247	0.000033	0.999720
61	F	X	0.000225	0.000033	0.999742
62	L	X	0.000205	0.000031	0.999764
63	K	X	0.000182	0.000033	0.999785
64	L	X	0.000160	0.000032	0.999808
65	S	X	0.000138	0.000031	0.999831
66	L	X	0.000115	0.000031	0.999854
67	G	X	0.000091	0.000032	0.999877
68	L	X	0.000070	0.000026	0.999903
69	P	X	0.000057	0.000019	0.999924
70	G	X	0.000057	0.000006	0.999937
