# Name=sp_Q9NZQ7_PD1L1_HUMAN
pos	aa	SP	CS	OTHER
1	M	S	0.978779	0.000003	0.021218
2	R	S	0.978789	0.000007	0.021205
3	I	S	0.978807	0.000003	0.021190
4	F	S	0.978827	0.000002	0.021171
5	A	S	0.978843	0.000002	0.021154
6	V	S	0.978861	0.000002	0.021137
7	F	S	0.978878	0.000001	0.021120
8	I	S	0.978895	0.000001	0.021104
9	F	S	0.978909	0.000001	0.021090
10	M	S	0.978920	0.000003	0.021077
11	T	S	0.978923	0.000010	0.021067
12	Y	S	0.978921	0.000014	0.021065
13	W	S	0.978876	0.000057	0.021068
14	H	S	0.978854	0.000032	0.021114
15	L	S	0.978717	0.000143	0.021139
16	L	S	0.978428	0.000291	0.021281
17	N	S	0.973527	0.004895	0.021578
18	A	C	0.269525	0.703992	0.026483
19	F	X	0.263246	0.006318	0.730436
20	T	X	0.037233	0.226020	0.736747
21	V	X	0.031551	0.005683	0.962766
22	T	X	0.014273	0.017276	0.968451
23	V	X	0.012409	0.001861	0.985730
24	P	X	0.005553	0.006856	0.987591
25	K	X	0.003606	0.001947	0.994447
26	D	X	0.003024	0.000583	0.996394
27	L	X	0.002518	0.000507	0.996975
28	Y	X	0.002186	0.000334	0.997480
29	V	X	0.001814	0.000375	0.997811
30	V	X	0.001618	0.000199	0.998183
31	E	X	0.001394	0.000227	0.998378
32	Y	X	0.001124	0.000275	0.998601
33	G	X	0.000894	0.000234	0.998872
34	S	X	0.000751	0.000147	0.999102
35	N	X	0.000613	0.000142	0.999245
36	M	X	0.000501	0.000117	0.999383
37	T	X	0.000419	0.000086	0.999495
38	I	X	0.000391	0.000031	0.999577
39	E	X	0.000343	0.000054	0.999603
40	C	X	0.000291	0.000058	0.999651
41	K	X	0.000267	0.000028	0.999704
42	F	X	0.000255	0.000017	0.999727
43	P	X	0.000239	0.000023	0.999738
44	V	X	0.000229	0.000017	0.999754
45	E	X	0.000216	0.000021	0.999763
46	K	X	0.000198	0.000026	0.999775
47	Q	X	0.000179	0.000028	0.999793
48	L	X	0.000169	0.000018	0.999813
49	D	X	0.000161	0.000016	0.999824
50	L	X	0.000148	0.000021	0.999831
51	A	X	0.000132	0.000024	0.999844
52	A	X	0.000119	0.000020	0.999861
53	L	X	0.000110	0.000015	0.999875
54	I	X	0.000105	0.000011	0.999884
55	V	X	0.000104	0.000007	0.999888
56	Y	X	0.000102	0.000010	0.999888
57	W	X	0.000097	0.000013	0.999890
58	E	X	0.000094	0.000012	0.999894
59	M	X	0.000091	0.000012	0.999897
60	E	X	0.000088	0.000012	0.999900
61	D	X	0.000084	0.000013	0.999903
62	K	X	0.000077	0.000016	0.999907
63	N	X	0.000070	0.000015	0.999915
64	I	X	0.000064	0.000013	0.999923
65	I	X	0.000059	0.000012	0.999929
66	Q	X	0.000053	0.000013	0.999934
67	F	X	0.000045	0.000014	0.999940
68	V	X	0.000039	0.000013	0.999949
69	H	X	0.000030	0.000015	0.999954
70	G	X	0.000033	0.000006	0.999961
