# Name=sp_Q5ZPR3_CD276_HUMAN
# pos	aa	SP	CS	OTHER
1	M	S	0.793407	0.000013	0.206580
2	L	S	0.793430	0.000022	0.206549
3	R	S	0.793441	0.000017	0.206542
4	R	S	0.793448	0.000018	0.206534
5	R	S	0.793452	0.000022	0.206526
6	G	S	0.793457	0.000022	0.206521
7	S	S	0.793471	0.000017	0.206512
8	P	S	0.793475	0.000024	0.206501
9	G	S	0.793480	0.000026	0.206494
10	M	S	0.793475	0.000035	0.206490
11	G	S	0.793447	0.000061	0.206492
12	V	S	0.793435	0.000053	0.206512
13	H	S	0.793411	0.000066	0.206524
14	V	S	0.793388	0.000066	0.206545
15	G	S	0.793311	0.000124	0.206566
16	A	S	0.793035	0.000321	0.206644
17	A	S	0.792785	0.000305	0.206910
18	L	S	0.792643	0.000205	0.207152
19	G	S	0.792208	0.000489	0.207303
20	A	S	0.791809	0.000461	0.207729
21	L	S	0.791686	0.000186	0.208127
22	W	S	0.791583	0.000163	0.208254
23	F	S	0.791386	0.000251	0.208363
24	C	S	0.790960	0.000473	0.208566
25	L	S	0.790426	0.000569	0.209005
26	T	S	0.783280	0.007167	0.209553
27	G	S	0.771367	0.011928	0.216705
28	A	C	0.121664	0.649716	0.228620
29	L	X	0.096648	0.025032	0.878320
30	E	X	0.036649	0.060001	0.903350
31	V	X	0.021136	0.015512	0.963352
32	Q	X	0.017738	0.003396	0.978866
33	V	X	0.014529	0.003208	0.982263
34	P	X	0.011828	0.002702	0.985470
35	E	X	0.009213	0.002617	0.988170
36	D	X	0.008473	0.000742	0.990784
37	P	X	0.007284	0.001194	0.991522
38	V	X	0.006463	0.000826	0.992711
39	V	X	0.005756	0.000713	0.993531
40	A	X	0.003810	0.001955	0.994235
41	L	X	0.003091	0.000725	0.996185
42	V	X	0.002695	0.000400	0.996904
43	G	X	0.002237	0.000464	0.997299
44	T	X	0.001899	0.000344	0.997757
45	D	X	0.001516	0.000389	0.998095
46	A	X	0.001031	0.000491	0.998477
47	T	X	0.000879	0.000156	0.998966
48	L	X	0.000777	0.000104	0.999119
49	C	X	0.000655	0.000126	0.999219
50	C	X	0.000584	0.000076	0.999340
51	S	X	0.000533	0.000056	0.999410
52	F	X	0.000493	0.000046	0.999460
53	S	X	0.000458	0.000043	0.999499
54	P	X	0.000426	0.000039	0.999534
55	E	X	0.000397	0.000037	0.999566
56	P	X	0.000369	0.000037	0.999594
57	G	X	0.000338	0.000040	0.999621
58	F	X	0.000318	0.000030	0.999652
59	S	X	0.000295	0.000034	0.999671
60	L	X	0.000267	0.000039	0.999693
61	A	X	0.000236	0.000044	0.999721
62	Q	X	0.000212	0.000034	0.999754
63	L	X	0.000190	0.000032	0.999778
64	N	X	0.000169	0.000030	0.999801
65	L	X	0.000150	0.000027	0.999822
66	I	X	0.000134	0.000024	0.999842
67	W	X	0.000117	0.000026	0.999858
68	Q	X	0.000097	0.000028	0.999876
69	L	X	0.000081	0.000023	0.999896
70	T	X	0.000080	0.000011	0.999910
