# Name=sp_P28906_CD34_HUMAN
pos	aa	SP	CS	OTHER
1	M	S	0.933994	0.000007	0.066000
2	L	S	0.934014	0.000013	0.065974
3	V	S	0.934043	0.000007	0.065949
4	R	S	0.934065	0.000009	0.065926
5	R	S	0.934092	0.000009	0.065899
6	G	S	0.934110	0.000013	0.065877
7	A	S	0.934138	0.000010	0.065852
8	R	S	0.934166	0.000011	0.065823
9	A	S	0.934177	0.000025	0.065798
10	G	S	0.934207	0.000015	0.065778
11	P	S	0.934232	0.000019	0.065749
12	R	S	0.934248	0.000025	0.065727
13	M	S	0.934266	0.000025	0.065709
14	P	S	0.934283	0.000027	0.065690
15	R	S	0.934300	0.000031	0.065670
16	G	S	0.934324	0.000029	0.065646
17	W	S	0.934346	0.000033	0.065622
18	T	S	0.934357	0.000044	0.065599
19	A	S	0.934383	0.000032	0.065585
20	L	S	0.934401	0.000041	0.065558
21	C	S	0.934414	0.000041	0.065545
22	L	S	0.934408	0.000049	0.065543
23	L	S	0.934348	0.000092	0.065560
24	S	S	0.934079	0.000291	0.065630
25	L	S	0.933488	0.000607	0.065905
26	L	S	0.932836	0.000663	0.066501
27	P	S	0.929661	0.003179	0.067160
28	S	S	0.925021	0.004638	0.070341
29	G	S	0.912834	0.012174	0.074992
30	F	S	0.872335	0.040474	0.087192
31	M	S	0.604783	0.267521	0.127696
32	S	C	0.138865	0.465933	0.395202
33	L	X	0.077156	0.061708	0.861136
34	D	X	0.065498	0.011646	0.922856
35	N	X	0.057186	0.008305	0.934508
36	N	X	0.049792	0.007392	0.942816
37	G	X	0.038179	0.011613	0.950207
38	T	X	0.031629	0.006552	0.961819
39	A	X	0.017285	0.014348	0.968367
40	T	X	0.014198	0.003088	0.982713
41	P	X	0.011102	0.003100	0.985799
42	E	X	0.009117	0.001988	0.988895
43	L	X	0.008053	0.001068	0.990879
44	P	X	0.006762	0.001296	0.991942
45	T	X	0.005824	0.000944	0.993232
46	Q	X	0.005042	0.000787	0.994170
47	G	X	0.004210	0.000840	0.994950
48	T	X	0.003765	0.000452	0.995783
49	F	X	0.003283	0.000490	0.996227
50	S	X	0.002774	0.000517	0.996709
51	N	X	0.002416	0.000366	0.997218
52	V	X	0.002157	0.000267	0.997577
53	S	X	0.001877	0.000288	0.997835
54	T	X	0.001605	0.000281	0.998114
55	N	X	0.001407	0.000207	0.998386
56	V	X	0.001268	0.000147	0.998585
57	S	X	0.001104	0.000174	0.998722
58	Y	X	0.000926	0.000188	0.998886
59	Q	X	0.000760	0.000176	0.999064
60	E	X	0.000639	0.000130	0.999232
61	T	X	0.000542	0.000105	0.999353
62	T	X	0.000469	0.000080	0.999451
63	T	X	0.000413	0.000063	0.999524
64	P	X	0.000351	0.000069	0.999579
65	S	X	0.000289	0.000070	0.999642
66	T	X	0.000248	0.000048	0.999705
67	L	X	0.000190	0.000064	0.999746
68	G	X	0.000132	0.000065	0.999803
69	S	X	0.000092	0.000045	0.999863
70	T	X	0.000087	0.000011	0.999902
