# Name=sp_P01730_CD4_HUMAN
# pos	aa	SP	CS	OTHER
1	M	S	0.991038	0.000002	0.008960
2	N	S	0.991056	0.000004	0.008940
3	R	S	0.991075	0.000003	0.008922
4	G	S	0.991097	0.000002	0.008901
5	V	S	0.991117	0.000002	0.008881
6	P	S	0.991138	0.000001	0.008860
7	F	S	0.991160	0.000001	0.008839
8	R	S	0.991181	0.000002	0.008817
9	H	S	0.991204	0.000002	0.008795
10	L	S	0.991226	0.000002	0.008772
11	L	S	0.991249	0.000002	0.008749
12	L	S	0.991272	0.000002	0.008726
13	V	S	0.991290	0.000003	0.008707
14	L	S	0.991300	0.000009	0.008691
15	Q	S	0.991299	0.000017	0.008685
16	L	S	0.991275	0.000035	0.008690
17	A	S	0.991164	0.000120	0.008716
18	L	S	0.990953	0.000218	0.008829
19	L	S	0.990620	0.000337	0.009043
20	P	S	0.989231	0.001390	0.009379
21	A	S	0.985302	0.003927	0.010771
22	A	S	0.978212	0.007082	0.014706
23	T	S	0.927763	0.050432	0.021805
24	Q	S	0.902947	0.024809	0.072244
25	G	C	0.025231	0.877731	0.097038
26	K	X	0.019465	0.005768	0.974767
27	K	X	0.014867	0.004597	0.980537
28	V	X	0.013109	0.001758	0.985133
29	V	X	0.011990	0.001121	0.986889
30	L	X	0.009932	0.002062	0.988005
31	G	X	0.004125	0.005813	0.990062
32	K	X	0.003178	0.000950	0.995872
33	K	X	0.002331	0.000849	0.996820
34	G	X	0.001678	0.000656	0.997666
35	D	X	0.001390	0.000290	0.998320
36	T	X	0.001108	0.000285	0.998607
37	V	X	0.000960	0.000151	0.998889
38	E	X	0.000819	0.000144	0.999037
39	L	X	0.000710	0.000112	0.999178
40	T	X	0.000624	0.000089	0.999287
41	C	X	0.000566	0.000061	0.999372
42	T	X	0.000508	0.000064	0.999429
43	A	X	0.000428	0.000086	0.999486
44	S	X	0.000369	0.000065	0.999566
45	Q	X	0.000314	0.000060	0.999626
46	K	X	0.000263	0.000056	0.999681
47	K	X	0.000222	0.000045	0.999733
48	S	X	0.000189	0.000037	0.999774
49	I	X	0.000178	0.000015	0.999808
50	Q	X	0.000163	0.000018	0.999819
51	F	X	0.000155	0.000012	0.999833
52	H	X	0.000147	0.000013	0.999841
53	W	X	0.000135	0.000017	0.999848
54	K	X	0.000127	0.000015	0.999859
55	N	X	0.000120	0.000013	0.999867
56	S	X	0.000112	0.000015	0.999873
57	N	X	0.000106	0.000013	0.999881
58	Q	X	0.000098	0.000014	0.999887
59	I	X	0.000093	0.000012	0.999895
60	K	X	0.000087	0.000013	0.999900
61	I	X	0.000083	0.000011	0.999906
62	L	X	0.000077	0.000013	0.999910
63	G	X	0.000071	0.000014	0.999916
64	N	X	0.000066	0.000012	0.999923
65	Q	X	0.000060	0.000013	0.999927
66	G	X	0.000054	0.000012	0.999934
67	S	X	0.000049	0.000012	0.999940
68	F	X	0.000043	0.000012	0.999945
69	L	X	0.000038	0.000011	0.999951
70	T	X	0.000041	0.000006	0.999953
