# Name=sp_P56856-2_CLD18_HUMAN
# pos	aa	SP	CS	OTHER
1	M	S	0.794990	0.000003	0.205007
2	A	S	0.794993	0.000009	0.204999
3	V	S	0.795008	0.000004	0.204988
4	T	S	0.795016	0.000009	0.204975
5	A	S	0.795003	0.000029	0.204968
6	C	S	0.795003	0.000029	0.204968
7	Q	S	0.794984	0.000045	0.204971
8	G	S	0.794995	0.000042	0.204963
9	L	S	0.794976	0.000059	0.204965
10	G	S	0.794940	0.000072	0.204988
11	F	S	0.794906	0.000074	0.205021
12	V	S	0.794882	0.000065	0.205053
13	V	S	0.794869	0.000055	0.205076
14	S	S	0.794807	0.000104	0.205088
15	L	S	0.794759	0.000091	0.205150
16	I	S	0.794705	0.000091	0.205204
17	G	S	0.794543	0.000194	0.205262
18	I	S	0.794280	0.000290	0.205430
19	A	S	0.791862	0.002435	0.205703
20	G	S	0.785542	0.006334	0.208124
21	I	S	0.783398	0.002159	0.214442
22	I	S	0.780561	0.002843	0.216596
23	A	C	0.320332	0.460222	0.219446
24	A	X	0.129844	0.190531	0.679625
25	T	X	0.110565	0.019277	0.870158
26	C	X	0.024472	0.086096	0.889432
27	M	X	0.016807	0.007660	0.975533
28	D	X	0.012995	0.003808	0.983197
29	Q	X	0.011272	0.001721	0.987007
30	W	X	0.009742	0.001529	0.988729
31	S	X	0.007024	0.002719	0.990257
32	T	X	0.005294	0.001731	0.992975
33	Q	X	0.003830	0.001466	0.994704
34	D	X	0.002924	0.000908	0.996168
35	L	X	0.002244	0.000682	0.997074
36	Y	X	0.001767	0.000479	0.997754
37	N	X	0.001418	0.000352	0.998229
38	N	X	0.001193	0.000229	0.998578
39	P	X	0.000987	0.000210	0.998802
40	V	X	0.000817	0.000176	0.999008
41	T	X	0.000665	0.000157	0.999178
42	A	X	0.000417	0.000255	0.999328
43	V	X	0.000338	0.000083	0.999579
44	F	X	0.000293	0.000049	0.999658
45	N	X	0.000240	0.000057	0.999703
46	Y	X	0.000211	0.000035	0.999755
47	Q	X	0.000183	0.000033	0.999784
48	G	X	0.000166	0.000023	0.999811
49	L	X	0.000154	0.000018	0.999828
50	W	X	0.000139	0.000022	0.999839
51	R	X	0.000126	0.000020	0.999853
52	S	X	0.000121	0.000013	0.999867
53	C	X	0.000115	0.000014	0.999872
54	V	X	0.000112	0.000012	0.999876
55	R	X	0.000105	0.000018	0.999877
56	E	X	0.000096	0.000021	0.999883
57	S	X	0.000088	0.000017	0.999895
58	S	X	0.000083	0.000014	0.999903
59	G	X	0.000077	0.000015	0.999908
60	F	X	0.000073	0.000012	0.999915
61	T	X	0.000073	0.000008	0.999919
62	E	X	0.000071	0.000011	0.999918
63	C	X	0.000067	0.000013	0.999919
64	R	X	0.000064	0.000013	0.999923
65	G	X	0.000061	0.000012	0.999927
66	Y	X	0.000058	0.000011	0.999931
67	F	X	0.000055	0.000011	0.999934
68	T	X	0.000052	0.000012	0.999937
69	L	X	0.000048	0.000012	0.999940
70	L	X	0.000052	0.000008	0.999940
