# Name=sp_P16410_CTLA4_HUMAN
pos	aa	SP	CS	OTHER
1	M	S	0.634160	0.000004	0.365836
2	A	S	0.634153	0.000014	0.365833
3	C	S	0.634159	0.000011	0.365830
4	L	S	0.634161	0.000015	0.365824
5	G	S	0.634174	0.000012	0.365814
6	F	S	0.634189	0.000013	0.365799
7	Q	S	0.634209	0.000009	0.365782
8	R	S	0.634220	0.000017	0.365763
9	H	S	0.634235	0.000019	0.365745
10	K	S	0.634245	0.000029	0.365727
11	A	S	0.634252	0.000035	0.365713
12	Q	S	0.634280	0.000027	0.365693
13	L	S	0.634292	0.000040	0.365668
14	N	S	0.634321	0.000034	0.365645
15	L	S	0.634347	0.000037	0.365616
16	A	S	0.634369	0.000046	0.365585
17	T	S	0.634404	0.000045	0.365552
18	R	S	0.634426	0.000057	0.365516
19	T	S	0.634476	0.000047	0.365477
20	W	S	0.634530	0.000039	0.365432
21	P	S	0.634545	0.000074	0.365382
22	C	S	0.634607	0.000059	0.365334
23	T	S	0.634671	0.000050	0.365279
24	L	S	0.634751	0.000049	0.365200
25	L	S	0.634852	0.000034	0.365114
26	F	S	0.634955	0.000024	0.365021
27	F	S	0.635043	0.000017	0.364939
28	L	S	0.635111	0.000022	0.364867
29	L	S	0.635153	0.000037	0.364810
30	F	S	0.635162	0.000064	0.364775
31	I	S	0.635204	0.000028	0.364768
32	P	S	0.635131	0.000136	0.364733
33	V	S	0.635028	0.000159	0.364813
34	F	S	0.634245	0.000821	0.364933
35	C	S	0.437165	0.197103	0.365733
36	K	S	0.427844	0.009382	0.562774
37	A	C	0.042760	0.385164	0.572076
38	M	X	0.039838	0.002932	0.957230
39	H	X	0.034893	0.004952	0.960154
40	V	X	0.028997	0.005905	0.965097
41	A	X	0.022616	0.006392	0.970992
42	Q	X	0.020547	0.002078	0.977375
43	P	X	0.013663	0.006899	0.979438
44	A	X	0.011319	0.002354	0.986327
45	V	X	0.010605	0.000724	0.988671
46	V	X	0.009866	0.000752	0.989382
47	L	X	0.008631	0.001251	0.990118
48	A	X	0.006100	0.002551	0.991350
49	S	X	0.005106	0.001008	0.993886
50	S	X	0.004291	0.000830	0.994879
51	R	X	0.003552	0.000754	0.995695
52	G	X	0.002888	0.000677	0.996435
53	I	X	0.002453	0.000446	0.997101
54	A	X	0.001986	0.000478	0.997536
55	S	X	0.001586	0.000411	0.998003
56	F	X	0.001398	0.000197	0.998406
57	V	X	0.001224	0.000182	0.998593
58	C	X	0.001094	0.000140	0.998766
59	E	X	0.000997	0.000108	0.998895
60	Y	X	0.000859	0.000151	0.998990
61	A	X	0.000745	0.000127	0.999128
62	S	X	0.000689	0.000066	0.999244
63	P	X	0.000606	0.000097	0.999297
64	G	X	0.000534	0.000084	0.999381
65	K	X	0.000448	0.000099	0.999453
66	A	X	0.000361	0.000099	0.999540
67	T	X	0.000298	0.000073	0.999628
68	E	X	0.000225	0.000083	0.999692
69	V	X	0.000169	0.000064	0.999767
70	R	X	0.000157	0.000022	0.999820
