# Name=sp_P29317_EPHA2_HUMAN
pos	aa	SP	CS	OTHER
1	M	S	0.974031	0.000002	0.025967
2	E	S	0.974058	0.000003	0.025940
3	L	S	0.974085	0.000001	0.025914
4	Q	S	0.974110	0.000001	0.025889
5	A	S	0.974134	0.000002	0.025864
6	A	S	0.974159	0.000002	0.025839
7	R	S	0.974183	0.000004	0.025814
8	A	S	0.974200	0.000009	0.025790
9	C	S	0.974231	0.000005	0.025764
10	F	S	0.974255	0.000008	0.025737
11	A	S	0.974280	0.000009	0.025711
12	L	S	0.974310	0.000004	0.025686
13	L	S	0.974334	0.000006	0.025660
14	W	S	0.974352	0.000009	0.025639
15	G	S	0.974306	0.000068	0.025626
16	C	S	0.974263	0.000063	0.025674
17	A	S	0.974015	0.000263	0.025722
18	L	S	0.973515	0.000509	0.025976
19	A	S	0.954230	0.019287	0.026483
20	A	S	0.948080	0.006156	0.045764
21	A	S	0.852766	0.095306	0.051928
22	A	S	0.762202	0.090562	0.147235
23	A	C	0.497910	0.264290	0.237800
24	A	X	0.278756	0.219180	0.502064
25	Q	X	0.262428	0.016334	0.721238
26	G	X	0.024587	0.237855	0.737558
27	K	X	0.018633	0.005949	0.975418
28	E	X	0.015201	0.003428	0.981371
29	V	X	0.013224	0.001975	0.984801
30	V	X	0.011894	0.001330	0.986776
31	L	X	0.010329	0.001566	0.988104
32	L	X	0.009122	0.001210	0.989668
33	D	X	0.008334	0.000792	0.990874
34	F	X	0.007187	0.001151	0.991661
35	A	X	0.005756	0.001437	0.992807
36	A	X	0.004532	0.001230	0.994238
37	A	X	0.003154	0.001383	0.995463
38	G	X	0.002205	0.000953	0.996842
39	G	X	0.001679	0.000529	0.997792
40	E	X	0.001404	0.000277	0.998320
41	L	X	0.001144	0.000262	0.998594
42	G	X	0.000961	0.000185	0.998854
43	W	X	0.000812	0.000152	0.999036
44	L	X	0.000688	0.000127	0.999186
45	T	X	0.000611	0.000079	0.999310
46	H	X	0.000557	0.000057	0.999386
47	P	X	0.000479	0.000081	0.999440
48	Y	X	0.000419	0.000063	0.999518
49	G	X	0.000372	0.000050	0.999578
50	K	X	0.000327	0.000048	0.999625
51	G	X	0.000286	0.000045	0.999669
52	W	X	0.000261	0.000028	0.999711
53	D	X	0.000242	0.000023	0.999735
54	L	X	0.000223	0.000023	0.999754
55	M	X	0.000200	0.000028	0.999772
56	Q	X	0.000180	0.000026	0.999795
57	N	X	0.000160	0.000025	0.999815
58	I	X	0.000143	0.000022	0.999835
59	M	X	0.000124	0.000023	0.999852
60	N	X	0.000109	0.000021	0.999871
61	D	X	0.000095	0.000019	0.999887
62	M	X	0.000082	0.000017	0.999901
63	P	X	0.000070	0.000016	0.999914
64	I	X	0.000065	0.000010	0.999926
65	Y	X	0.000059	0.000010	0.999931
66	M	X	0.000050	0.000013	0.999937
67	Y	X	0.000041	0.000013	0.999946
68	S	X	0.000034	0.000011	0.999955
69	V	X	0.000031	0.000007	0.999963
70	C	X	0.000033	0.000005	0.999963
