# Name=sp_Q12884_SEPR_HUMAN
# pos	aa	SP	CS	OTHER
1	M	X	0.164102	0.000013	0.835885
2	K	X	0.163961	0.000039	0.836000
3	T	X	0.163852	0.000022	0.836126
4	W	X	0.163757	0.000014	0.836229
5	V	X	0.163669	0.000011	0.836320
6	K	X	0.163583	0.000012	0.836405
7	I	X	0.163496	0.000016	0.836487
8	V	X	0.163415	0.000015	0.836570
9	F	X	0.163331	0.000021	0.836648
10	G	X	0.163213	0.000057	0.836730
11	V	X	0.163104	0.000050	0.836845
12	A	X	0.162917	0.000129	0.836954
13	T	X	0.162686	0.000174	0.837139
14	S	X	0.162035	0.000593	0.837372
15	A	X	0.160892	0.001089	0.838018
16	V	X	0.160252	0.000596	0.839153
17	L	X	0.158837	0.001373	0.839790
18	A	X	0.143121	0.015685	0.841194
19	L	X	0.142331	0.000784	0.856886
20	L	X	0.140976	0.001351	0.857673
21	V	X	0.140136	0.000841	0.859022
22	M	X	0.138440	0.001701	0.859859
23	C	X	0.102762	0.035689	0.861549
24	I	X	0.101040	0.001734	0.897226
25	V	X	0.093561	0.007495	0.898945
26	L	X	0.088646	0.004932	0.906422
27	R	X	0.085781	0.002881	0.911337
28	P	X	0.071930	0.013876	0.914194
29	S	X	0.069318	0.002632	0.928050
30	R	X	0.066082	0.003257	0.930662
31	V	X	0.044045	0.022061	0.933894
32	H	X	0.042946	0.001123	0.955931
33	N	X	0.008945	0.034043	0.957012
34	S	X	0.006919	0.002040	0.991041
35	E	X	0.005899	0.001032	0.993069
36	E	X	0.005020	0.000892	0.994088
37	N	X	0.004488	0.000546	0.994966
38	T	X	0.003984	0.000519	0.995496
39	M	X	0.003537	0.000464	0.995999
40	R	X	0.002909	0.000649	0.996442
41	A	X	0.002368	0.000560	0.997072
42	L	X	0.002106	0.000276	0.997618
43	T	X	0.001812	0.000309	0.997879
44	L	X	0.001546	0.000280	0.998174
45	K	X	0.001325	0.000234	0.998441
46	D	X	0.001161	0.000177	0.998662
47	I	X	0.001017	0.000156	0.998826
48	L	X	0.000915	0.000116	0.998970
49	N	X	0.000808	0.000121	0.999071
50	G	X	0.000716	0.000107	0.999176
51	T	X	0.000651	0.000079	0.999270
52	F	X	0.000588	0.000078	0.999334
53	S	X	0.000516	0.000088	0.999396
54	Y	X	0.000454	0.000077	0.999469
55	K	X	0.000392	0.000076	0.999532
56	T	X	0.000345	0.000060	0.999595
57	F	X	0.000308	0.000049	0.999643
58	F	X	0.000275	0.000045	0.999679
59	P	X	0.000247	0.000041	0.999712
60	N	X	0.000233	0.000026	0.999741
61	W	X	0.000218	0.000029	0.999753
62	I	X	0.000204	0.000030	0.999766
63	S	X	0.000187	0.000033	0.999780
64	G	X	0.000163	0.000042	0.999795
65	Q	X	0.000142	0.000036	0.999822
66	E	X	0.000123	0.000032	0.999845
67	Y	X	0.000101	0.000036	0.999863
68	L	X	0.000077	0.000035	0.999888
69	H	X	0.000059	0.000028	0.999913
70	Q	X	0.000061	0.000008	0.999931
