# Name=sp_P36888_FLT3_HUMAN
# pos	aa	SP	CS	OTHER
1	M	S	0.609371	0.000004	0.390626
2	P	S	0.609369	0.000008	0.390623
3	A	S	0.609378	0.000004	0.390619
4	L	S	0.609383	0.000005	0.390611
5	A	S	0.609380	0.000017	0.390603
6	R	S	0.609387	0.000013	0.390601
7	D	S	0.609397	0.000011	0.390591
8	G	S	0.609400	0.000020	0.390579
9	G	S	0.609378	0.000047	0.390575
10	Q	S	0.609349	0.000060	0.390591
11	L	S	0.609299	0.000081	0.390620
12	P	S	0.609233	0.000099	0.390668
13	L	S	0.609187	0.000083	0.390731
14	L	S	0.609159	0.000064	0.390778
15	V	S	0.609117	0.000074	0.390809
16	V	S	0.609075	0.000070	0.390855
17	F	S	0.608970	0.000126	0.390904
18	S	S	0.608305	0.000677	0.391018
19	A	S	0.607358	0.000955	0.391688
20	M	S	0.605984	0.001377	0.392639
21	I	S	0.603894	0.002084	0.394022
22	F	S	0.600390	0.003488	0.396122
23	G	S	0.528707	0.071649	0.399643
24	T	S	0.517401	0.011278	0.471321
25	I	S	0.508315	0.009041	0.482644
26	T	S	0.390793	0.117461	0.491745
27	N	C	0.231799	0.158950	0.609251
28	Q	X	0.063968	0.167802	0.768230
29	D	X	0.036335	0.027610	0.936055
30	L	X	0.032657	0.003661	0.963682
31	P	X	0.026319	0.006326	0.967354
32	V	X	0.021537	0.004775	0.973688
33	I	X	0.019889	0.001644	0.978467
34	K	X	0.013696	0.006195	0.980109
35	C	X	0.007211	0.006491	0.986298
36	V	X	0.006587	0.000628	0.992785
37	L	X	0.005962	0.000631	0.993407
38	I	X	0.005501	0.000469	0.994030
39	N	X	0.005033	0.000477	0.994489
40	H	X	0.004517	0.000528	0.994955
41	K	X	0.003909	0.000621	0.995470
42	N	X	0.003492	0.000429	0.996079
43	N	X	0.003139	0.000364	0.996496
44	D	X	0.002823	0.000328	0.996849
45	S	X	0.002494	0.000342	0.997164
46	S	X	0.002238	0.000269	0.997493
47	V	X	0.002022	0.000229	0.997749
48	G	X	0.001810	0.000225	0.997964
49	K	X	0.001564	0.000261	0.998176
50	S	X	0.001380	0.000197	0.998423
51	S	X	0.001194	0.000199	0.998607
52	S	X	0.001054	0.000153	0.998793
53	Y	X	0.000966	0.000099	0.998935
54	P	X	0.000874	0.000104	0.999022
55	M	X	0.000779	0.000107	0.999114
56	V	X	0.000710	0.000082	0.999208
57	S	X	0.000632	0.000091	0.999277
58	E	X	0.000550	0.000096	0.999354
59	S	X	0.000481	0.000082	0.999437
60	P	X	0.000417	0.000076	0.999507
61	E	X	0.000356	0.000073	0.999572
62	D	X	0.000313	0.000053	0.999634
63	L	X	0.000275	0.000049	0.999677
64	G	X	0.000236	0.000049	0.999715
65	C	X	0.000206	0.000040	0.999753
66	A	X	0.000173	0.000044	0.999783
67	L	X	0.000144	0.000038	0.999817
68	R	X	0.000109	0.000045	0.999846
69	P	X	0.000082	0.000035	0.999882
70	Q	X	0.000082	0.000008	0.999910
