# Name=sp_P26951_IL3RA_HUMAN
pos	aa	SP	CS	OTHER
1	M	S	0.993704	0.000001	0.006295
2	V	S	0.993715	0.000003	0.006281
3	L	S	0.993728	0.000003	0.006269
4	L	S	0.993741	0.000002	0.006257
5	W	S	0.993754	0.000002	0.006244
6	L	S	0.993767	0.000001	0.006232
7	T	S	0.993777	0.000001	0.006221
8	L	S	0.993786	0.000002	0.006212
9	L	S	0.993788	0.000006	0.006206
10	L	S	0.993777	0.000016	0.006206
11	I	S	0.993618	0.000162	0.006219
12	A	S	0.992069	0.001551	0.006381
13	L	S	0.990966	0.001102	0.007932
14	P	S	0.974019	0.016939	0.009043
15	C	S	0.960433	0.013579	0.025988
16	L	S	0.938247	0.022165	0.039587
17	L	S	0.730179	0.208037	0.061784
18	Q	S	0.581038	0.149130	0.269832
19	T	C	0.119067	0.461979	0.418954
20	K	X	0.095442	0.023618	0.880939
21	E	X	0.020351	0.075083	0.904566
22	D	X	0.017347	0.002997	0.979656
23	P	X	0.011490	0.005853	0.982656
24	N	X	0.009786	0.001703	0.988512
25	P	X	0.008960	0.000825	0.990215
26	P	X	0.007764	0.001198	0.991038
27	I	X	0.007033	0.000733	0.992234
28	T	X	0.006574	0.000463	0.992963
29	N	X	0.005992	0.000589	0.993420
30	L	X	0.005482	0.000517	0.994001
31	R	X	0.004857	0.000635	0.994508
32	M	X	0.004315	0.000552	0.995133
33	K	X	0.003714	0.000613	0.995673
34	A	X	0.003163	0.000563	0.996275
35	K	X	0.002665	0.000510	0.996826
36	A	X	0.001290	0.001386	0.997324
37	Q	X	0.001047	0.000248	0.998705
38	Q	X	0.000854	0.000197	0.998949
39	L	X	0.000728	0.000130	0.999142
40	T	X	0.000641	0.000091	0.999268
41	W	X	0.000564	0.000082	0.999354
42	D	X	0.000486	0.000084	0.999431
43	L	X	0.000428	0.000064	0.999509
44	N	X	0.000369	0.000065	0.999567
45	R	X	0.000308	0.000066	0.999626
46	N	X	0.000256	0.000057	0.999687
47	V	X	0.000220	0.000041	0.999739
48	T	X	0.000186	0.000038	0.999776
49	D	X	0.000160	0.000031	0.999810
50	I	X	0.000148	0.000015	0.999837
51	E	X	0.000132	0.000021	0.999847
52	C	X	0.000114	0.000023	0.999863
53	V	X	0.000105	0.000014	0.999881
54	K	X	0.000094	0.000016	0.999890
55	D	X	0.000082	0.000018	0.999900
56	A	X	0.000070	0.000017	0.999913
57	D	X	0.000065	0.000010	0.999925
58	Y	X	0.000058	0.000011	0.999930
59	S	X	0.000052	0.000011	0.999937
60	M	X	0.000049	0.000007	0.999943
61	P	X	0.000043	0.000011	0.999945
62	A	X	0.000037	0.000011	0.999952
63	V	X	0.000035	0.000005	0.999959
64	N	X	0.000031	0.000008	0.999961
65	N	X	0.000027	0.000009	0.999964
66	S	X	0.000023	0.000007	0.999970
67	Y	X	0.000020	0.000007	0.999973
68	C	X	0.000016	0.000008	0.999976
69	Q	X	0.000014	0.000005	0.999980
70	F	X	0.000016	0.000002	0.999982
