# Name=sp_P32004_L1CAM_HUMAN
pos	aa	SP	CS	OTHER
1	M	S	0.882046	0.000004	0.117950
2	V	S	0.882056	0.000007	0.117938
3	V	S	0.882062	0.000009	0.117929
4	A	S	0.882067	0.000012	0.117921
5	L	S	0.882071	0.000014	0.117915
6	R	S	0.882078	0.000013	0.117909
7	Y	S	0.882077	0.000021	0.117902
8	V	S	0.882088	0.000012	0.117900
9	W	S	0.882103	0.000010	0.117887
10	P	S	0.882068	0.000056	0.117875
11	L	S	0.882070	0.000018	0.117912
12	L	S	0.882018	0.000066	0.117916
13	L	S	0.881530	0.000495	0.117975
14	C	S	0.880663	0.000874	0.118463
15	S	S	0.879529	0.001134	0.119337
16	P	S	0.871317	0.008201	0.120482
17	C	S	0.857629	0.013678	0.128693
18	L	S	0.838563	0.019037	0.142400
19	L	C	0.380039	0.458483	0.161478
20	I	X	0.120561	0.259487	0.619951
21	Q	X	0.075731	0.044809	0.879460
22	I	X	0.070374	0.005336	0.924290
23	P	X	0.055974	0.014385	0.929641
24	E	X	0.050293	0.005670	0.944038
25	E	X	0.040870	0.009414	0.949716
26	Y	X	0.035658	0.005207	0.959134
27	E	X	0.031394	0.004263	0.964343
28	G	X	0.016190	0.015205	0.968604
29	H	X	0.014058	0.002134	0.983808
30	H	X	0.011770	0.002292	0.985939
31	V	X	0.009813	0.001961	0.988226
32	M	X	0.008364	0.001454	0.990182
33	E	X	0.007621	0.000749	0.991630
34	P	X	0.006967	0.000661	0.992373
35	P	X	0.006215	0.000760	0.993025
36	V	X	0.005822	0.000402	0.993776
37	I	X	0.005416	0.000417	0.994167
38	T	X	0.004824	0.000605	0.994571
39	E	X	0.004284	0.000553	0.995162
40	Q	X	0.003733	0.000565	0.995702
41	S	X	0.003411	0.000335	0.996254
42	P	X	0.003002	0.000421	0.996576
43	R	X	0.002571	0.000445	0.996984
44	R	X	0.002199	0.000385	0.997416
45	L	X	0.001907	0.000302	0.997791
46	V	X	0.001687	0.000229	0.998084
47	V	X	0.001520	0.000175	0.998304
48	F	X	0.001370	0.000159	0.998471
49	P	X	0.001171	0.000209	0.998621
50	T	X	0.001023	0.000156	0.998821
51	D	X	0.000950	0.000081	0.998969
52	D	X	0.000867	0.000092	0.999041
53	I	X	0.000801	0.000075	0.999124
54	S	X	0.000724	0.000088	0.999189
55	L	X	0.000680	0.000053	0.999266
56	K	X	0.000611	0.000080	0.999308
57	C	X	0.000553	0.000070	0.999377
58	E	X	0.000500	0.000066	0.999434
59	A	X	0.000441	0.000073	0.999486
60	S	X	0.000395	0.000058	0.999547
61	G	X	0.000350	0.000057	0.999593
62	K	X	0.000312	0.000048	0.999640
63	P	X	0.000278	0.000044	0.999678
64	E	X	0.000241	0.000047	0.999712
65	V	X	0.000220	0.000030	0.999750
66	Q	X	0.000188	0.000041	0.999771
67	F	X	0.000157	0.000041	0.999802
68	R	X	0.000126	0.000039	0.999835
69	W	X	0.000097	0.000036	0.999867
70	T	X	0.000092	0.000014	0.999895
