# Name=sp_P08581_MET_HUMAN
# pos	aa	SP	CS	OTHER
1	M	S	0.991129	0.000002	0.008869
2	K	S	0.991147	0.000005	0.008848
3	A	S	0.991168	0.000003	0.008829
4	P	S	0.991190	0.000002	0.008808
5	A	S	0.991212	0.000002	0.008786
6	V	S	0.991234	0.000001	0.008764
7	L	S	0.991257	0.000002	0.008742
8	A	S	0.991279	0.000003	0.008719
9	P	S	0.991300	0.000004	0.008696
10	G	S	0.991308	0.000016	0.008675
11	I	S	0.991327	0.000006	0.008667
12	L	S	0.991339	0.000011	0.008650
13	V	S	0.991354	0.000008	0.008638
14	L	S	0.991364	0.000011	0.008625
15	L	S	0.991353	0.000028	0.008619
16	F	S	0.991325	0.000042	0.008633
17	T	S	0.991187	0.000149	0.008664
18	L	S	0.990778	0.000416	0.008806
19	V	S	0.989253	0.001528	0.009219
20	Q	S	0.987390	0.001863	0.010747
21	R	S	0.964464	0.022922	0.012614
22	S	S	0.959011	0.005456	0.035533
23	N	S	0.955716	0.003292	0.040993
24	G	C	0.083712	0.872001	0.044287
25	E	X	0.081593	0.002145	0.916261
26	C	X	0.015560	0.066051	0.918390
27	K	X	0.013758	0.001806	0.984435
28	E	X	0.012230	0.001535	0.986235
29	A	X	0.010473	0.001765	0.987762
30	L	X	0.009260	0.001224	0.989516
31	A	X	0.003379	0.005893	0.990727
32	K	X	0.002548	0.000837	0.996615
33	S	X	0.001852	0.000701	0.997447
34	E	X	0.001504	0.000352	0.998144
35	M	X	0.001214	0.000294	0.998492
36	N	X	0.001016	0.000202	0.998782
37	V	X	0.000910	0.000110	0.998980
38	N	X	0.000791	0.000124	0.999085
39	M	X	0.000677	0.000120	0.999204
40	K	X	0.000584	0.000098	0.999318
41	Y	X	0.000521	0.000069	0.999411
42	Q	X	0.000461	0.000065	0.999474
43	L	X	0.000424	0.000043	0.999533
44	P	X	0.000387	0.000044	0.999570
45	N	X	0.000350	0.000044	0.999606
46	F	X	0.000318	0.000039	0.999642
47	T	X	0.000277	0.000049	0.999673
48	A	X	0.000239	0.000046	0.999715
49	E	X	0.000213	0.000032	0.999755
50	T	X	0.000193	0.000025	0.999781
51	P	X	0.000175	0.000024	0.999801
52	I	X	0.000163	0.000019	0.999819
53	Q	X	0.000152	0.000017	0.999831
54	N	X	0.000141	0.000018	0.999841
55	V	X	0.000136	0.000012	0.999852
56	I	X	0.000131	0.000012	0.999856
57	L	X	0.000124	0.000016	0.999860
58	H	X	0.000118	0.000015	0.999867
59	E	X	0.000110	0.000016	0.999873
60	H	X	0.000103	0.000016	0.999881
61	H	X	0.000096	0.000016	0.999888
62	I	X	0.000090	0.000014	0.999895
63	F	X	0.000084	0.000015	0.999902
64	L	X	0.000075	0.000017	0.999908
65	G	X	0.000065	0.000018	0.999917
66	A	X	0.000054	0.000018	0.999928
67	T	X	0.000046	0.000014	0.999940
68	N	X	0.000037	0.000014	0.999949
69	Y	X	0.000029	0.000013	0.999958
70	I	X	0.000031	0.000004	0.999966
