# Name=sp_Q13421_MSLN_HUMAN
pos	aa	SP	CS	OTHER
1	M	S	0.819871	0.000004	0.180125
2	A	S	0.819878	0.000007	0.180115
3	L	S	0.819889	0.000004	0.180107
4	P	S	0.819901	0.000003	0.180096
5	T	S	0.819913	0.000004	0.180083
6	A	S	0.819923	0.000007	0.180071
7	R	S	0.819930	0.000009	0.180061
8	P	S	0.819933	0.000016	0.180051
9	L	S	0.819944	0.000015	0.180041
10	L	S	0.819955	0.000015	0.180031
11	G	S	0.819948	0.000032	0.180020
12	S	S	0.819902	0.000071	0.180027
13	C	S	0.819889	0.000063	0.180048
14	G	S	0.819864	0.000069	0.180067
15	T	S	0.819872	0.000045	0.180083
16	P	S	0.819865	0.000055	0.180080
17	A	S	0.819835	0.000079	0.180086
18	L	S	0.819822	0.000062	0.180116
19	G	S	0.819627	0.000249	0.180124
20	S	S	0.819602	0.000093	0.180305
21	L	S	0.819631	0.000064	0.180305
22	L	S	0.819665	0.000045	0.180289
23	F	S	0.819705	0.000029	0.180265
24	L	S	0.819735	0.000029	0.180236
25	L	S	0.819752	0.000031	0.180217
26	F	S	0.819725	0.000064	0.180212
27	S	S	0.819531	0.000220	0.180249
28	L	S	0.819114	0.000437	0.180450
29	G	S	0.814741	0.004383	0.180876
30	W	S	0.813045	0.001705	0.185249
31	V	S	0.782067	0.030980	0.186953
32	Q	S	0.781026	0.001057	0.217917
33	P	S	0.668016	0.113016	0.218968
34	S	S	0.663334	0.004722	0.331943
35	R	S	0.657174	0.006179	0.336647
36	T	S	0.483953	0.173240	0.342807
37	L	S	0.476336	0.007664	0.516000
38	A	C	0.041632	0.434761	0.523608
39	G	X	0.018651	0.023005	0.958343
40	E	X	0.016081	0.002573	0.981346
41	T	X	0.014060	0.002026	0.983915
42	G	X	0.011965	0.002101	0.985934
43	Q	X	0.010191	0.001782	0.988027
44	E	X	0.008484	0.001717	0.989799
45	A	X	0.006072	0.002422	0.991506
46	A	X	0.005251	0.000829	0.993920
47	P	X	0.004375	0.000884	0.994741
48	L	X	0.003751	0.000633	0.995616
49	D	X	0.003415	0.000345	0.996240
50	G	X	0.003021	0.000405	0.996574
51	V	X	0.002776	0.000257	0.996967
52	L	X	0.002392	0.000398	0.997210
53	A	X	0.001840	0.000569	0.997591
54	N	X	0.001692	0.000160	0.998148
55	P	X	0.001518	0.000186	0.998296
56	P	X	0.001333	0.000197	0.998470
57	N	X	0.001215	0.000130	0.998655
58	I	X	0.001126	0.000102	0.998772
59	S	X	0.001015	0.000126	0.998859
60	S	X	0.000892	0.000139	0.998970
61	L	X	0.000790	0.000117	0.999093
62	S	X	0.000703	0.000102	0.999195
63	P	X	0.000602	0.000116	0.999282
64	R	X	0.000494	0.000122	0.999384
65	Q	X	0.000408	0.000098	0.999494
66	L	X	0.000327	0.000092	0.999581
67	L	X	0.000251	0.000086	0.999663
68	G	X	0.000179	0.000080	0.999740
69	F	X	0.000127	0.000060	0.999813
70	P	X	0.000121	0.000014	0.999865
