# Name=sp_P13591_NCAM1_HUMAN
pos	aa	SP	CS	OTHER
1	M	S	0.928245	0.000005	0.071750
2	L	S	0.928274	0.000007	0.071720
3	Q	S	0.928301	0.000005	0.071694
4	T	S	0.928328	0.000004	0.071668
5	K	S	0.928355	0.000005	0.071640
6	D	S	0.928381	0.000006	0.071612
7	L	S	0.928393	0.000021	0.071586
8	I	S	0.928417	0.000011	0.071572
9	W	S	0.928419	0.000033	0.071547
10	T	S	0.928400	0.000055	0.071545
11	L	S	0.928418	0.000017	0.071565
12	F	S	0.928424	0.000025	0.071551
13	F	S	0.928417	0.000033	0.071550
14	L	S	0.928358	0.000079	0.071563
15	G	S	0.928110	0.000261	0.071629
16	T	S	0.927059	0.001058	0.071883
17	A	S	0.913763	0.013292	0.072944
18	V	S	0.900402	0.013349	0.086249
19	S	C	0.316711	0.583666	0.099622
20	L	X	0.205354	0.111383	0.683263
21	Q	X	0.112178	0.093176	0.794646
22	V	X	0.076071	0.036103	0.887825
23	D	X	0.073802	0.002267	0.923931
24	I	X	0.064004	0.009799	0.926197
25	V	X	0.062835	0.001174	0.935991
26	P	X	0.055104	0.007738	0.937158
27	S	X	0.044407	0.010707	0.944887
28	Q	X	0.041068	0.003349	0.955583
29	G	X	0.006731	0.034353	0.958917
30	E	X	0.005532	0.001201	0.993267
31	I	X	0.004821	0.000714	0.994465
32	S	X	0.004192	0.000634	0.995174
33	V	X	0.003639	0.000558	0.995803
34	G	X	0.003086	0.000559	0.996355
35	E	X	0.002619	0.000474	0.996907
36	S	X	0.002173	0.000452	0.997375
37	K	X	0.001836	0.000343	0.997821
38	F	X	0.001591	0.000251	0.998158
39	F	X	0.001411	0.000186	0.998403
40	L	X	0.001227	0.000190	0.998582
41	C	X	0.001088	0.000147	0.998765
42	Q	X	0.000973	0.000123	0.998904
43	V	X	0.000880	0.000101	0.999019
44	A	X	0.000782	0.000107	0.999111
45	G	X	0.000682	0.000110	0.999208
46	D	X	0.000601	0.000091	0.999309
47	A	X	0.000511	0.000098	0.999390
48	K	X	0.000441	0.000079	0.999481
49	D	X	0.000386	0.000062	0.999552
50	K	X	0.000336	0.000057	0.999607
51	D	X	0.000300	0.000043	0.999658
52	I	X	0.000275	0.000030	0.999694
53	S	X	0.000256	0.000025	0.999718
54	W	X	0.000236	0.000028	0.999736
55	F	X	0.000216	0.000028	0.999756
56	S	X	0.000204	0.000021	0.999775
57	P	X	0.000193	0.000021	0.999787
58	N	X	0.000177	0.000025	0.999797
59	G	X	0.000166	0.000022	0.999813
60	E	X	0.000154	0.000022	0.999824
61	K	X	0.000140	0.000024	0.999836
62	L	X	0.000128	0.000022	0.999850
63	T	X	0.000120	0.000018	0.999863
64	P	X	0.000109	0.000021	0.999871
65	N	X	0.000097	0.000021	0.999882
66	Q	X	0.000086	0.000020	0.999895
67	Q	X	0.000072	0.000022	0.999906
68	R	X	0.000057	0.000022	0.999921
69	I	X	0.000048	0.000015	0.999938
70	S	X	0.000049	0.000006	0.999945
