# Name=sp_Q9BZM4_ULBP3_HUMAN
# pos	aa	SP	CS	OTHER
1	M	S	0.563135	0.000002	0.436864
2	A	S	0.563148	0.000005	0.436848
3	A	S	0.563179	0.000003	0.436818
4	A	S	0.563209	0.000007	0.436785
5	A	S	0.563244	0.000012	0.436744
6	S	S	0.563295	0.000006	0.436699
7	P	S	0.563351	0.000007	0.436642
8	A	S	0.563406	0.000011	0.436583
9	I	S	0.563466	0.000012	0.436522
10	L	S	0.563528	0.000012	0.436460
11	P	S	0.563587	0.000017	0.436396
12	R	S	0.563656	0.000014	0.436330
13	L	S	0.563719	0.000022	0.436259
14	A	S	0.563759	0.000050	0.436192
15	I	S	0.563823	0.000034	0.436143
16	L	S	0.563896	0.000028	0.436076
17	P	S	0.563951	0.000045	0.436003
18	Y	S	0.564025	0.000028	0.435947
19	L	S	0.564047	0.000078	0.435875
20	L	S	0.564071	0.000079	0.435850
21	F	S	0.564090	0.000086	0.435824
22	D	S	0.564151	0.000046	0.435803
23	W	S	0.564176	0.000069	0.435755
24	S	S	0.563997	0.000256	0.435747
25	G	S	0.563633	0.000423	0.435944
26	T	S	0.553637	0.010037	0.436327
27	G	S	0.529365	0.024317	0.446318
28	R	S	0.506352	0.023072	0.470576
29	A	S	0.270768	0.235670	0.493562
30	D	S	0.267753	0.003128	0.729119
31	A	C	0.013069	0.254844	0.732087
32	H	X	0.011498	0.001586	0.986916
33	S	X	0.001854	0.009669	0.988477
34	L	X	0.001330	0.000527	0.998144
35	W	X	0.001064	0.000268	0.998668
36	Y	X	0.000893	0.000175	0.998932
37	N	X	0.000774	0.000122	0.999104
38	F	X	0.000677	0.000101	0.999221
39	T	X	0.000588	0.000095	0.999317
40	I	X	0.000530	0.000064	0.999406
41	I	X	0.000491	0.000046	0.999463
42	H	X	0.000452	0.000047	0.999501
43	L	X	0.000416	0.000046	0.999539
44	P	X	0.000375	0.000051	0.999574
45	R	X	0.000326	0.000060	0.999615
46	H	X	0.000283	0.000053	0.999663
47	G	X	0.000221	0.000074	0.999706
48	Q	X	0.000188	0.000041	0.999771
49	Q	X	0.000175	0.000021	0.999804
50	W	X	0.000162	0.000022	0.999816
51	C	X	0.000151	0.000021	0.999828
52	E	X	0.000147	0.000015	0.999839
53	V	X	0.000144	0.000015	0.999841
54	Q	X	0.000136	0.000022	0.999842
55	S	X	0.000119	0.000031	0.999849
56	Q	X	0.000112	0.000019	0.999869
57	V	X	0.000107	0.000015	0.999878
58	D	X	0.000102	0.000015	0.999883
59	Q	X	0.000092	0.000022	0.999887
60	K	X	0.000083	0.000019	0.999898
61	N	X	0.000078	0.000014	0.999908
62	F	X	0.000072	0.000015	0.999913
63	L	X	0.000064	0.000017	0.999919
64	S	X	0.000056	0.000017	0.999928
65	Y	X	0.000050	0.000013	0.999937
66	D	X	0.000042	0.000015	0.999943
67	C	X	0.000036	0.000012	0.999952
68	G	X	0.000030	0.000012	0.999958
69	S	X	0.000026	0.000010	0.999964
70	D	X	0.000029	0.000003	0.999968
