# Name=sp_Q01974_ROR2_HUMAN
pos	aa	SP	CS	OTHER
1	M	S	0.979518	0.000002	0.020480
2	A	S	0.979537	0.000006	0.020457
3	R	S	0.979556	0.000004	0.020439
4	G	S	0.979575	0.000005	0.020420
5	S	S	0.979596	0.000004	0.020400
6	A	S	0.979617	0.000004	0.020379
7	L	S	0.979639	0.000003	0.020358
8	P	S	0.979658	0.000004	0.020338
9	R	S	0.979675	0.000006	0.020319
10	R	S	0.979688	0.000010	0.020302
11	P	S	0.979692	0.000022	0.020286
12	L	S	0.979706	0.000014	0.020281
13	L	S	0.979715	0.000020	0.020265
14	C	S	0.979732	0.000015	0.020253
15	I	S	0.979754	0.000009	0.020237
16	P	S	0.979772	0.000010	0.020218
17	A	S	0.979778	0.000020	0.020202
18	V	S	0.979793	0.000010	0.020197
19	W	S	0.979776	0.000039	0.020186
20	A	S	0.979378	0.000415	0.020207
21	A	S	0.979198	0.000201	0.020601
22	A	S	0.977851	0.001361	0.020789
23	A	S	0.975282	0.002584	0.022134
24	L	S	0.974453	0.000848	0.024699
25	L	S	0.972710	0.001757	0.025533
26	L	S	0.970762	0.001960	0.027277
27	S	S	0.966284	0.004488	0.029229
28	V	S	0.960872	0.005419	0.033709
29	S	S	0.942661	0.018214	0.039125
30	R	S	0.921053	0.021610	0.057337
31	T	S	0.839378	0.081676	0.078946
32	S	S	0.817656	0.021738	0.160606
33	G	C	0.036874	0.780810	0.182316
34	E	X	0.021899	0.014993	0.963108
35	V	X	0.012250	0.009652	0.978099
36	E	X	0.010304	0.001947	0.987749
37	V	X	0.007039	0.003269	0.989693
38	L	X	0.005716	0.001325	0.992959
39	D	X	0.004999	0.000720	0.994281
40	P	X	0.003973	0.001029	0.994998
41	N	X	0.003227	0.000749	0.996023
42	D	X	0.002935	0.000296	0.996769
43	P	X	0.002457	0.000483	0.997061
44	L	X	0.002035	0.000426	0.997539
45	G	X	0.001853	0.000186	0.997961
46	P	X	0.001601	0.000257	0.998142
47	L	X	0.001334	0.000272	0.998394
48	D	X	0.001133	0.000207	0.998660
49	G	X	0.000877	0.000262	0.998862
50	Q	X	0.000705	0.000176	0.999119
51	D	X	0.000600	0.000108	0.999291
52	G	X	0.000519	0.000086	0.999396
53	P	X	0.000452	0.000071	0.999477
54	I	X	0.000410	0.000045	0.999544
55	P	X	0.000373	0.000041	0.999585
56	T	X	0.000331	0.000047	0.999622
57	L	X	0.000301	0.000035	0.999665
58	K	X	0.000264	0.000042	0.999694
59	G	X	0.000230	0.000039	0.999731
60	Y	X	0.000209	0.000026	0.999765
61	F	X	0.000189	0.000025	0.999785
62	L	X	0.000175	0.000020	0.999805
63	N	X	0.000160	0.000022	0.999818
64	F	X	0.000141	0.000026	0.999833
65	L	X	0.000121	0.000027	0.999852
66	E	X	0.000105	0.000022	0.999873
67	P	X	0.000085	0.000027	0.999888
68	V	X	0.000067	0.000024	0.999909
69	N	X	0.000051	0.000021	0.999928
70	N	X	0.000050	0.000007	0.999942
