# Name=sp_P30408_T4S1_HUMAN
# pos	aa	SP	CS	OTHER
1	M	X	0.027183	0.000011	0.972806
2	C	X	0.027103	0.000017	0.972880
3	Y	X	0.027037	0.000010	0.972954
4	G	X	0.026966	0.000017	0.973017
5	K	X	0.026890	0.000025	0.973085
6	C	X	0.026832	0.000012	0.973156
7	A	X	0.026761	0.000027	0.973212
8	R	X	0.026682	0.000036	0.973282
9	C	X	0.026620	0.000024	0.973356
10	I	X	0.026562	0.000022	0.973416
11	G	X	0.026512	0.000017	0.973471
12	H	X	0.026465	0.000016	0.973519
13	S	X	0.026420	0.000016	0.973563
14	L	X	0.026372	0.000023	0.973605
15	V	X	0.026326	0.000022	0.973652
16	G	X	0.026281	0.000023	0.973696
17	L	X	0.026236	0.000023	0.973741
18	A	X	0.026186	0.000027	0.973786
19	L	X	0.026146	0.000017	0.973836
20	L	X	0.026078	0.000044	0.973878
21	C	X	0.025997	0.000055	0.973948
22	I	X	0.025884	0.000083	0.974033
23	A	X	0.019118	0.006728	0.974154
24	A	X	0.010356	0.008735	0.980909
25	N	X	0.007719	0.002616	0.989665
26	I	X	0.006395	0.001310	0.992296
27	L	X	0.005682	0.000704	0.993614
28	L	X	0.004419	0.001257	0.994324
29	Y	X	0.003993	0.000423	0.995584
30	F	X	0.003920	0.000071	0.996008
31	P	X	0.003834	0.000087	0.996080
32	N	X	0.003731	0.000104	0.996166
33	G	X	0.003197	0.000535	0.996268
34	E	X	0.003025	0.000173	0.996801
35	T	X	0.002162	0.000866	0.996971
36	K	X	0.002018	0.000148	0.997834
37	Y	X	0.001862	0.000160	0.997978
38	A	X	0.001620	0.000247	0.998132
39	S	X	0.001511	0.000114	0.998375
40	E	X	0.001417	0.000099	0.998484
41	N	X	0.001340	0.000082	0.998578
42	H	X	0.001263	0.000082	0.998654
43	L	X	0.001173	0.000097	0.998730
44	S	X	0.001097	0.000082	0.998820
45	R	X	0.001018	0.000087	0.998895
46	F	X	0.000946	0.000079	0.998975
47	V	X	0.000886	0.000067	0.999047
48	W	X	0.000835	0.000058	0.999107
49	F	X	0.000789	0.000053	0.999158
50	F	X	0.000734	0.000063	0.999203
51	S	X	0.000676	0.000065	0.999259
52	G	X	0.000624	0.000060	0.999316
53	I	X	0.000579	0.000052	0.999369
54	V	X	0.000535	0.000052	0.999413
55	G	X	0.000488	0.000054	0.999457
56	G	X	0.000444	0.000053	0.999503
57	G	X	0.000403	0.000049	0.999548
58	L	X	0.000369	0.000042	0.999589
59	L	X	0.000341	0.000036	0.999622
60	M	X	0.000315	0.000035	0.999650
61	L	X	0.000286	0.000037	0.999677
62	L	X	0.000263	0.000031	0.999706
63	P	X	0.000235	0.000036	0.999729
64	A	X	0.000204	0.000039	0.999757
65	F	X	0.000188	0.000025	0.999787
66	V	X	0.000167	0.000030	0.999804
67	F	X	0.000151	0.000024	0.999825
68	I	X	0.000128	0.000033	0.999840
69	G	X	0.000113	0.000025	0.999862
70	L	X	0.000113	0.000012	0.999875
