# Name=sp_O14763_TR10B_HUMAN
# pos	aa	SP	CS	OTHER
1	M	S	0.758866	0.000002	0.241132
2	E	S	0.758894	0.000002	0.241104
3	Q	S	0.758926	0.000001	0.241073
4	R	S	0.758957	0.000001	0.241042
5	G	S	0.758990	0.000002	0.241008
6	Q	S	0.759026	0.000002	0.240972
7	N	S	0.759065	0.000002	0.240933
8	A	S	0.759107	0.000002	0.240891
9	P	S	0.759150	0.000004	0.240847
10	A	S	0.759189	0.000008	0.240803
11	A	S	0.759231	0.000009	0.240760
12	S	S	0.759273	0.000011	0.240716
13	G	S	0.759297	0.000028	0.240675
14	A	S	0.759313	0.000036	0.240651
15	R	S	0.759331	0.000037	0.240632
16	K	S	0.759353	0.000037	0.240610
17	R	S	0.759378	0.000037	0.240585
18	H	S	0.759410	0.000033	0.240557
19	G	S	0.759448	0.000030	0.240522
20	P	S	0.759493	0.000026	0.240481
21	G	S	0.759540	0.000026	0.240433
22	P	S	0.759593	0.000025	0.240381
23	R	S	0.759647	0.000028	0.240325
24	E	S	0.759706	0.000030	0.240264
25	A	S	0.759769	0.000033	0.240198
26	R	S	0.759845	0.000027	0.240128
27	G	S	0.759907	0.000043	0.240050
28	A	S	0.760002	0.000027	0.239971
29	R	S	0.760103	0.000016	0.239881
30	P	S	0.760199	0.000021	0.239780
31	G	S	0.760304	0.000018	0.239678
32	P	S	0.760415	0.000014	0.239571
33	R	S	0.760525	0.000018	0.239457
34	V	S	0.760649	0.000015	0.239337
35	P	S	0.760780	0.000014	0.239206
36	K	S	0.760916	0.000018	0.239066
37	T	S	0.761075	0.000013	0.238912
38	L	S	0.761240	0.000011	0.238749
39	V	S	0.761412	0.000009	0.238579
40	L	S	0.761584	0.000007	0.238409
41	V	S	0.761740	0.000007	0.238253
42	V	S	0.761873	0.000007	0.238120
43	A	S	0.761975	0.000015	0.238010
44	A	S	0.762053	0.000018	0.237929
45	V	S	0.762114	0.000016	0.237869
46	L	S	0.762140	0.000037	0.237824
47	L	S	0.762122	0.000068	0.237810
48	L	S	0.761990	0.000173	0.237837
49	V	S	0.761471	0.000548	0.237981
50	S	S	0.758253	0.003232	0.238515
51	A	S	0.610864	0.147391	0.241746
52	E	S	0.604577	0.006310	0.389113
53	S	C	0.152826	0.451764	0.395410
54	A	X	0.125410	0.027429	0.847161
55	L	X	0.089749	0.035662	0.874589
56	I	X	0.062307	0.027445	0.910248
57	T	X	0.041552	0.020761	0.937687
58	Q	X	0.031806	0.009752	0.958442
59	Q	X	0.025631	0.006182	0.968187
60	D	X	0.023250	0.002387	0.974363
61	L	X	0.020237	0.003021	0.976742
62	A	X	0.017917	0.002329	0.979753
63	P	X	0.015355	0.002573	0.982072
64	Q	X	0.012519	0.002847	0.984633
65	Q	X	0.010398	0.002132	0.987469
66	R	X	0.007747	0.002663	0.989590
67	A	X	0.005634	0.002125	0.992242
68	A	X	0.004084	0.001557	0.994359
69	P	X	0.002929	0.001161	0.995910
70	Q	X	0.002671	0.000264	0.997065
