# Name=sp_P05187_PPB1_HUMAN
# pos	aa	SP	CS	OTHER
1	M	S	0.987945	0.000002	0.012052
2	L	S	0.987957	0.000004	0.012039
3	G	S	0.987972	0.000003	0.012026
4	P	S	0.987986	0.000003	0.012010
5	C	S	0.987999	0.000005	0.011996
6	M	S	0.988011	0.000005	0.011984
7	L	S	0.988022	0.000007	0.011971
8	L	S	0.988037	0.000003	0.011960
9	L	S	0.988051	0.000002	0.011948
10	L	S	0.988062	0.000002	0.011937
11	L	S	0.988067	0.000004	0.011929
12	L	S	0.988065	0.000009	0.011926
13	L	S	0.988030	0.000038	0.011932
14	G	S	0.987781	0.000251	0.011968
15	L	S	0.987495	0.000287	0.012218
16	R	S	0.986411	0.001082	0.012506
17	L	S	0.983911	0.002499	0.013591
18	Q	S	0.979380	0.004527	0.016093
19	L	S	0.966253	0.013122	0.020625
20	S	S	0.902807	0.063441	0.033752
21	L	S	0.845380	0.057442	0.097179
22	G	C	0.034319	0.811112	0.154570
23	I	X	0.017840	0.016509	0.965650
24	I	X	0.016651	0.001190	0.982159
25	P	X	0.010865	0.005790	0.983345
26	V	X	0.009391	0.001477	0.989132
27	E	X	0.008003	0.001392	0.990605
28	E	X	0.004869	0.003138	0.991993
29	E	X	0.004000	0.000872	0.995128
30	N	X	0.003575	0.000429	0.995997
31	P	X	0.003278	0.000301	0.996421
32	D	X	0.003121	0.000161	0.996718
33	F	X	0.003004	0.000123	0.996873
34	W	X	0.002834	0.000179	0.996987
35	N	X	0.002608	0.000236	0.997156
36	R	X	0.002395	0.000225	0.997380
37	E	X	0.002189	0.000219	0.997592
38	A	X	0.001955	0.000248	0.997798
39	A	X	0.001796	0.000171	0.998033
40	E	X	0.001647	0.000160	0.998192
41	A	X	0.001454	0.000206	0.998339
42	L	X	0.001344	0.000122	0.998534
43	G	X	0.001207	0.000148	0.998645
44	A	X	0.001085	0.000133	0.998782
45	A	X	0.000971	0.000124	0.998905
46	K	X	0.000885	0.000096	0.999019
47	K	X	0.000799	0.000096	0.999105
48	L	X	0.000729	0.000079	0.999191
49	Q	X	0.000664	0.000075	0.999261
50	P	X	0.000595	0.000079	0.999326
51	A	X	0.000534	0.000071	0.999395
52	Q	X	0.000489	0.000053	0.999457
53	T	X	0.000440	0.000059	0.999501
54	A	X	0.000389	0.000060	0.999551
55	A	X	0.000336	0.000061	0.999602
56	K	X	0.000297	0.000047	0.999656
57	N	X	0.000266	0.000038	0.999696
58	L	X	0.000241	0.000030	0.999728
59	I	X	0.000223	0.000024	0.999753
60	I	X	0.000204	0.000025	0.999771
61	F	X	0.000182	0.000028	0.999790
62	L	X	0.000158	0.000030	0.999811
63	G	X	0.000138	0.000027	0.999835
64	D	X	0.000118	0.000025	0.999857
65	G	X	0.000099	0.000024	0.999877
66	M	X	0.000081	0.000023	0.999896
67	G	X	0.000062	0.000023	0.999915
68	V	X	0.000045	0.000021	0.999934
69	S	X	0.000033	0.000017	0.999950
70	T	X	0.000034	0.000004	0.999961
