# Name=sp_P30530_UFO_HUMAN
# pos	aa	SP	CS	OTHER
1	M	S	0.978320	0.000002	0.021678
2	A	S	0.978339	0.000005	0.021656
3	W	S	0.978357	0.000005	0.021637
4	R	S	0.978380	0.000004	0.021616
5	C	S	0.978402	0.000004	0.021594
6	P	S	0.978426	0.000003	0.021571
7	R	S	0.978449	0.000004	0.021548
8	M	S	0.978471	0.000005	0.021524
9	G	S	0.978494	0.000007	0.021499
10	R	S	0.978520	0.000007	0.021473
11	V	S	0.978550	0.000006	0.021444
12	P	S	0.978581	0.000006	0.021413
13	L	S	0.978614	0.000006	0.021379
14	A	S	0.978648	0.000005	0.021346
15	W	S	0.978674	0.000012	0.021314
16	C	S	0.978695	0.000014	0.021291
17	L	S	0.978717	0.000009	0.021275
18	A	S	0.978694	0.000046	0.021260
19	L	S	0.978659	0.000053	0.021288
20	C	S	0.978361	0.000310	0.021329
21	G	S	0.977981	0.000390	0.021629
22	W	S	0.977065	0.000921	0.022015
23	A	S	0.957091	0.019972	0.022937
24	C	S	0.951961	0.005138	0.042902
25	M	S	0.920568	0.031386	0.048046
26	A	S	0.828498	0.092073	0.079429
27	P	S	0.817580	0.010935	0.171485
28	R	S	0.809598	0.007993	0.182409
29	G	S	0.791071	0.018538	0.190391
30	T	S	0.785638	0.005448	0.208914
31	Q	S	0.760890	0.024760	0.214350
32	A	C	0.012274	0.748667	0.239059
33	E	X	0.009010	0.003270	0.987720
34	E	X	0.005344	0.003667	0.990989
35	S	X	0.004235	0.001109	0.994656
36	P	X	0.003336	0.000900	0.995764
37	F	X	0.002338	0.001000	0.996662
38	V	X	0.001876	0.000464	0.997660
39	G	X	0.001497	0.000381	0.998122
40	N	X	0.001283	0.000217	0.998501
41	P	X	0.001054	0.000232	0.998714
42	G	X	0.000858	0.000200	0.998942
43	N	X	0.000771	0.000091	0.999138
44	I	X	0.000698	0.000078	0.999224
45	T	X	0.000639	0.000065	0.999295
46	G	X	0.000539	0.000109	0.999353
47	A	X	0.000462	0.000084	0.999454
48	R	X	0.000392	0.000077	0.999530
49	G	X	0.000311	0.000090	0.999600
50	L	X	0.000268	0.000049	0.999683
51	T	X	0.000238	0.000035	0.999727
52	G	X	0.000211	0.000032	0.999757
53	T	X	0.000188	0.000029	0.999783
54	L	X	0.000178	0.000016	0.999806
55	R	X	0.000158	0.000028	0.999814
56	C	X	0.000140	0.000026	0.999835
57	Q	X	0.000129	0.000018	0.999853
58	L	X	0.000123	0.000014	0.999863
59	Q	X	0.000111	0.000020	0.999869
60	V	X	0.000106	0.000013	0.999881
61	Q	X	0.000094	0.000021	0.999885
62	G	X	0.000079	0.000023	0.999897
63	E	X	0.000076	0.000009	0.999914
64	P	X	0.000071	0.000012	0.999917
65	P	X	0.000065	0.000013	0.999922
66	E	X	0.000060	0.000012	0.999928
67	V	X	0.000059	0.000008	0.999933
68	H	X	0.000056	0.000010	0.999934
69	W	X	0.000050	0.000013	0.999936
70	L	X	0.000053	0.000008	0.999939
