# Name=tr_A0A0A0N0M1_A0A0A0N0M1_HUMAN
# pos	aa	SP	CS	OTHER
1	M	S	0.985708	0.000001	0.014291
2	A	S	0.985720	0.000003	0.014277
3	L	S	0.985732	0.000004	0.014264
4	V	S	0.985750	0.000002	0.014249
5	L	S	0.985765	0.000002	0.014233
6	G	S	0.985778	0.000003	0.014219
7	S	S	0.985792	0.000004	0.014204
8	L	S	0.985804	0.000004	0.014191
9	L	S	0.985811	0.000008	0.014181
10	L	S	0.985817	0.000009	0.014175
11	L	S	0.985810	0.000017	0.014173
12	G	S	0.985781	0.000037	0.014182
13	L	S	0.985677	0.000109	0.014215
14	C	S	0.983694	0.001983	0.014323
15	G	S	0.979660	0.004031	0.016309
16	N	S	0.972895	0.006757	0.020348
17	S	S	0.908650	0.064233	0.027117
18	F	S	0.903039	0.005604	0.091357
19	S	S	0.576811	0.326205	0.096983
20	G	S	0.495264	0.081556	0.423180
21	G	C	0.072822	0.422456	0.504722
22	Q	X	0.068635	0.004183	0.927182
23	P	X	0.040074	0.028559	0.931367
24	S	X	0.032762	0.007311	0.959927
25	S	X	0.026400	0.006361	0.967238
26	T	X	0.019140	0.007262	0.973598
27	D	X	0.015908	0.003234	0.980858
28	A	X	0.012509	0.003402	0.984090
29	P	X	0.010547	0.001964	0.987489
30	K	X	0.007958	0.002593	0.989450
31	A	X	0.006696	0.001264	0.992040
32	W	X	0.006019	0.000680	0.993301
33	N	X	0.004901	0.001122	0.993977
34	Y	X	0.004392	0.000513	0.995095
35	E	X	0.003998	0.000397	0.995604
36	L	X	0.003659	0.000344	0.995996
37	P	X	0.003233	0.000433	0.996334
38	A	X	0.002732	0.000507	0.996760
39	T	X	0.002528	0.000211	0.997261
40	N	X	0.002288	0.000247	0.997465
41	Y	X	0.002079	0.000217	0.997704
42	E	X	0.001895	0.000192	0.997913
43	T	X	0.001716	0.000188	0.998096
44	Q	X	0.001549	0.000177	0.998274
45	D	X	0.001395	0.000164	0.998440
46	S	X	0.001249	0.000157	0.998594
47	H	X	0.001107	0.000153	0.998740
48	K	X	0.000952	0.000165	0.998882
49	A	X	0.000850	0.000112	0.999038
50	G	X	0.000769	0.000088	0.999143
51	P	X	0.000689	0.000088	0.999224
52	I	X	0.000624	0.000071	0.999305
53	G	X	0.000580	0.000051	0.999369
54	I	X	0.000534	0.000053	0.999413
55	L	X	0.000486	0.000056	0.999458
56	F	X	0.000439	0.000054	0.999507
57	E	X	0.000395	0.000052	0.999553
58	L	X	0.000352	0.000050	0.999598
59	V	X	0.000317	0.000042	0.999641
60	H	X	0.000282	0.000042	0.999676
61	I	X	0.000247	0.000042	0.999711
62	F	X	0.000217	0.000036	0.999746
63	L	X	0.000189	0.000035	0.999776
64	Y	X	0.000161	0.000034	0.999805
65	V	X	0.000135	0.000033	0.999832
66	V	X	0.000112	0.000029	0.999859
67	Q	X	0.000088	0.000031	0.999881
68	P	X	0.000060	0.000034	0.999906
69	R	X	0.000037	0.000028	0.999935
70	D	X	0.000037	0.000004	0.999958
