# Name=sp_P06127_CD5_HUMAN
pos	aa	SP	CS	OTHER
1	M	S	0.963384	0.000002	0.036614
2	P	S	0.963406	0.000003	0.036591
3	M	S	0.963430	0.000002	0.036568
4	G	S	0.963453	0.000002	0.036546
5	S	S	0.963475	0.000002	0.036523
6	L	S	0.963499	0.000003	0.036499
7	Q	S	0.963525	0.000002	0.036473
8	P	S	0.963550	0.000003	0.036447
9	L	S	0.963576	0.000004	0.036420
10	A	S	0.963599	0.000007	0.036393
11	T	S	0.963620	0.000012	0.036369
12	L	S	0.963639	0.000015	0.036347
13	Y	S	0.963660	0.000012	0.036327
14	L	S	0.963680	0.000013	0.036307
15	L	S	0.963696	0.000014	0.036290
16	G	S	0.963672	0.000048	0.036280
17	M	S	0.963652	0.000042	0.036306
18	L	S	0.963567	0.000101	0.036333
19	V	S	0.963068	0.000508	0.036424
20	A	S	0.959373	0.003699	0.036928
21	S	S	0.942954	0.016416	0.040630
22	C	S	0.853363	0.089590	0.057047
23	L	S	0.833723	0.019643	0.146634
24	G	C	0.104505	0.729222	0.166274
25	R	X	0.087862	0.016648	0.895490
26	L	X	0.058710	0.029148	0.912143
27	S	X	0.025174	0.033532	0.941294
28	W	X	0.019133	0.006038	0.974829
29	Y	X	0.007590	0.011543	0.980867
30	D	X	0.007197	0.000393	0.992410
31	P	X	0.006564	0.000635	0.992801
32	D	X	0.006038	0.000531	0.993431
33	F	X	0.005521	0.000523	0.993956
34	Q	X	0.004669	0.000860	0.994471
35	A	X	0.003860	0.000817	0.995323
36	R	X	0.003311	0.000557	0.996132
37	L	X	0.002724	0.000595	0.996681
38	T	X	0.002254	0.000478	0.997268
39	R	X	0.001729	0.000533	0.997739
40	S	X	0.001300	0.000435	0.998264
41	N	X	0.000999	0.000306	0.998695
42	S	X	0.000822	0.000181	0.998997
43	K	X	0.000644	0.000182	0.999174
44	C	X	0.000545	0.000104	0.999352
45	Q	X	0.000461	0.000087	0.999451
46	G	X	0.000357	0.000109	0.999534
47	Q	X	0.000299	0.000062	0.999639
48	L	X	0.000255	0.000048	0.999697
49	E	X	0.000222	0.000036	0.999741
50	V	X	0.000204	0.000023	0.999774
51	Y	X	0.000180	0.000028	0.999792
52	L	X	0.000150	0.000035	0.999815
53	K	X	0.000126	0.000028	0.999846
54	D	X	0.000112	0.000019	0.999870
55	G	X	0.000099	0.000017	0.999884
56	W	X	0.000092	0.000012	0.999896
57	H	X	0.000085	0.000012	0.999903
58	M	X	0.000080	0.000009	0.999910
59	V	X	0.000077	0.000008	0.999914
60	C	X	0.000073	0.000011	0.999916
61	S	X	0.000069	0.000012	0.999919
62	Q	X	0.000065	0.000013	0.999922
63	S	X	0.000062	0.000011	0.999927
64	W	X	0.000057	0.000013	0.999931
65	G	X	0.000050	0.000015	0.999935
66	R	X	0.000043	0.000013	0.999943
67	S	X	0.000035	0.000014	0.999951
68	S	X	0.000027	0.000013	0.999960
69	K	X	0.000020	0.000011	0.999969
70	Q	X	0.000022	0.000003	0.999976
