# Name=sp_P32970_CD70_HUMAN
pos	aa	SP	CS	OTHER
1	M	X	0.031147	0.000003	0.968850
2	P	X	0.031111	0.000005	0.968884
3	E	X	0.031088	0.000002	0.968910
4	E	X	0.031067	0.000001	0.968932
5	G	X	0.031047	0.000002	0.968951
6	S	X	0.031023	0.000007	0.968970
7	G	X	0.030968	0.000037	0.968994
8	C	X	0.030911	0.000043	0.969046
9	S	X	0.030857	0.000043	0.969101
10	V	X	0.030811	0.000037	0.969152
11	R	X	0.030767	0.000036	0.969197
12	R	X	0.030707	0.000051	0.969242
13	R	X	0.030653	0.000048	0.969299
14	P	X	0.030608	0.000039	0.969352
15	Y	X	0.030554	0.000049	0.969397
16	G	X	0.030472	0.000077	0.969451
17	C	X	0.030422	0.000052	0.969527
18	V	X	0.030381	0.000041	0.969578
19	L	X	0.030350	0.000033	0.969617
20	R	X	0.030302	0.000050	0.969649
21	A	X	0.030247	0.000058	0.969695
22	A	X	0.030206	0.000046	0.969749
23	L	X	0.030175	0.000036	0.969788
24	V	X	0.030157	0.000025	0.969818
25	P	X	0.030144	0.000020	0.969836
26	L	X	0.030134	0.000018	0.969848
27	V	X	0.030121	0.000021	0.969858
28	A	X	0.030078	0.000052	0.969870
29	G	X	0.029925	0.000162	0.969912
30	L	X	0.029895	0.000044	0.970060
31	V	X	0.029878	0.000035	0.970087
32	I	X	0.029836	0.000065	0.970099
33	C	X	0.029442	0.000424	0.970134
34	L	X	0.029401	0.000080	0.970519
35	V	X	0.029332	0.000116	0.970552
36	V	X	0.029308	0.000084	0.970607
37	C	X	0.027685	0.001691	0.970624
38	I	X	0.027518	0.000247	0.972235
39	Q	X	0.027432	0.000181	0.972387
40	R	X	0.027300	0.000240	0.972460
41	F	X	0.027278	0.000140	0.972581
42	A	X	0.026596	0.000800	0.972604
43	Q	X	0.026292	0.000423	0.973284
44	A	X	0.001054	0.025430	0.973516
45	Q	X	0.000855	0.000211	0.998934
46	Q	X	0.000554	0.000314	0.999132
47	Q	X	0.000478	0.000086	0.999436
48	L	X	0.000450	0.000038	0.999512
49	P	X	0.000409	0.000053	0.999538
50	L	X	0.000372	0.000050	0.999579
51	E	X	0.000348	0.000037	0.999615
52	S	X	0.000307	0.000056	0.999637
53	L	X	0.000282	0.000040	0.999678
54	G	X	0.000250	0.000047	0.999702
55	W	X	0.000239	0.000025	0.999735
56	D	X	0.000232	0.000024	0.999745
57	V	X	0.000221	0.000028	0.999751
58	A	X	0.000207	0.000031	0.999762
59	E	X	0.000195	0.000030	0.999775
60	L	X	0.000184	0.000029	0.999788
61	Q	X	0.000169	0.000032	0.999799
62	L	X	0.000155	0.000030	0.999815
63	N	X	0.000143	0.000027	0.999830
64	H	X	0.000127	0.000031	0.999842
65	T	X	0.000111	0.000030	0.999859
66	G	X	0.000100	0.000022	0.999878
67	P	X	0.000084	0.000028	0.999888
68	Q	X	0.000066	0.000029	0.999905
69	Q	X	0.000053	0.000022	0.999925
70	D	X	0.000054	0.000007	0.999938
