# Name=sp_P33681_CD80_HUMAN
# pos	aa	SP	CS	OTHER
1	M	S	0.798341	0.000006	0.201653
2	G	S	0.798367	0.000009	0.201625
3	H	S	0.798388	0.000009	0.201603
4	T	S	0.798414	0.000008	0.201578
5	R	S	0.798439	0.000008	0.201553
6	R	S	0.798466	0.000009	0.201525
7	Q	S	0.798495	0.000009	0.201495
8	G	S	0.798529	0.000009	0.201462
9	T	S	0.798566	0.000008	0.201426
10	S	S	0.798607	0.000007	0.201387
11	P	S	0.798643	0.000012	0.201345
12	S	S	0.798675	0.000019	0.201306
13	K	S	0.798695	0.000033	0.201272
14	C	S	0.798734	0.000034	0.201232
15	P	S	0.798749	0.000053	0.201199
16	Y	S	0.798778	0.000046	0.201176
17	L	S	0.798820	0.000039	0.201141
18	N	S	0.798871	0.000033	0.201095
19	F	S	0.798930	0.000030	0.201041
20	F	S	0.798998	0.000022	0.200979
21	Q	S	0.799073	0.000018	0.200909
22	L	S	0.799151	0.000012	0.200837
23	L	S	0.799214	0.000016	0.200770
24	V	S	0.799258	0.000025	0.200716
25	L	S	0.799262	0.000051	0.200686
26	A	S	0.798912	0.000391	0.200697
27	G	S	0.798672	0.000276	0.201051
28	L	S	0.797919	0.000779	0.201302
29	S	S	0.794146	0.003794	0.202060
30	H	S	0.793481	0.000692	0.205827
31	F	S	0.788270	0.005231	0.206500
32	C	S	0.780544	0.007742	0.211713
33	S	S	0.756323	0.024227	0.219449
34	G	C	0.044623	0.711736	0.243641
35	V	X	0.029432	0.015206	0.955362
36	I	X	0.025693	0.003739	0.970568
37	H	X	0.022158	0.003537	0.974305
38	V	X	0.015977	0.006187	0.977836
39	T	X	0.012220	0.003762	0.984018
40	K	X	0.009611	0.002616	0.987774
41	E	X	0.007984	0.001634	0.990383
42	V	X	0.006712	0.001279	0.992010
43	K	X	0.005534	0.001185	0.993281
44	E	X	0.004496	0.001046	0.994458
45	V	X	0.003686	0.000817	0.995497
46	A	X	0.003002	0.000691	0.996307
47	T	X	0.002349	0.000660	0.996991
48	L	X	0.002004	0.000350	0.997646
49	S	X	0.001653	0.000356	0.997990
50	C	X	0.001435	0.000225	0.998340
51	G	X	0.001284	0.000157	0.998559
52	H	X	0.001186	0.000105	0.998709
53	N	X	0.001074	0.000119	0.998806
54	V	X	0.001000	0.000082	0.998917
55	S	X	0.000912	0.000098	0.998990
56	V	X	0.000827	0.000095	0.999078
57	E	X	0.000762	0.000076	0.999163
58	E	X	0.000688	0.000085	0.999227
59	L	X	0.000607	0.000092	0.999301
60	A	X	0.000535	0.000084	0.999382
61	Q	X	0.000466	0.000078	0.999456
62	T	X	0.000401	0.000074	0.999525
63	R	X	0.000341	0.000069	0.999591
64	I	X	0.000303	0.000045	0.999652
65	Y	X	0.000260	0.000051	0.999689
66	W	X	0.000211	0.000056	0.999732
67	Q	X	0.000164	0.000055	0.999781
68	K	X	0.000119	0.000051	0.999830
69	E	X	0.000081	0.000043	0.999876
70	K	X	0.000077	0.000010	0.999913
