# Name=tr_Q13982_Q13982_HUMAN
pos	aa	SP	CS	OTHER
1	M	S	0.917783	0.000005	0.082212
2	G	S	0.917822	0.000004	0.082174
3	P	S	0.917861	0.000002	0.082137
4	P	S	0.917899	0.000001	0.082101
5	S	S	0.917935	0.000001	0.082064
6	A	S	0.917972	0.000002	0.082026
7	S	S	0.918009	0.000003	0.081987
8	P	S	0.918046	0.000005	0.081949
9	H	S	0.918082	0.000007	0.081911
10	R	S	0.918119	0.000009	0.081872
11	E	S	0.918145	0.000022	0.081833
12	C	S	0.918173	0.000026	0.081800
13	I	S	0.918206	0.000026	0.081768
14	P	S	0.918205	0.000058	0.081736
15	W	S	0.918227	0.000040	0.081733
16	Q	S	0.918249	0.000041	0.081710
17	G	S	0.918247	0.000067	0.081686
18	L	S	0.918265	0.000047	0.081687
19	L	S	0.918286	0.000045	0.081669
20	L	S	0.918296	0.000053	0.081651
21	T	S	0.918248	0.000101	0.081650
22	A	S	0.918057	0.000236	0.081707
23	S	S	0.917760	0.000338	0.081902
24	L	S	0.917312	0.000486	0.082202
25	L	S	0.916812	0.000538	0.082651
26	N	S	0.916155	0.000695	0.083150
27	F	S	0.915617	0.000579	0.083805
28	W	S	0.915332	0.000329	0.084339
29	N	S	0.915250	0.000131	0.084619
30	P	S	0.915189	0.000115	0.084696
31	P	S	0.915069	0.000171	0.084760
32	T	S	0.914893	0.000211	0.084896
33	T	S	0.906594	0.008316	0.085090
34	A	C	0.044976	0.861652	0.093371
35	K	X	0.014722	0.030347	0.954932
36	L	X	0.008578	0.006151	0.985270
37	T	X	0.006756	0.001828	0.991416
38	I	X	0.005844	0.000918	0.993239
39	E	X	0.004939	0.000911	0.994150
40	S	X	0.002492	0.002456	0.995053
41	T	X	0.002220	0.000275	0.997504
42	P	X	0.001934	0.000292	0.997774
43	F	X	0.001729	0.000210	0.998060
44	N	X	0.001600	0.000137	0.998264
45	V	X	0.001402	0.000206	0.998392
46	A	X	0.001233	0.000179	0.998588
47	E	X	0.001092	0.000151	0.998757
48	G	X	0.000755	0.000349	0.998896
49	K	X	0.000633	0.000130	0.999237
50	E	X	0.000555	0.000084	0.999361
51	V	X	0.000503	0.000059	0.999438
52	L	X	0.000452	0.000058	0.999490
53	L	X	0.000408	0.000050	0.999541
54	L	X	0.000367	0.000048	0.999585
55	V	X	0.000339	0.000035	0.999626
56	H	X	0.000311	0.000035	0.999655
57	N	X	0.000275	0.000043	0.999682
58	L	X	0.000252	0.000029	0.999718
59	P	X	0.000224	0.000035	0.999741
60	Q	X	0.000199	0.000032	0.999769
61	H	X	0.000179	0.000026	0.999795
62	L	X	0.000155	0.000031	0.999814
63	F	X	0.000133	0.000028	0.999839
64	G	X	0.000112	0.000027	0.999861
65	Y	X	0.000096	0.000022	0.999882
66	S	X	0.000078	0.000022	0.999899
67	W	X	0.000063	0.000020	0.999917
68	Y	X	0.000046	0.000022	0.999932
69	K	X	0.000031	0.000020	0.999949
70	G	X	0.000031	0.000005	0.999965
