# Name=sp_P06731_CEAM5_HUMAN
# pos	aa	SP	CS	OTHER
1	M	S	0.949684	0.000002	0.050314
2	E	S	0.949726	0.000003	0.050271
3	S	S	0.949768	0.000001	0.050231
4	P	S	0.949807	0.000001	0.050192
5	S	S	0.949846	0.000001	0.050153
6	A	S	0.949884	0.000002	0.050114
7	P	S	0.949923	0.000002	0.050075
8	P	S	0.949959	0.000005	0.050036
9	H	S	0.949994	0.000006	0.050000
10	R	S	0.950030	0.000010	0.049961
11	W	S	0.950043	0.000032	0.049925
12	C	S	0.950060	0.000033	0.049907
13	I	S	0.950099	0.000019	0.049882
14	P	S	0.950126	0.000029	0.049846
15	W	S	0.950164	0.000022	0.049814
16	Q	S	0.950207	0.000018	0.049775
17	R	S	0.950246	0.000025	0.049729
18	L	S	0.950288	0.000023	0.049688
19	L	S	0.950330	0.000026	0.049644
20	L	S	0.950367	0.000029	0.049604
21	T	S	0.950383	0.000046	0.049570
22	A	S	0.950346	0.000094	0.049560
23	S	S	0.950272	0.000127	0.049601
24	L	S	0.950187	0.000134	0.049680
25	L	S	0.950009	0.000222	0.049769
26	T	S	0.949475	0.000574	0.049951
27	F	S	0.949168	0.000349	0.050483
28	W	S	0.948831	0.000377	0.050792
29	N	S	0.948784	0.000090	0.051125
30	P	S	0.948744	0.000086	0.051170
31	P	S	0.948669	0.000117	0.051214
32	T	S	0.948509	0.000189	0.051301
33	T	S	0.941126	0.007396	0.051477
34	A	C	0.048782	0.892371	0.058847
35	K	X	0.015562	0.033320	0.951117
36	L	X	0.008662	0.006909	0.984428
37	T	X	0.006682	0.001986	0.991332
38	I	X	0.005732	0.000956	0.993313
39	E	X	0.004853	0.000885	0.994261
40	S	X	0.002229	0.002633	0.995138
41	T	X	0.001972	0.000261	0.997767
42	P	X	0.001705	0.000272	0.998023
43	F	X	0.001515	0.000195	0.998289
44	N	X	0.001399	0.000123	0.998478
45	V	X	0.001219	0.000188	0.998593
46	A	X	0.001067	0.000161	0.998773
47	E	X	0.000943	0.000133	0.998924
48	G	X	0.000629	0.000324	0.999046
49	K	X	0.000526	0.000111	0.999363
50	E	X	0.000459	0.000073	0.999468
51	V	X	0.000413	0.000052	0.999535
52	L	X	0.000369	0.000051	0.999580
53	L	X	0.000331	0.000044	0.999625
54	L	X	0.000296	0.000042	0.999662
55	V	X	0.000271	0.000031	0.999698
56	H	X	0.000248	0.000029	0.999722
57	N	X	0.000218	0.000038	0.999745
58	L	X	0.000199	0.000024	0.999776
59	P	X	0.000176	0.000029	0.999794
60	Q	X	0.000156	0.000027	0.999817
61	H	X	0.000140	0.000022	0.999838
62	L	X	0.000121	0.000025	0.999854
63	F	X	0.000104	0.000022	0.999873
64	G	X	0.000088	0.000021	0.999890
65	Y	X	0.000075	0.000018	0.999907
66	S	X	0.000061	0.000018	0.999920
67	W	X	0.000050	0.000016	0.999934
68	Y	X	0.000036	0.000018	0.999946
69	K	X	0.000024	0.000016	0.999960
70	G	X	0.000024	0.000004	0.999972
