# Name=sp_Q9HC73_CRLF2_HUMAN
# pos	aa	SP	CS	OTHER
1	M	S	0.976934	0.000002	0.023064
2	G	S	0.976944	0.000006	0.023050
3	R	S	0.976954	0.000006	0.023040
4	L	S	0.976971	0.000004	0.023026
5	V	S	0.976986	0.000003	0.023011
6	L	S	0.977002	0.000003	0.022995
7	L	S	0.977018	0.000003	0.022979
8	W	S	0.977034	0.000002	0.022964
9	G	S	0.977048	0.000002	0.022950
10	A	S	0.977060	0.000003	0.022937
11	A	S	0.977068	0.000007	0.022926
12	V	S	0.977074	0.000008	0.022918
13	F	S	0.977075	0.000011	0.022913
14	L	S	0.977063	0.000024	0.022913
15	L	S	0.977034	0.000039	0.022927
16	G	S	0.976692	0.000350	0.022959
17	G	S	0.976067	0.000633	0.023300
18	W	S	0.975819	0.000254	0.023927
19	M	S	0.971192	0.004629	0.024178
20	A	S	0.962614	0.008580	0.028806
21	L	S	0.955308	0.007301	0.037391
22	G	C	0.450824	0.504473	0.044703
23	Q	X	0.443681	0.007185	0.549135
24	G	X	0.317598	0.126096	0.556306
25	G	X	0.310446	0.007174	0.682380
26	A	X	0.146865	0.163595	0.689540
27	A	X	0.062801	0.084091	0.853107
28	E	X	0.058093	0.004717	0.937190
29	G	X	0.007493	0.050616	0.941891
30	V	X	0.006264	0.001230	0.992506
31	Q	X	0.005045	0.001221	0.993735
32	I	X	0.004121	0.000926	0.994953
33	Q	X	0.003447	0.000675	0.995877
34	I	X	0.003076	0.000374	0.996550
35	I	X	0.002839	0.000239	0.996922
36	Y	X	0.002601	0.000241	0.997157
37	F	X	0.002384	0.000222	0.997395
38	N	X	0.002122	0.000267	0.997611
39	L	X	0.001911	0.000216	0.997873
40	E	X	0.001719	0.000197	0.998084
41	T	X	0.001514	0.000210	0.998276
42	V	X	0.001403	0.000116	0.998481
43	Q	X	0.001280	0.000128	0.998592
44	V	X	0.001209	0.000076	0.998715
45	T	X	0.001139	0.000075	0.998786
46	W	X	0.001054	0.000091	0.998854
47	N	X	0.000943	0.000119	0.998938
48	A	X	0.000845	0.000105	0.999050
49	S	X	0.000777	0.000076	0.999148
50	K	X	0.000710	0.000074	0.999216
51	Y	X	0.000634	0.000083	0.999283
52	S	X	0.000573	0.000068	0.999359
53	R	X	0.000505	0.000074	0.999421
54	T	X	0.000446	0.000065	0.999489
55	N	X	0.000393	0.000058	0.999549
56	L	X	0.000358	0.000040	0.999602
57	T	X	0.000318	0.000045	0.999637
58	F	X	0.000299	0.000024	0.999677
59	H	X	0.000269	0.000036	0.999695
60	Y	X	0.000250	0.000026	0.999724
61	R	X	0.000220	0.000037	0.999743
62	F	X	0.000194	0.000034	0.999772
63	N	X	0.000168	0.000033	0.999798
64	G	X	0.000143	0.000032	0.999824
65	D	X	0.000120	0.000030	0.999850
66	E	X	0.000096	0.000031	0.999873
67	A	X	0.000072	0.000031	0.999897
68	Y	X	0.000048	0.000028	0.999924
69	D	X	0.000027	0.000026	0.999948
70	Q	X	0.000027	0.000004	0.999969
