# Name=sp_P04626_ERBB2_HUMAN
pos	aa	SP	CS	OTHER
1	M	S	0.992299	0.000001	0.007700
2	E	S	0.992319	0.000002	0.007679
3	L	S	0.992340	0.000001	0.007659
4	A	S	0.992359	0.000001	0.007640
5	A	S	0.992378	0.000001	0.007620
6	L	S	0.992396	0.000002	0.007601
7	C	S	0.992417	0.000002	0.007581
8	R	S	0.992437	0.000002	0.007561
9	W	S	0.992457	0.000003	0.007540
10	G	S	0.992476	0.000003	0.007521
11	L	S	0.992493	0.000004	0.007502
12	L	S	0.992509	0.000005	0.007486
13	L	S	0.992509	0.000017	0.007474
14	A	S	0.992455	0.000068	0.007477
15	L	S	0.992387	0.000081	0.007532
16	L	S	0.992349	0.000050	0.007601
17	P	S	0.992304	0.000056	0.007641
18	P	S	0.992221	0.000092	0.007687
19	G	S	0.992047	0.000179	0.007775
20	A	S	0.987036	0.005008	0.007956
21	A	S	0.710235	0.276789	0.012976
22	S	C	0.223319	0.487003	0.289678
23	T	X	0.018242	0.205185	0.776573
24	Q	X	0.012523	0.005718	0.981759
25	V	X	0.009339	0.003184	0.987477
26	C	X	0.007806	0.001534	0.990660
27	T	X	0.006519	0.001290	0.992191
28	G	X	0.003437	0.003086	0.993477
29	T	X	0.003031	0.000409	0.996559
30	D	X	0.002795	0.000241	0.996964
31	M	X	0.002481	0.000320	0.997199
32	K	X	0.002097	0.000390	0.997512
33	L	X	0.001827	0.000277	0.997896
34	R	X	0.001514	0.000321	0.998165
35	L	X	0.001310	0.000211	0.998479
36	P	X	0.001031	0.000286	0.998683
37	A	X	0.000761	0.000277	0.998962
38	S	X	0.000650	0.000116	0.999234
39	P	X	0.000506	0.000149	0.999345
40	E	X	0.000399	0.000111	0.999490
41	T	X	0.000350	0.000053	0.999597
42	H	X	0.000299	0.000055	0.999646
43	L	X	0.000242	0.000061	0.999697
44	D	X	0.000216	0.000029	0.999755
45	M	X	0.000190	0.000030	0.999779
46	L	X	0.000164	0.000031	0.999805
47	R	X	0.000140	0.000029	0.999831
48	H	X	0.000120	0.000025	0.999856
49	L	X	0.000098	0.000025	0.999877
50	Y	X	0.000085	0.000016	0.999898
51	Q	X	0.000076	0.000012	0.999911
52	G	X	0.000064	0.000016	0.999920
53	C	X	0.000059	0.000008	0.999933
54	Q	X	0.000057	0.000006	0.999937
55	V	X	0.000054	0.000007	0.999938
56	V	X	0.000055	0.000004	0.999941
57	Q	X	0.000052	0.000010	0.999938
58	G	X	0.000047	0.000012	0.999941
59	N	X	0.000045	0.000008	0.999947
60	L	X	0.000042	0.000008	0.999950
61	E	X	0.000040	0.000008	0.999952
62	L	X	0.000037	0.000008	0.999955
63	T	X	0.000036	0.000006	0.999958
64	Y	X	0.000034	0.000006	0.999959
65	L	X	0.000034	0.000006	0.999960
66	P	X	0.000031	0.000008	0.999961
67	T	X	0.000029	0.000007	0.999964
68	N	X	0.000026	0.000009	0.999965
69	A	X	0.000021	0.000011	0.999969
70	S	X	0.000023	0.000003	0.999974
