# Name=sp_Q14627_I13R2_HUMAN
pos	aa	SP	CS	OTHER
1	M	S	0.951818	0.000001	0.048181
2	A	S	0.951830	0.000003	0.048167
3	F	S	0.951844	0.000004	0.048153
4	V	S	0.951854	0.000006	0.048140
5	C	S	0.951875	0.000003	0.048121
6	L	S	0.951892	0.000005	0.048103
7	A	S	0.951910	0.000005	0.048085
8	I	S	0.951918	0.000014	0.048068
9	G	S	0.951883	0.000054	0.048064
10	C	S	0.951844	0.000062	0.048094
11	L	S	0.951814	0.000053	0.048133
12	Y	S	0.951742	0.000093	0.048165
13	T	S	0.951592	0.000170	0.048237
14	F	S	0.951538	0.000074	0.048388
15	L	S	0.950936	0.000614	0.048450
16	I	S	0.949820	0.001125	0.049055
17	S	S	0.945847	0.003976	0.050178
18	T	S	0.935036	0.010808	0.054155
19	T	S	0.921877	0.013154	0.064969
20	F	S	0.911058	0.010803	0.078139
21	G	C	0.403838	0.507193	0.088969
22	C	X	0.349290	0.054550	0.596160
23	T	X	0.297088	0.052192	0.650720
24	S	X	0.164755	0.132333	0.702911
25	S	X	0.079084	0.085677	0.835239
26	S	X	0.038622	0.040464	0.920915
27	D	X	0.030958	0.007661	0.961380
28	T	X	0.023443	0.007515	0.969041
29	E	X	0.019652	0.003792	0.976556
30	I	X	0.016294	0.003360	0.980345
31	K	X	0.012552	0.003746	0.983702
32	V	X	0.010206	0.002349	0.987445
33	N	X	0.008813	0.001395	0.989792
34	P	X	0.007207	0.001610	0.991183
35	P	X	0.005578	0.001633	0.992789
36	Q	X	0.004379	0.001202	0.994419
37	D	X	0.003569	0.000814	0.995617
38	F	X	0.002839	0.000734	0.996427
39	E	X	0.002178	0.000665	0.997156
40	I	X	0.001691	0.000491	0.997817
41	V	X	0.001377	0.000319	0.998305
42	D	X	0.001173	0.000208	0.998619
43	P	X	0.000900	0.000278	0.998821
44	G	X	0.000714	0.000191	0.999095
45	Y	X	0.000609	0.000109	0.999281
46	L	X	0.000512	0.000102	0.999386
47	G	X	0.000441	0.000077	0.999482
48	Y	X	0.000388	0.000058	0.999554
49	L	X	0.000339	0.000054	0.999606
50	Y	X	0.000304	0.000042	0.999655
51	L	X	0.000268	0.000042	0.999690
52	Q	X	0.000238	0.000036	0.999726
53	W	X	0.000211	0.000033	0.999756
54	Q	X	0.000199	0.000019	0.999782
55	P	X	0.000190	0.000015	0.999795
56	P	X	0.000175	0.000023	0.999802
57	L	X	0.000160	0.000024	0.999816
58	S	X	0.000146	0.000023	0.999831
59	L	X	0.000129	0.000026	0.999845
60	D	X	0.000122	0.000015	0.999863
61	H	X	0.000112	0.000018	0.999870
62	F	X	0.000099	0.000021	0.999879
63	K	X	0.000088	0.000019	0.999893
64	E	X	0.000078	0.000018	0.999904
65	C	X	0.000069	0.000016	0.999915
66	T	X	0.000060	0.000015	0.999924
67	V	X	0.000054	0.000013	0.999933
68	E	X	0.000044	0.000017	0.999939
69	Y	X	0.000034	0.000016	0.999949
70	E	X	0.000037	0.000005	0.999958
