# Name=sp_P15941_MUC1_HUMAN
pos	aa	SP	CS	OTHER
1	M	S	0.982458	0.000002	0.017540
2	T	S	0.982480	0.000002	0.017518
3	P	S	0.982501	0.000001	0.017497
4	G	S	0.982522	0.000001	0.017477
5	T	S	0.982543	0.000001	0.017456
6	Q	S	0.982563	0.000002	0.017435
7	S	S	0.982584	0.000002	0.017414
8	P	S	0.982604	0.000003	0.017393
9	F	S	0.982627	0.000003	0.017370
10	F	S	0.982651	0.000002	0.017347
11	L	S	0.982675	0.000001	0.017323
12	L	S	0.982699	0.000001	0.017300
13	L	S	0.982718	0.000001	0.017281
14	L	S	0.982733	0.000001	0.017265
15	L	S	0.982742	0.000003	0.017255
16	T	S	0.982740	0.000009	0.017251
17	V	S	0.982720	0.000025	0.017255
18	L	S	0.982617	0.000103	0.017279
19	T	S	0.981840	0.000775	0.017385
20	V	S	0.981356	0.000483	0.018162
21	V	S	0.980433	0.000916	0.018651
22	T	S	0.970997	0.009422	0.019581
23	G	S	0.783260	0.187720	0.029019
24	S	S	0.755440	0.027835	0.216725
25	G	S	0.652882	0.102559	0.244559
26	H	S	0.641065	0.011830	0.347105
27	A	C	0.088095	0.552980	0.358925
28	S	X	0.078950	0.009159	0.911891
29	S	X	0.032446	0.046519	0.921034
30	T	X	0.029908	0.002539	0.967552
31	P	X	0.027098	0.002813	0.970089
32	G	X	0.024043	0.003060	0.972896
33	G	X	0.021968	0.002081	0.975951
34	E	X	0.020080	0.001896	0.978024
35	K	X	0.018172	0.001918	0.979911
36	E	X	0.016626	0.001557	0.981818
37	T	X	0.015244	0.001393	0.983363
38	S	X	0.013829	0.001428	0.984743
39	A	X	0.012124	0.001718	0.986158
40	T	X	0.010924	0.001214	0.987862
41	Q	X	0.009691	0.001245	0.989064
42	R	X	0.008409	0.001294	0.990297
43	S	X	0.007352	0.001067	0.991580
44	S	X	0.006464	0.000898	0.992638
45	V	X	0.005975	0.000497	0.993528
46	P	X	0.005306	0.000678	0.994016
47	S	X	0.004657	0.000659	0.994684
48	S	X	0.004157	0.000509	0.995333
49	T	X	0.003698	0.000469	0.995833
50	E	X	0.003294	0.000414	0.996292
51	K	X	0.002881	0.000423	0.996696
52	N	X	0.002485	0.000405	0.997109
53	A	X	0.002164	0.000330	0.997505
54	V	X	0.001948	0.000225	0.997827
55	S	X	0.001710	0.000247	0.998043
56	M	X	0.001479	0.000240	0.998281
57	T	X	0.001308	0.000179	0.998512
58	S	X	0.001140	0.000177	0.998683
59	S	X	0.000985	0.000164	0.998851
60	V	X	0.000884	0.000109	0.999007
61	L	X	0.000756	0.000137	0.999107
62	S	X	0.000618	0.000147	0.999235
63	S	X	0.000507	0.000119	0.999374
64	H	X	0.000410	0.000104	0.999486
65	S	X	0.000320	0.000096	0.999584
66	P	X	0.000248	0.000076	0.999675
67	G	X	0.000184	0.000069	0.999747
68	S	X	0.000127	0.000061	0.999813
69	G	X	0.000082	0.000049	0.999870
70	S	X	0.000078	0.000008	0.999914
