# Name=sp_O43653_PSCA_HUMAN
pos	aa	SP	CS	OTHER
1	M	X	0.233500	0.000002	0.766498
2	A	X	0.233469	0.000007	0.766524
3	G	X	0.233452	0.000005	0.766543
4	L	X	0.233435	0.000006	0.766559
5	A	X	0.233411	0.000016	0.766573
6	L	X	0.233391	0.000014	0.766594
7	Q	X	0.233373	0.000015	0.766612
8	P	X	0.233325	0.000046	0.766629
9	G	X	0.233279	0.000045	0.766676
10	T	X	0.233188	0.000092	0.766721
11	A	X	0.232697	0.000491	0.766812
12	L	X	0.232244	0.000456	0.767300
13	L	X	0.231587	0.000661	0.767751
14	C	X	0.230923	0.000670	0.768406
15	Y	X	0.230638	0.000291	0.769072
16	S	X	0.228315	0.002328	0.769358
17	C	X	0.226712	0.001607	0.771681
18	K	X	0.220295	0.006417	0.773288
19	A	X	0.042315	0.177985	0.779700
20	Q	X	0.038249	0.004063	0.957688
21	V	X	0.029904	0.008342	0.961754
22	S	X	0.025606	0.004295	0.970099
23	N	X	0.005892	0.019715	0.974393
24	E	X	0.003667	0.002223	0.994110
25	D	X	0.002822	0.000843	0.996335
26	C	X	0.002236	0.000586	0.997178
27	L	X	0.001926	0.000311	0.997764
28	Q	X	0.001499	0.000428	0.998073
29	V	X	0.001240	0.000260	0.998500
30	E	X	0.001103	0.000138	0.998759
31	N	X	0.000892	0.000214	0.998894
32	C	X	0.000780	0.000114	0.999106
33	T	X	0.000720	0.000063	0.999217
34	Q	X	0.000649	0.000075	0.999277
35	L	X	0.000572	0.000080	0.999347
36	G	X	0.000502	0.000075	0.999423
37	E	X	0.000463	0.000043	0.999494
38	Q	X	0.000418	0.000050	0.999532
39	C	X	0.000394	0.000029	0.999577
40	W	X	0.000379	0.000022	0.999599
41	T	X	0.000353	0.000035	0.999612
42	A	X	0.000333	0.000029	0.999639
43	R	X	0.000312	0.000030	0.999658
44	I	X	0.000295	0.000026	0.999679
45	R	X	0.000270	0.000036	0.999694
46	A	X	0.000243	0.000038	0.999719
47	V	X	0.000229	0.000022	0.999749
48	G	X	0.000209	0.000029	0.999762
49	L	X	0.000195	0.000022	0.999783
50	L	X	0.000184	0.000019	0.999797
51	T	X	0.000173	0.000018	0.999808
52	V	X	0.000167	0.000014	0.999819
53	I	X	0.000159	0.000017	0.999825
54	S	X	0.000144	0.000023	0.999833
55	K	X	0.000134	0.000018	0.999848
56	G	X	0.000116	0.000026	0.999858
57	C	X	0.000106	0.000016	0.999878
58	S	X	0.000092	0.000021	0.999887
59	L	X	0.000083	0.000015	0.999902
60	N	X	0.000075	0.000014	0.999911
61	C	X	0.000063	0.000019	0.999918
62	V	X	0.000058	0.000010	0.999932
63	D	X	0.000055	0.000009	0.999936
64	D	X	0.000050	0.000011	0.999940
65	S	X	0.000044	0.000011	0.999944
66	Q	X	0.000039	0.000010	0.999951
67	D	X	0.000034	0.000009	0.999957
68	Y	X	0.000029	0.000009	0.999961
69	Y	X	0.000026	0.000008	0.999966
70	V	X	0.000029	0.000003	0.999968
