# Name=sp_Q8TD07_RAE1E_HUMAN
# pos	aa	SP	CS	OTHER
1	M	S	0.942795	0.000004	0.057201
2	R	S	0.942793	0.000012	0.057195
3	R	S	0.942805	0.000007	0.057188
4	I	S	0.942817	0.000006	0.057177
5	S	S	0.942832	0.000003	0.057164
6	L	S	0.942847	0.000002	0.057150
7	T	S	0.942861	0.000002	0.057137
8	S	S	0.942874	0.000003	0.057123
9	S	S	0.942888	0.000003	0.057109
10	P	S	0.942901	0.000005	0.057095
11	V	S	0.942915	0.000005	0.057080
12	R	S	0.942926	0.000008	0.057066
13	L	S	0.942939	0.000009	0.057052
14	L	S	0.942951	0.000012	0.057038
15	L	S	0.942970	0.000007	0.057023
16	F	S	0.942991	0.000004	0.057005
17	L	S	0.943008	0.000004	0.056988
18	L	S	0.943018	0.000006	0.056975
19	L	S	0.943018	0.000014	0.056968
20	L	S	0.943005	0.000024	0.056971
21	L	S	0.942958	0.000056	0.056986
22	I	S	0.942777	0.000188	0.057035
23	A	S	0.940667	0.002113	0.057219
24	L	S	0.939657	0.001016	0.059327
25	E	S	0.937846	0.001816	0.060339
26	I	S	0.937238	0.000614	0.062148
27	M	S	0.936332	0.000911	0.062758
28	V	S	0.930025	0.006306	0.063669
29	G	S	0.892356	0.037669	0.069976
30	G	C	0.295535	0.596848	0.107617
31	H	X	0.289804	0.005799	0.704397
32	S	X	0.022551	0.267308	0.710141
33	L	X	0.021065	0.001494	0.977441
34	C	X	0.002976	0.018099	0.978925
35	F	X	0.002430	0.000548	0.997023
36	N	X	0.002060	0.000372	0.997568
37	F	X	0.001880	0.000184	0.997936
38	T	X	0.001693	0.000192	0.998115
39	I	X	0.001568	0.000131	0.998301
40	K	X	0.001360	0.000215	0.998425
41	S	X	0.001118	0.000249	0.998633
42	L	X	0.000923	0.000202	0.998875
43	S	X	0.000757	0.000172	0.999071
44	R	X	0.000616	0.000147	0.999237
45	P	X	0.000468	0.000154	0.999378
46	G	X	0.000374	0.000098	0.999527
47	Q	X	0.000340	0.000038	0.999622
48	P	X	0.000314	0.000030	0.999656
49	W	X	0.000270	0.000050	0.999681
50	C	X	0.000252	0.000023	0.999725
51	E	X	0.000222	0.000037	0.999741
52	A	X	0.000165	0.000066	0.999769
53	Q	X	0.000149	0.000021	0.999830
54	V	X	0.000142	0.000012	0.999846
55	F	X	0.000135	0.000013	0.999852
56	L	X	0.000125	0.000016	0.999858
57	N	X	0.000118	0.000014	0.999868
58	K	X	0.000111	0.000014	0.999875
59	N	X	0.000104	0.000014	0.999883
60	L	X	0.000098	0.000012	0.999889
61	F	X	0.000090	0.000015	0.999894
62	L	X	0.000083	0.000016	0.999902
63	Q	X	0.000075	0.000016	0.999909
64	Y	X	0.000067	0.000015	0.999918
65	N	X	0.000058	0.000016	0.999926
66	S	X	0.000049	0.000015	0.999935
67	D	X	0.000040	0.000015	0.999945
68	N	X	0.000030	0.000015	0.999955
69	N	X	0.000021	0.000013	0.999966
70	M	X	0.000022	0.000003	0.999975
