# Name=sp_Q9NQ25_SLAF7_HUMAN
pos	aa	SP	CS	OTHER
1	M	S	0.967092	0.000002	0.032906
2	A	S	0.967118	0.000005	0.032878
3	G	S	0.967148	0.000003	0.032848
4	S	S	0.967184	0.000002	0.032815
5	P	S	0.967216	0.000002	0.032781
6	T	S	0.967249	0.000003	0.032748
7	C	S	0.967284	0.000003	0.032713
8	L	S	0.967321	0.000003	0.032676
9	T	S	0.967360	0.000004	0.032636
10	L	S	0.967403	0.000002	0.032595
11	I	S	0.967445	0.000001	0.032554
12	Y	S	0.967483	0.000001	0.032516
13	I	S	0.967516	0.000002	0.032482
14	L	S	0.967543	0.000003	0.032454
15	W	S	0.967551	0.000018	0.032431
16	Q	S	0.967544	0.000031	0.032425
17	L	S	0.967543	0.000020	0.032437
18	T	S	0.967396	0.000158	0.032446
19	G	S	0.965974	0.001427	0.032600
20	S	S	0.948509	0.017459	0.034033
21	A	S	0.734392	0.214103	0.051505
22	A	C	0.328286	0.406137	0.265577
23	S	X	0.048859	0.279491	0.671650
24	G	X	0.034209	0.014647	0.951143
25	P	X	0.027494	0.006711	0.965795
26	V	X	0.022982	0.004509	0.972508
27	K	X	0.019581	0.003401	0.977019
28	E	X	0.015833	0.003749	0.980418
29	L	X	0.013012	0.002823	0.984165
30	V	X	0.011287	0.001728	0.986985
31	G	X	0.009299	0.001992	0.988709
32	S	X	0.007337	0.001968	0.990695
33	V	X	0.006371	0.000970	0.992659
34	G	X	0.005271	0.001106	0.993623
35	G	X	0.003943	0.001334	0.994723
36	A	X	0.003095	0.000854	0.996051
37	V	X	0.002751	0.000349	0.996900
38	T	X	0.002428	0.000328	0.997244
39	F	X	0.002270	0.000164	0.997566
40	P	X	0.002017	0.000261	0.997722
41	L	X	0.001796	0.000229	0.997975
42	K	X	0.001566	0.000239	0.998195
43	S	X	0.001353	0.000222	0.998424
44	K	X	0.001133	0.000229	0.998638
45	V	X	0.000985	0.000157	0.998859
46	K	X	0.000821	0.000171	0.999008
47	Q	X	0.000662	0.000167	0.999171
48	V	X	0.000573	0.000095	0.999332
49	D	X	0.000481	0.000098	0.999421
50	S	X	0.000393	0.000095	0.999513
51	I	X	0.000350	0.000048	0.999602
52	V	X	0.000324	0.000031	0.999645
53	W	X	0.000284	0.000046	0.999670
54	T	X	0.000236	0.000056	0.999708
55	F	X	0.000214	0.000028	0.999759
56	N	X	0.000189	0.000031	0.999780
57	T	X	0.000170	0.000026	0.999805
58	T	X	0.000159	0.000017	0.999824
59	P	X	0.000144	0.000021	0.999835
60	L	X	0.000130	0.000021	0.999849
61	V	X	0.000123	0.000013	0.999863
62	T	X	0.000114	0.000017	0.999869
63	I	X	0.000105	0.000016	0.999879
64	Q	X	0.000095	0.000018	0.999887
65	P	X	0.000083	0.000020	0.999898
66	E	X	0.000070	0.000020	0.999910
67	G	X	0.000059	0.000017	0.999925
68	G	X	0.000046	0.000018	0.999936
69	T	X	0.000036	0.000016	0.999948
70	I	X	0.000038	0.000004	0.999958
