Entry,Position,AminoAcid,Exposed/Buried,RelativeSurfaceAccessilibity,HelixProbability,SheetProbability,CoilProbability,EpitopeProbability
sp_P05187_PPB1_HUMAN,1,M,E,0.633,0.016,0.005,0.979,0.190444444444
sp_P05187_PPB1_HUMAN,2,L,B,0.292,0.522,0.016,0.462,0.226222222222
sp_P05187_PPB1_HUMAN,3,G,B,0.272,0.802,0.014,0.185,0.255555555556
sp_P05187_PPB1_HUMAN,4,P,E,0.328,0.938,0.007,0.055,0.282222222222
sp_P05187_PPB1_HUMAN,5,C,B,0.236,0.938,0.007,0.055,0.295666666667
sp_P05187_PPB1_HUMAN,6,M,B,0.161,0.970,0.001,0.029,0.275333333333
sp_P05187_PPB1_HUMAN,7,L,B,0.143,0.970,0.001,0.029,0.252666666667
sp_P05187_PPB1_HUMAN,8,L,B,0.18,0.970,0.001,0.029,0.230666666667
sp_P05187_PPB1_HUMAN,9,L,B,0.089,0.988,0.000,0.012,0.208888888889
sp_P05187_PPB1_HUMAN,10,L,B,0.093,0.988,0.000,0.012,0.19
sp_P05187_PPB1_HUMAN,11,L,B,0.13,0.970,0.001,0.029,0.178555555556
sp_P05187_PPB1_HUMAN,12,L,B,0.107,0.970,0.001,0.029,0.184666666667
sp_P05187_PPB1_HUMAN,13,L,B,0.075,0.970,0.001,0.029,0.191888888889
sp_P05187_PPB1_HUMAN,14,G,B,0.078,0.923,0.002,0.076,0.216666666667
sp_P05187_PPB1_HUMAN,15,L,B,0.119,0.859,0.002,0.139,0.245111111111
sp_P05187_PPB1_HUMAN,16,R,B,0.13,0.859,0.002,0.139,0.281222222222
sp_P05187_PPB1_HUMAN,17,L,B,0.135,0.782,0.003,0.215,0.331111111111
sp_P05187_PPB1_HUMAN,18,Q,B,0.112,0.694,0.003,0.303,0.378666666667
sp_P05187_PPB1_HUMAN,19,L,B,0.177,0.522,0.016,0.462,0.422444444444
sp_P05187_PPB1_HUMAN,20,S,B,0.225,0.339,0.016,0.645,0.454666666667
sp_P05187_PPB1_HUMAN,21,L,B,0.27,0.113,0.043,0.844,0.483444444444
sp_P05187_PPB1_HUMAN,22,G,E,0.452,0.052,0.084,0.864,0.517444444444
sp_P05187_PPB1_HUMAN,23,I,B,0.2,0.056,0.142,0.802,0.552222222222
sp_P05187_PPB1_HUMAN,24,I,B,0.273,0.064,0.216,0.721,0.583
sp_P05187_PPB1_HUMAN,25,P,E,0.448,0.056,0.142,0.802,0.602
sp_P05187_PPB1_HUMAN,26,V,E,0.432,0.064,0.216,0.721,0.598
sp_P05187_PPB1_HUMAN,27,E,E,0.544,0.066,0.296,0.638,0.597555555556
sp_P05187_PPB1_HUMAN,28,E,E,0.514,0.066,0.296,0.638,0.61
sp_P05187_PPB1_HUMAN,29,E,E,0.498,0.118,0.150,0.732,0.626777777778
sp_P05187_PPB1_HUMAN,30,N,E,0.316,0.058,0.017,0.925,0.616666666667
sp_P05187_PPB1_HUMAN,31,P,E,0.326,0.502,0.002,0.495,0.600222222222
sp_P05187_PPB1_HUMAN,32,D,E,0.64,0.622,0.015,0.363,0.594
sp_P05187_PPB1_HUMAN,33,F,E,0.278,0.717,0.014,0.269,0.574222222222
sp_P05187_PPB1_HUMAN,34,W,B,0.099,0.802,0.014,0.185,0.540111111111
sp_P05187_PPB1_HUMAN,35,N,B,0.25,0.878,0.010,0.111,0.538777777778
sp_P05187_PPB1_HUMAN,36,R,E,0.551,0.923,0.002,0.076,0.533111111111
sp_P05187_PPB1_HUMAN,37,E,E,0.306,0.970,0.001,0.029,0.517333333333
sp_P05187_PPB1_HUMAN,38,A,B,0.032,0.970,0.001,0.029,0.480666666667
sp_P05187_PPB1_HUMAN,39,A,E,0.297,0.970,0.001,0.029,0.483666666667
sp_P05187_PPB1_HUMAN,40,E,E,0.602,0.970,0.001,0.029,0.483111111111
sp_P05187_PPB1_HUMAN,41,A,E,0.243,0.970,0.001,0.029,0.462
sp_P05187_PPB1_HUMAN,42,L,B,0.048,0.970,0.001,0.029,0.464777777778
sp_P05187_PPB1_HUMAN,43,G,E,0.473,0.970,0.001,0.029,0.489777777778
sp_P05187_PPB1_HUMAN,44,A,E,0.541,0.923,0.002,0.076,0.488111111111
sp_P05187_PPB1_HUMAN,45,A,B,0.169,0.782,0.003,0.215,0.503444444444
sp_P05187_PPB1_HUMAN,46,K,B,0.258,0.694,0.003,0.303,0.510333333333
sp_P05187_PPB1_HUMAN,47,K,E,0.599,0.502,0.002,0.495,0.533333333333
sp_P05187_PPB1_HUMAN,48,L,E,0.31,0.406,0.004,0.591,0.542
sp_P05187_PPB1_HUMAN,49,Q,E,0.602,0.339,0.016,0.645,0.551555555556
sp_P05187_PPB1_HUMAN,50,P,E,0.581,0.339,0.016,0.645,0.560666666667
sp_P05187_PPB1_HUMAN,51,A,E,0.285,0.246,0.004,0.750,0.547777777778
sp_P05187_PPB1_HUMAN,52,Q,E,0.663,0.181,0.017,0.803,0.529222222222
sp_P05187_PPB1_HUMAN,53,T,E,0.572,0.116,0.016,0.868,0.504222222222
sp_P05187_PPB1_HUMAN,54,A,E,0.418,0.058,0.017,0.925,0.459555555556
sp_P05187_PPB1_HUMAN,55,A,B,0.082,0.018,0.019,0.964,0.419666666667
sp_P05187_PPB1_HUMAN,56,K,E,0.27,0.004,0.197,0.799,0.385666666667
sp_P05187_PPB1_HUMAN,57,N,B,0.075,0.003,0.718,0.279,0.360222222222
sp_P05187_PPB1_HUMAN,58,L,B,0.018,0.001,0.959,0.040,0.334555555556
sp_P05187_PPB1_HUMAN,59,I,B,0.02,0.001,0.983,0.017,0.315777777778
sp_P05187_PPB1_HUMAN,60,I,B,0.017,0.001,0.983,0.017,0.322222222222
sp_P05187_PPB1_HUMAN,61,F,B,0.021,0.001,0.959,0.040,0.326777777778
sp_P05187_PPB1_HUMAN,62,L,B,0.03,0.001,0.900,0.099,0.334888888889
sp_P05187_PPB1_HUMAN,63,G,B,0.057,0.004,0.420,0.576,0.345777777778
sp_P05187_PPB1_HUMAN,64,D,B,0.128,0.004,0.085,0.910,0.362222222222
sp_P05187_PPB1_HUMAN,65,G,B,0.134,0.005,0.015,0.979,0.371444444444
sp_P05187_PPB1_HUMAN,66,M,B,0.053,0.005,0.015,0.979,0.357111111111
sp_P05187_PPB1_HUMAN,67,G,B,0.085,0.005,0.015,0.979,0.340666666667
sp_P05187_PPB1_HUMAN,68,V,B,0.154,0.859,0.002,0.139,0.332888888889
sp_P05187_PPB1_HUMAN,69,S,B,0.083,0.859,0.002,0.139,0.303333333333
sp_P05187_PPB1_HUMAN,70,T,B,0.042,0.970,0.001,0.029,0.274111111111
sp_P05187_PPB1_HUMAN,71,V,B,0.057,0.970,0.001,0.029,0.276111111111
sp_P05187_PPB1_HUMAN,72,T,B,0.081,0.970,0.001,0.029,0.274444444444
sp_P05187_PPB1_HUMAN,73,A,B,0.021,0.970,0.001,0.029,0.266333333333
sp_P05187_PPB1_HUMAN,74,A,B,0.022,0.988,0.000,0.012,0.276333333333
sp_P05187_PPB1_HUMAN,75,R,B,0.136,0.970,0.001,0.029,0.293333333333
sp_P05187_PPB1_HUMAN,76,I,B,0.097,0.970,0.001,0.029,0.331111111111
sp_P05187_PPB1_HUMAN,77,L,B,0.049,0.970,0.001,0.029,0.363777777778
sp_P05187_PPB1_HUMAN,78,K,B,0.201,0.923,0.002,0.076,0.412111111111
sp_P05187_PPB1_HUMAN,79,G,E,0.419,0.782,0.003,0.215,0.463888888889
sp_P05187_PPB1_HUMAN,80,Q,E,0.299,0.600,0.003,0.397,0.486666666667
sp_P05187_PPB1_HUMAN,81,K,E,0.376,0.406,0.004,0.591,0.508555555556
sp_P05187_PPB1_HUMAN,82,K,E,0.689,0.181,0.017,0.803,0.538888888889
sp_P05187_PPB1_HUMAN,83,D,E,0.636,0.058,0.017,0.925,0.560666666667
sp_P05187_PPB1_HUMAN,84,K,E,0.485,0.018,0.019,0.964,0.585444444444
sp_P05187_PPB1_HUMAN,85,L,E,0.426,0.018,0.047,0.935,0.589222222222
sp_P05187_PPB1_HUMAN,86,G,E,0.31,0.018,0.047,0.935,0.587888888889
sp_P05187_PPB1_HUMAN,87,P,E,0.529,0.053,0.043,0.903,0.569777777778
sp_P05187_PPB1_HUMAN,88,E,E,0.556,0.052,0.084,0.864,0.545111111111
sp_P05187_PPB1_HUMAN,89,I,E,0.289,0.052,0.084,0.864,0.520111111111
sp_P05187_PPB1_HUMAN,90,P,E,0.341,0.064,0.216,0.721,0.517
sp_P05187_PPB1_HUMAN,91,L,B,0.064,0.069,0.386,0.545,0.524
sp_P05187_PPB1_HUMAN,92,A,B,0.184,0.069,0.386,0.545,0.509
sp_P05187_PPB1_HUMAN,93,M,B,0.097,0.148,0.418,0.435,0.495111111111
sp_P05187_PPB1_HUMAN,94,D,B,0.244,0.069,0.386,0.545,0.485222222222
sp_P05187_PPB1_HUMAN,95,R,E,0.495,0.066,0.296,0.638,0.481777777778
sp_P05187_PPB1_HUMAN,96,F,B,0.115,0.066,0.296,0.638,0.474888888889
sp_P05187_PPB1_HUMAN,97,P,E,0.283,0.064,0.216,0.721,0.469777777778
sp_P05187_PPB1_HUMAN,98,Y,B,0.141,0.135,0.317,0.548,0.473888888889
sp_P05187_PPB1_HUMAN,99,V,B,0.131,0.148,0.418,0.435,0.477333333333
sp_P05187_PPB1_HUMAN,100,A,B,0.035,0.148,0.418,0.435,0.461777777778
sp_P05187_PPB1_HUMAN,101,L,B,0.142,0.074,0.484,0.442,0.471333333333
sp_P05187_PPB1_HUMAN,102,S,B,0.168,0.074,0.484,0.442,0.479222222222
sp_P05187_PPB1_HUMAN,103,K,E,0.309,0.022,0.359,0.619,0.490222222222
sp_P05187_PPB1_HUMAN,104,T,B,0.175,0.021,0.279,0.699,0.504888888889
sp_P05187_PPB1_HUMAN,105,Y,B,0.25,0.021,0.279,0.699,0.539444444444
sp_P05187_PPB1_HUMAN,106,N,B,0.145,0.018,0.141,0.840,0.561222222222
sp_P05187_PPB1_HUMAN,107,V,E,0.316,0.052,0.084,0.864,0.573111111111
sp_P05187_PPB1_HUMAN,108,D,B,0.255,0.053,0.043,0.903,0.576777777778
sp_P05187_PPB1_HUMAN,109,K,E,0.326,0.052,0.084,0.864,0.591444444444
sp_P05187_PPB1_HUMAN,110,H,B,0.287,0.113,0.087,0.800,0.592
sp_P05187_PPB1_HUMAN,111,V,B,0.12,0.118,0.150,0.732,0.586333333333
sp_P05187_PPB1_HUMAN,112,P,B,0.174,0.056,0.142,0.802,0.561333333333
sp_P05187_PPB1_HUMAN,113,D,E,0.276,0.053,0.043,0.903,0.531777777778
sp_P05187_PPB1_HUMAN,114,S,B,0.172,0.184,0.043,0.773,0.490888888889
sp_P05187_PPB1_HUMAN,115,G,B,0.183,0.353,0.048,0.598,0.456222222222
sp_P05187_PPB1_HUMAN,116,A,B,0.103,0.430,0.016,0.555,0.42
sp_P05187_PPB1_HUMAN,117,T,B,0.078,0.455,0.046,0.498,0.387444444444
sp_P05187_PPB1_HUMAN,118,A,B,0.053,0.428,0.171,0.402,0.350555555556
sp_P05187_PPB1_HUMAN,119,T,B,0.074,0.373,0.401,0.226,0.320888888889
sp_P05187_PPB1_HUMAN,120,A,B,0.021,0.268,0.505,0.227,0.299777777778
sp_P05187_PPB1_HUMAN,121,Y,B,0.088,0.268,0.505,0.227,0.306333333333
sp_P05187_PPB1_HUMAN,122,L,B,0.059,0.252,0.423,0.325,0.323777777778
sp_P05187_PPB1_HUMAN,123,C,B,0.065,0.148,0.418,0.435,0.339555555556
sp_P05187_PPB1_HUMAN,124,G,B,0.084,0.066,0.296,0.638,0.364888888889
sp_P05187_PPB1_HUMAN,125,V,B,0.193,0.074,0.484,0.442,0.396444444444
sp_P05187_PPB1_HUMAN,126,K,B,0.263,0.021,0.452,0.528,0.422444444444
sp_P05187_PPB1_HUMAN,127,G,B,0.088,0.021,0.279,0.699,0.432111111111
sp_P05187_PPB1_HUMAN,128,N,E,0.362,0.018,0.141,0.840,0.424333333333
sp_P05187_PPB1_HUMAN,129,F,B,0.234,0.018,0.141,0.840,0.417777777778
sp_P05187_PPB1_HUMAN,130,Q,B,0.229,0.021,0.279,0.699,0.396222222222
sp_P05187_PPB1_HUMAN,131,T,B,0.054,0.024,0.655,0.322,0.379111111111
sp_P05187_PPB1_HUMAN,132,I,B,0.042,0.021,0.756,0.223,0.373222222222
sp_P05187_PPB1_HUMAN,133,G,B,0.037,0.021,0.756,0.223,0.380555555556
sp_P05187_PPB1_HUMAN,134,L,B,0.068,0.004,0.514,0.481,0.383222222222
sp_P05187_PPB1_HUMAN,135,S,B,0.139,0.004,0.197,0.799,0.399222222222
sp_P05187_PPB1_HUMAN,136,A,E,0.311,0.018,0.088,0.893,0.419222222222
sp_P05187_PPB1_HUMAN,137,A,E,0.603,0.018,0.047,0.935,0.463777777778
sp_P05187_PPB1_HUMAN,138,A,B,0.212,0.053,0.043,0.903,0.504444444444
sp_P05187_PPB1_HUMAN,139,R,E,0.505,0.052,0.084,0.864,0.539555555556
sp_P05187_PPB1_HUMAN,140,F,E,0.492,0.053,0.043,0.903,0.572222222222
sp_P05187_PPB1_HUMAN,141,N,E,0.502,0.053,0.043,0.903,0.593888888889
sp_P05187_PPB1_HUMAN,142,Q,E,0.5,0.116,0.016,0.868,0.604777777778
sp_P05187_PPB1_HUMAN,143,C,B,0.214,0.116,0.016,0.868,0.614666666667
sp_P05187_PPB1_HUMAN,144,N,E,0.576,0.116,0.016,0.868,0.598888888889
sp_P05187_PPB1_HUMAN,145,T,E,0.384,0.109,0.005,0.886,0.603888888889
sp_P05187_PPB1_HUMAN,146,T,E,0.458,0.181,0.017,0.803,0.594555555556
sp_P05187_PPB1_HUMAN,147,R,E,0.552,0.181,0.017,0.803,0.571555555556
sp_P05187_PPB1_HUMAN,148,G,E,0.545,0.116,0.016,0.868,0.574333333333
sp_P05187_PPB1_HUMAN,149,N,E,0.397,0.113,0.043,0.844,0.545111111111
sp_P05187_PPB1_HUMAN,150,E,E,0.405,0.268,0.043,0.689,0.506
sp_P05187_PPB1_HUMAN,151,V,B,0.033,0.802,0.014,0.185,0.452888888889
sp_P05187_PPB1_HUMAN,152,I,E,0.279,0.938,0.007,0.055,0.438777777778
sp_P05187_PPB1_HUMAN,153,S,B,0.183,0.938,0.007,0.055,0.422888888889
sp_P05187_PPB1_HUMAN,154,V,B,0.032,0.970,0.001,0.029,0.386555555556
sp_P05187_PPB1_HUMAN,155,M,B,0.034,0.970,0.001,0.029,0.378666666667
sp_P05187_PPB1_HUMAN,156,N,E,0.395,0.970,0.001,0.029,0.385222222222
sp_P05187_PPB1_HUMAN,157,R,B,0.157,0.988,0.000,0.012,0.386222222222
sp_P05187_PPB1_HUMAN,158,A,B,0.021,0.970,0.001,0.029,0.385333333333
sp_P05187_PPB1_HUMAN,159,K,E,0.467,0.970,0.001,0.029,0.406333333333
sp_P05187_PPB1_HUMAN,160,K,E,0.695,0.859,0.002,0.139,0.431333333333
sp_P05187_PPB1_HUMAN,161,A,E,0.395,0.321,0.003,0.675,0.411666666667
sp_P05187_PPB1_HUMAN,162,G,E,0.759,0.003,0.003,0.994,0.4
sp_P05187_PPB1_HUMAN,163,K,B,0.2,0.005,0.015,0.979,0.39
sp_P05187_PPB1_HUMAN,164,S,B,0.215,0.004,0.336,0.660,0.354777777778
sp_P05187_PPB1_HUMAN,165,V,B,0.057,0.002,0.816,0.182,0.335333333333
sp_P05187_PPB1_HUMAN,166,G,B,0.03,0.002,0.816,0.182,0.309777777778
sp_P05187_PPB1_HUMAN,167,V,B,0.068,0.001,0.900,0.099,0.314888888889
sp_P05187_PPB1_HUMAN,168,V,B,0.022,0.001,0.900,0.099,0.323111111111
sp_P05187_PPB1_HUMAN,169,T,B,0.074,0.002,0.816,0.182,0.326333333333
sp_P05187_PPB1_HUMAN,170,T,B,0.11,0.022,0.552,0.426,0.363
sp_P05187_PPB1_HUMAN,171,T,B,0.111,0.021,0.279,0.699,0.400555555556
sp_P05187_PPB1_HUMAN,172,R,E,0.335,0.021,0.452,0.528,0.431777777778
sp_P05187_PPB1_HUMAN,173,V,B,0.058,0.022,0.359,0.619,0.463111111111
sp_P05187_PPB1_HUMAN,174,Q,E,0.359,0.018,0.141,0.840,0.474777777778
sp_P05187_PPB1_HUMAN,175,H,E,0.343,0.018,0.047,0.935,0.479555555556
sp_P05187_PPB1_HUMAN,176,A,B,0.081,0.053,0.043,0.903,0.462
sp_P05187_PPB1_HUMAN,177,S,B,0.15,0.052,0.084,0.864,0.425777777778
sp_P05187_PPB1_HUMAN,178,P,B,0.131,0.056,0.142,0.802,0.405222222222
sp_P05187_PPB1_HUMAN,179,A,B,0.037,0.066,0.296,0.638,0.356444444444
sp_P05187_PPB1_HUMAN,180,G,B,0.044,0.079,0.592,0.329,0.329111111111
sp_P05187_PPB1_HUMAN,181,T,B,0.041,0.021,0.756,0.223,0.325555555556
sp_P05187_PPB1_HUMAN,182,Y,B,0.059,0.021,0.756,0.223,0.343111111111
sp_P05187_PPB1_HUMAN,183,A,B,0.026,0.021,0.756,0.223,0.358444444444
sp_P05187_PPB1_HUMAN,184,H,B,0.096,0.024,0.655,0.322,0.381555555556
sp_P05187_PPB1_HUMAN,185,T,B,0.085,0.069,0.386,0.545,0.422666666667
sp_P05187_PPB1_HUMAN,186,V,E,0.387,0.056,0.142,0.802,0.479555555556
sp_P05187_PPB1_HUMAN,187,N,E,0.354,0.053,0.043,0.903,0.523333333333
sp_P05187_PPB1_HUMAN,188,R,B,0.134,0.058,0.017,0.925,0.570444444444
sp_P05187_PPB1_HUMAN,189,N,E,0.48,0.116,0.016,0.868,0.596
sp_P05187_PPB1_HUMAN,190,W,E,0.33,0.184,0.043,0.773,0.620777777778
sp_P05187_PPB1_HUMAN,191,Y,E,0.352,0.184,0.043,0.773,0.626222222222
sp_P05187_PPB1_HUMAN,192,S,E,0.317,0.113,0.043,0.844,0.629444444444
sp_P05187_PPB1_HUMAN,193,D,E,0.381,0.353,0.048,0.598,0.639777777778
sp_P05187_PPB1_HUMAN,194,A,E,0.489,0.455,0.046,0.498,0.632666666667
sp_P05187_PPB1_HUMAN,195,D,E,0.465,0.522,0.016,0.462,0.618777777778
sp_P05187_PPB1_HUMAN,196,V,B,0.183,0.430,0.016,0.555,0.610222222222
sp_P05187_PPB1_HUMAN,197,P,E,0.401,0.522,0.016,0.462,0.617777777778
sp_P05187_PPB1_HUMAN,198,A,E,0.559,0.522,0.016,0.462,0.619333333333
sp_P05187_PPB1_HUMAN,199,S,E,0.425,0.430,0.016,0.555,0.611111111111
sp_P05187_PPB1_HUMAN,200,A,E,0.322,0.430,0.016,0.555,0.595444444444
sp_P05187_PPB1_HUMAN,201,R,E,0.464,0.339,0.016,0.645,0.581888888889
sp_P05187_PPB1_HUMAN,202,Q,E,0.509,0.339,0.016,0.645,0.566444444444
sp_P05187_PPB1_HUMAN,203,E,E,0.466,0.339,0.016,0.645,0.551444444444
sp_P05187_PPB1_HUMAN,204,G,E,0.311,0.246,0.004,0.750,0.517888888889
sp_P05187_PPB1_HUMAN,205,C,B,0.085,0.502,0.002,0.495,0.492555555556
sp_P05187_PPB1_HUMAN,206,Q,E,0.442,0.717,0.014,0.269,0.474
sp_P05187_PPB1_HUMAN,207,D,E,0.28,0.802,0.014,0.185,0.448111111111
sp_P05187_PPB1_HUMAN,208,I,B,0.04,0.802,0.014,0.185,0.429555555556
sp_P05187_PPB1_HUMAN,209,A,B,0.025,0.802,0.014,0.185,0.423666666667
sp_P05187_PPB1_HUMAN,210,T,E,0.41,0.802,0.014,0.185,0.440444444444
sp_P05187_PPB1_HUMAN,211,Q,B,0.248,0.717,0.014,0.269,0.438333333333
sp_P05187_PPB1_HUMAN,212,L,B,0.122,0.622,0.015,0.363,0.441333333333
sp_P05187_PPB1_HUMAN,213,I,B,0.159,0.522,0.016,0.462,0.470333333333
sp_P05187_PPB1_HUMAN,214,S,E,0.604,0.246,0.004,0.750,0.470333333333
sp_P05187_PPB1_HUMAN,215,N,E,0.657,0.053,0.004,0.942,0.465555555556
sp_P05187_PPB1_HUMAN,216,M,E,0.4,0.018,0.019,0.964,0.453666666667
sp_P05187_PPB1_HUMAN,217,D,E,0.434,0.005,0.015,0.979,0.438222222222
sp_P05187_PPB1_HUMAN,218,I,B,0.03,0.004,0.197,0.799,0.412777777778
sp_P05187_PPB1_HUMAN,219,D,B,0.143,0.002,0.816,0.182,0.374555555556
sp_P05187_PPB1_HUMAN,220,V,B,0.025,0.001,0.959,0.040,0.352777777778
sp_P05187_PPB1_HUMAN,221,I,B,0.023,0.001,0.959,0.040,0.346888888889
sp_P05187_PPB1_HUMAN,222,L,B,0.029,0.001,0.900,0.099,0.343222222222
sp_P05187_PPB1_HUMAN,223,G,B,0.028,0.004,0.616,0.381,0.363666666667
sp_P05187_PPB1_HUMAN,224,G,B,0.067,0.004,0.138,0.858,0.369111111111
sp_P05187_PPB1_HUMAN,225,G,B,0.104,0.018,0.088,0.893,0.391888888889
sp_P05187_PPB1_HUMAN,226,R,B,0.233,0.052,0.084,0.864,0.416444444444
sp_P05187_PPB1_HUMAN,227,K,E,0.374,0.113,0.087,0.800,0.462333333333
sp_P05187_PPB1_HUMAN,228,Y,B,0.277,0.113,0.087,0.800,0.502333333333
sp_P05187_PPB1_HUMAN,229,M,B,0.06,0.113,0.087,0.800,0.539333333333
sp_P05187_PPB1_HUMAN,230,F,B,0.155,0.113,0.087,0.800,0.560555555556
sp_P05187_PPB1_HUMAN,231,R,E,0.335,0.113,0.043,0.844,0.567111111111
sp_P05187_PPB1_HUMAN,232,M,E,0.554,0.116,0.016,0.868,0.569333333333
sp_P05187_PPB1_HUMAN,233,G,E,0.491,0.116,0.016,0.868,0.588111111111
sp_P05187_PPB1_HUMAN,234,T,E,0.449,0.113,0.043,0.844,0.615333333333
sp_P05187_PPB1_HUMAN,235,P,E,0.515,0.113,0.043,0.844,0.631888888889
sp_P05187_PPB1_HUMAN,236,D,E,0.462,0.113,0.043,0.844,0.631555555556
sp_P05187_PPB1_HUMAN,237,P,E,0.467,0.184,0.043,0.773,0.651
sp_P05187_PPB1_HUMAN,238,E,E,0.5,0.191,0.086,0.723,0.660222222222
sp_P05187_PPB1_HUMAN,239,Y,E,0.35,0.191,0.086,0.723,0.670222222222
sp_P05187_PPB1_HUMAN,240,P,E,0.328,0.191,0.086,0.723,0.692777777778
sp_P05187_PPB1_HUMAN,241,D,E,0.468,0.278,0.093,0.628,0.707
sp_P05187_PPB1_HUMAN,242,D,E,0.543,0.278,0.093,0.628,0.704
sp_P05187_PPB1_HUMAN,243,Y,E,0.384,0.268,0.043,0.689,0.700888888889
sp_P05187_PPB1_HUMAN,244,S,E,0.546,0.184,0.043,0.773,0.704
sp_P05187_PPB1_HUMAN,245,Q,E,0.564,0.268,0.043,0.689,0.701555555556
sp_P05187_PPB1_HUMAN,246,G,E,0.566,0.184,0.043,0.773,0.669666666667
sp_P05187_PPB1_HUMAN,247,G,E,0.35,0.113,0.043,0.844,0.653666666667
sp_P05187_PPB1_HUMAN,248,T,E,0.427,0.113,0.087,0.800,0.627888888889
sp_P05187_PPB1_HUMAN,249,R,B,0.193,0.113,0.087,0.800,0.602333333333
sp_P05187_PPB1_HUMAN,250,L,E,0.453,0.184,0.043,0.773,0.588666666667
sp_P05187_PPB1_HUMAN,251,D,B,0.249,0.339,0.016,0.645,0.564888888889
sp_P05187_PPB1_HUMAN,252,G,B,0.14,0.600,0.003,0.397,0.545888888889
sp_P05187_PPB1_HUMAN,253,K,E,0.395,0.782,0.003,0.215,0.543
sp_P05187_PPB1_HUMAN,254,N,E,0.28,0.782,0.003,0.215,0.529777777778
sp_P05187_PPB1_HUMAN,255,L,B,0.033,0.923,0.002,0.076,0.523333333333
sp_P05187_PPB1_HUMAN,256,V,B,0.096,0.923,0.002,0.076,0.521222222222
sp_P05187_PPB1_HUMAN,257,Q,E,0.461,0.923,0.002,0.076,0.522888888889
sp_P05187_PPB1_HUMAN,258,E,E,0.284,0.938,0.007,0.055,0.527555555556
sp_P05187_PPB1_HUMAN,259,W,B,0.085,0.938,0.007,0.055,0.536
sp_P05187_PPB1_HUMAN,260,L,E,0.308,0.938,0.007,0.055,0.550777777778
sp_P05187_PPB1_HUMAN,261,A,E,0.468,0.802,0.014,0.185,0.550777777778
sp_P05187_PPB1_HUMAN,262,K,E,0.587,0.622,0.015,0.363,0.529
sp_P05187_PPB1_HUMAN,263,R,E,0.475,0.257,0.016,0.727,0.533333333333
sp_P05187_PPB1_HUMAN,264,Q,E,0.575,0.053,0.004,0.942,0.542
sp_P05187_PPB1_HUMAN,265,G,E,0.555,0.003,0.003,0.994,0.520777777778
sp_P05187_PPB1_HUMAN,266,A,B,0.093,0.020,0.205,0.775,0.517333333333
sp_P05187_PPB1_HUMAN,267,R,E,0.426,0.021,0.756,0.223,0.507222222222
sp_P05187_PPB1_HUMAN,268,Y,B,0.185,0.011,0.918,0.071,0.494111111111
sp_P05187_PPB1_HUMAN,269,V,B,0.075,0.001,0.900,0.099,0.491444444444
sp_P05187_PPB1_HUMAN,270,W,B,0.312,0.004,0.616,0.381,0.499333333333
sp_P05187_PPB1_HUMAN,271,N,E,0.308,0.021,0.279,0.699,0.483555555556
sp_P05187_PPB1_HUMAN,272,R,E,0.31,0.782,0.003,0.215,0.489222222222
sp_P05187_PPB1_HUMAN,273,T,E,0.643,0.859,0.002,0.139,0.492555555556
sp_P05187_PPB1_HUMAN,274,E,B,0.208,0.802,0.014,0.185,0.500555555556
sp_P05187_PPB1_HUMAN,275,L,B,0.032,0.802,0.014,0.185,0.506444444444
sp_P05187_PPB1_HUMAN,276,M,E,0.447,0.717,0.014,0.269,0.510222222222
sp_P05187_PPB1_HUMAN,277,Q,E,0.681,0.502,0.002,0.495,0.516
sp_P05187_PPB1_HUMAN,278,A,B,0.137,0.321,0.003,0.675,0.525111111111
sp_P05187_PPB1_HUMAN,279,S,E,0.461,0.109,0.005,0.886,0.520777777778
sp_P05187_PPB1_HUMAN,280,L,E,0.582,0.116,0.016,0.868,0.530222222222
sp_P05187_PPB1_HUMAN,281,D,E,0.517,0.058,0.017,0.925,0.511111111111
sp_P05187_PPB1_HUMAN,282,P,E,0.593,0.058,0.017,0.925,0.502333333333
sp_P05187_PPB1_HUMAN,283,S,E,0.625,0.058,0.017,0.925,0.488666666667
sp_P05187_PPB1_HUMAN,284,V,B,0.208,0.052,0.084,0.864,0.459666666667
sp_P05187_PPB1_HUMAN,285,T,E,0.258,0.056,0.142,0.802,0.424888888889
sp_P05187_PPB1_HUMAN,286,H,B,0.12,0.022,0.552,0.426,0.386666666667
sp_P05187_PPB1_HUMAN,287,L,B,0.032,0.024,0.655,0.322,0.353333333333
sp_P05187_PPB1_HUMAN,288,M,B,0.038,0.021,0.756,0.223,0.342444444444
sp_P05187_PPB1_HUMAN,289,G,B,0.031,0.021,0.756,0.223,0.356444444444
sp_P05187_PPB1_HUMAN,290,L,B,0.039,0.024,0.655,0.322,0.371777777778
sp_P05187_PPB1_HUMAN,291,F,B,0.052,0.021,0.452,0.528,0.383222222222
sp_P05187_PPB1_HUMAN,292,E,B,0.114,0.018,0.141,0.840,0.407777777778
sp_P05187_PPB1_HUMAN,293,P,E,0.422,0.018,0.047,0.935,0.448555555556
sp_P05187_PPB1_HUMAN,294,G,E,0.404,0.018,0.019,0.964,0.475111111111
sp_P05187_PPB1_HUMAN,295,D,B,0.334,0.018,0.019,0.964,0.516111111111
sp_P05187_PPB1_HUMAN,296,M,B,0.052,0.052,0.084,0.864,0.542
sp_P05187_PPB1_HUMAN,297,K,E,0.332,0.064,0.216,0.721,0.562666666667
sp_P05187_PPB1_HUMAN,298,Y,B,0.259,0.135,0.317,0.548,0.580666666667
sp_P05187_PPB1_HUMAN,299,E,E,0.42,0.135,0.317,0.548,0.597777777778
sp_P05187_PPB1_HUMAN,300,I,B,0.192,0.118,0.150,0.732,0.606444444444
sp_P05187_PPB1_HUMAN,301,H,E,0.515,0.113,0.087,0.800,0.616333333333
sp_P05187_PPB1_HUMAN,302,R,E,0.385,0.058,0.017,0.925,0.608555555556
sp_P05187_PPB1_HUMAN,303,D,E,0.61,0.018,0.019,0.964,0.616666666667
sp_P05187_PPB1_HUMAN,304,S,E,0.541,0.018,0.019,0.964,0.599333333333
sp_P05187_PPB1_HUMAN,305,T,E,0.658,0.018,0.019,0.964,0.596333333333
sp_P05187_PPB1_HUMAN,306,L,E,0.566,0.018,0.019,0.964,0.565555555556
sp_P05187_PPB1_HUMAN,307,D,E,0.427,0.018,0.019,0.964,0.547777777778
sp_P05187_PPB1_HUMAN,308,P,B,0.127,0.058,0.017,0.925,0.531
sp_P05187_PPB1_HUMAN,309,S,E,0.307,0.181,0.017,0.803,0.492777777778
sp_P05187_PPB1_HUMAN,310,L,B,0.046,0.923,0.002,0.076,0.457222222222
sp_P05187_PPB1_HUMAN,311,M,E,0.254,0.970,0.001,0.029,0.456888888889
sp_P05187_PPB1_HUMAN,312,E,E,0.458,0.970,0.001,0.029,0.452444444444
sp_P05187_PPB1_HUMAN,313,M,B,0.07,0.970,0.001,0.029,0.439333333333
sp_P05187_PPB1_HUMAN,314,T,B,0.027,0.988,0.000,0.012,0.422777777778
sp_P05187_PPB1_HUMAN,315,E,E,0.429,0.988,0.000,0.012,0.444
sp_P05187_PPB1_HUMAN,316,A,E,0.27,0.970,0.001,0.029,0.439888888889
sp_P05187_PPB1_HUMAN,317,A,B,0.02,0.970,0.001,0.029,0.409888888889
sp_P05187_PPB1_HUMAN,318,L,B,0.069,0.970,0.001,0.029,0.430555555556
sp_P05187_PPB1_HUMAN,319,R,E,0.565,0.970,0.001,0.029,0.461888888889
sp_P05187_PPB1_HUMAN,320,L,B,0.178,0.923,0.002,0.076,0.456111111111
sp_P05187_PPB1_HUMAN,321,L,B,0.043,0.859,0.002,0.139,0.452
sp_P05187_PPB1_HUMAN,322,S,E,0.504,0.622,0.015,0.363,0.474555555556
sp_P05187_PPB1_HUMAN,323,R,E,0.659,0.257,0.016,0.727,0.477111111111
sp_P05187_PPB1_HUMAN,324,N,E,0.278,0.016,0.005,0.979,0.451444444444
sp_P05187_PPB1_HUMAN,325,P,E,0.813,0.016,0.005,0.979,0.435444444444
sp_P05187_PPB1_HUMAN,326,R,E,0.547,0.018,0.019,0.964,0.429555555556
sp_P05187_PPB1_HUMAN,327,G,B,0.062,0.004,0.138,0.858,0.417
sp_P05187_PPB1_HUMAN,328,F,B,0.043,0.003,0.718,0.279,0.382333333333
sp_P05187_PPB1_HUMAN,329,F,B,0.033,0.001,0.959,0.040,0.365444444444
sp_P05187_PPB1_HUMAN,330,L,B,0.018,0.001,0.959,0.040,0.358888888889
sp_P05187_PPB1_HUMAN,331,F,B,0.027,0.001,0.959,0.040,0.349222222222
sp_P05187_PPB1_HUMAN,332,V,B,0.021,0.001,0.900,0.099,0.360666666667
sp_P05187_PPB1_HUMAN,333,E,B,0.091,0.002,0.816,0.182,0.374111111111
sp_P05187_PPB1_HUMAN,334,G,B,0.065,0.022,0.359,0.619,0.392222222222
sp_P05187_PPB1_HUMAN,335,G,B,0.128,0.052,0.084,0.864,0.430333333333
sp_P05187_PPB1_HUMAN,336,R,E,0.314,0.053,0.043,0.903,0.448666666667
sp_P05187_PPB1_HUMAN,337,I,B,0.054,0.113,0.087,0.800,0.472777777778
sp_P05187_PPB1_HUMAN,338,D,B,0.13,0.184,0.043,0.773,0.501777777778
sp_P05187_PPB1_HUMAN,339,H,E,0.327,0.257,0.016,0.727,0.521666666667
sp_P05187_PPB1_HUMAN,340,G,B,0.159,0.257,0.016,0.727,0.530111111111
sp_P05187_PPB1_HUMAN,341,H,B,0.205,0.181,0.017,0.803,0.531111111111
sp_P05187_PPB1_HUMAN,342,H,B,0.136,0.176,0.004,0.820,0.521888888889
sp_P05187_PPB1_HUMAN,343,E,E,0.362,0.321,0.003,0.675,0.512
sp_P05187_PPB1_HUMAN,344,S,B,0.261,0.246,0.004,0.750,0.494555555556
sp_P05187_PPB1_HUMAN,345,R,B,0.187,0.406,0.004,0.591,0.466555555556
sp_P05187_PPB1_HUMAN,346,A,B,0.034,0.923,0.002,0.076,0.438333333333
sp_P05187_PPB1_HUMAN,347,Y,B,0.189,0.923,0.002,0.076,0.415111111111
sp_P05187_PPB1_HUMAN,348,R,E,0.201,0.923,0.002,0.076,0.389666666667
sp_P05187_PPB1_HUMAN,349,A,B,0.03,0.970,0.001,0.029,0.363777777778
sp_P05187_PPB1_HUMAN,350,L,B,0.031,0.970,0.001,0.029,0.350111111111
sp_P05187_PPB1_HUMAN,351,T,E,0.281,0.970,0.001,0.029,0.365333333333
sp_P05187_PPB1_HUMAN,352,E,B,0.086,0.970,0.001,0.029,0.358888888889
sp_P05187_PPB1_HUMAN,353,T,B,0.022,0.970,0.001,0.029,0.357666666667
sp_P05187_PPB1_HUMAN,354,I,B,0.198,0.970,0.001,0.029,0.371555555556
sp_P05187_PPB1_HUMAN,355,M,E,0.297,0.970,0.001,0.029,0.387777777778
sp_P05187_PPB1_HUMAN,356,F,B,0.029,0.970,0.001,0.029,0.386111111111
sp_P05187_PPB1_HUMAN,357,D,B,0.117,0.970,0.001,0.029,0.402666666667
sp_P05187_PPB1_HUMAN,358,D,E,0.47,0.970,0.001,0.029,0.430555555556
sp_P05187_PPB1_HUMAN,359,A,B,0.038,0.988,0.000,0.012,0.421
sp_P05187_PPB1_HUMAN,360,I,B,0.033,0.988,0.000,0.012,0.415666666667
sp_P05187_PPB1_HUMAN,361,E,E,0.394,0.970,0.001,0.029,0.444222222222
sp_P05187_PPB1_HUMAN,362,R,B,0.235,0.970,0.001,0.029,0.456888888889
sp_P05187_PPB1_HUMAN,363,A,B,0.017,0.970,0.001,0.029,0.448777777778
sp_P05187_PPB1_HUMAN,364,G,B,0.177,0.970,0.001,0.029,0.468222222222
sp_P05187_PPB1_HUMAN,365,Q,E,0.56,0.923,0.002,0.076,0.489444444444
sp_P05187_PPB1_HUMAN,366,L,B,0.129,0.878,0.010,0.111,0.495555555556
sp_P05187_PPB1_HUMAN,367,T,B,0.051,0.622,0.015,0.363,0.493666666667
sp_P05187_PPB1_HUMAN,368,S,E,0.442,0.257,0.016,0.727,0.496444444444
sp_P05187_PPB1_HUMAN,369,E,E,0.561,0.116,0.016,0.868,0.481555555556
sp_P05187_PPB1_HUMAN,370,E,E,0.616,0.018,0.019,0.964,0.441333333333
sp_P05187_PPB1_HUMAN,371,D,E,0.452,0.005,0.045,0.951,0.405555555556
sp_P05187_PPB1_HUMAN,372,T,B,0.056,0.004,0.420,0.576,0.391888888889
sp_P05187_PPB1_HUMAN,373,L,B,0.026,0.001,0.959,0.040,0.356666666667
sp_P05187_PPB1_HUMAN,374,S,B,0.027,0.001,0.983,0.017,0.312333333333
sp_P05187_PPB1_HUMAN,375,L,B,0.015,0.001,0.983,0.017,0.288666666667
sp_P05187_PPB1_HUMAN,376,V,B,0.019,0.001,0.959,0.040,0.279555555556
sp_P05187_PPB1_HUMAN,377,T,B,0.025,0.001,0.900,0.099,0.291
sp_P05187_PPB1_HUMAN,378,A,B,0.046,0.004,0.514,0.481,0.306222222222
sp_P05187_PPB1_HUMAN,379,D,B,0.109,0.004,0.263,0.733,0.327444444444
sp_P05187_PPB1_HUMAN,380,H,B,0.122,0.018,0.047,0.935,0.359333333333
sp_P05187_PPB1_HUMAN,381,S,E,0.245,0.018,0.019,0.964,0.382777777778
sp_P05187_PPB1_HUMAN,382,H,B,0.11,0.053,0.043,0.903,0.404333333333
sp_P05187_PPB1_HUMAN,383,V,B,0.096,0.018,0.088,0.893,0.443444444444
sp_P05187_PPB1_HUMAN,384,F,B,0.11,0.021,0.279,0.699,0.459555555556
sp_P05187_PPB1_HUMAN,385,S,B,0.144,0.022,0.359,0.619,0.475666666667
sp_P05187_PPB1_HUMAN,386,F,B,0.118,0.022,0.359,0.619,0.497666666667
sp_P05187_PPB1_HUMAN,387,G,B,0.208,0.020,0.205,0.775,0.524555555556
sp_P05187_PPB1_HUMAN,388,G,B,0.285,0.018,0.088,0.893,0.561444444444
sp_P05187_PPB1_HUMAN,389,Y,B,0.27,0.018,0.141,0.840,0.578111111111
sp_P05187_PPB1_HUMAN,390,P,E,0.392,0.018,0.141,0.840,0.597444444444
sp_P05187_PPB1_HUMAN,391,L,E,0.493,0.018,0.088,0.893,0.617
sp_P05187_PPB1_HUMAN,392,R,E,0.48,0.053,0.043,0.903,0.617888888889
sp_P05187_PPB1_HUMAN,393,G,E,0.573,0.053,0.043,0.903,0.623888888889
sp_P05187_PPB1_HUMAN,394,S,B,0.283,0.113,0.043,0.844,0.625777777778
sp_P05187_PPB1_HUMAN,395,S,E,0.523,0.184,0.043,0.773,0.612555555556
sp_P05187_PPB1_HUMAN,396,I,B,0.226,0.191,0.086,0.723,0.606
sp_P05187_PPB1_HUMAN,397,F,B,0.217,0.191,0.086,0.723,0.587888888889
sp_P05187_PPB1_HUMAN,398,G,E,0.451,0.113,0.087,0.800,0.583888888889
sp_P05187_PPB1_HUMAN,399,L,E,0.32,0.113,0.087,0.800,0.582
sp_P05187_PPB1_HUMAN,400,A,E,0.283,0.113,0.087,0.800,0.579111111111
sp_P05187_PPB1_HUMAN,401,P,E,0.463,0.113,0.087,0.800,0.599222222222
sp_P05187_PPB1_HUMAN,402,G,E,0.538,0.191,0.086,0.723,0.610333333333
sp_P05187_PPB1_HUMAN,403,K,E,0.396,0.191,0.086,0.723,0.626444444444
sp_P05187_PPB1_HUMAN,404,A,E,0.272,0.184,0.043,0.773,0.644888888889
sp_P05187_PPB1_HUMAN,405,R,E,0.596,0.184,0.043,0.773,0.634444444444
sp_P05187_PPB1_HUMAN,406,D,E,0.489,0.113,0.043,0.844,0.621777777778
sp_P05187_PPB1_HUMAN,407,R,E,0.485,0.113,0.043,0.844,0.604666666667
sp_P05187_PPB1_HUMAN,408,K,E,0.49,0.113,0.043,0.844,0.590333333333
sp_P05187_PPB1_HUMAN,409,A,E,0.395,0.118,0.150,0.732,0.577111111111
sp_P05187_PPB1_HUMAN,410,Y,B,0.198,0.125,0.227,0.648,0.549444444444
sp_P05187_PPB1_HUMAN,411,T,E,0.289,0.148,0.418,0.435,0.538222222222
sp_P05187_PPB1_HUMAN,412,V,B,0.252,0.148,0.418,0.435,0.517888888889
sp_P05187_PPB1_HUMAN,413,L,B,0.177,0.074,0.484,0.442,0.510777777778
sp_P05187_PPB1_HUMAN,414,L,B,0.244,0.079,0.592,0.329,0.518222222222
sp_P05187_PPB1_HUMAN,415,Y,B,0.297,0.074,0.484,0.442,0.542222222222
sp_P05187_PPB1_HUMAN,416,G,E,0.331,0.125,0.227,0.648,0.559555555556
sp_P05187_PPB1_HUMAN,417,N,E,0.47,0.113,0.087,0.800,0.575555555556
sp_P05187_PPB1_HUMAN,418,G,E,0.374,0.113,0.087,0.800,0.594222222222
sp_P05187_PPB1_HUMAN,419,P,E,0.389,0.113,0.043,0.844,0.606666666667
sp_P05187_PPB1_HUMAN,420,G,E,0.521,0.052,0.084,0.864,0.621
sp_P05187_PPB1_HUMAN,421,Y,B,0.229,0.125,0.227,0.648,0.634333333333
sp_P05187_PPB1_HUMAN,422,V,E,0.401,0.135,0.317,0.548,0.635555555556
sp_P05187_PPB1_HUMAN,423,L,B,0.262,0.216,0.235,0.548,0.634666666667
sp_P05187_PPB1_HUMAN,424,K,E,0.558,0.199,0.152,0.649,0.619777777778
sp_P05187_PPB1_HUMAN,425,D,E,0.479,0.191,0.086,0.723,0.623666666667
sp_P05187_PPB1_HUMAN,426,G,E,0.462,0.278,0.093,0.628,0.614444444444
sp_P05187_PPB1_HUMAN,427,A,E,0.427,0.191,0.086,0.723,0.591444444444
sp_P05187_PPB1_HUMAN,428,R,E,0.273,0.191,0.086,0.723,0.598777777778
sp_P05187_PPB1_HUMAN,429,P,E,0.479,0.113,0.087,0.800,0.600666666667
sp_P05187_PPB1_HUMAN,430,D,E,0.511,0.113,0.087,0.800,0.596555555556
sp_P05187_PPB1_HUMAN,431,V,B,0.068,0.191,0.086,0.723,0.610777777778
sp_P05187_PPB1_HUMAN,432,T,E,0.448,0.191,0.086,0.723,0.631
sp_P05187_PPB1_HUMAN,433,E,E,0.572,0.278,0.093,0.628,0.644888888889
sp_P05187_PPB1_HUMAN,434,S,E,0.433,0.278,0.093,0.628,0.642888888889
sp_P05187_PPB1_HUMAN,435,E,E,0.481,0.386,0.097,0.517,0.659777777778
sp_P05187_PPB1_HUMAN,436,S,E,0.393,0.268,0.043,0.689,0.679333333333
sp_P05187_PPB1_HUMAN,437,G,E,0.523,0.184,0.043,0.773,0.672333333333
sp_P05187_PPB1_HUMAN,438,S,E,0.287,0.113,0.043,0.844,0.671888888889
sp_P05187_PPB1_HUMAN,439,P,E,0.513,0.184,0.043,0.773,0.671222222222
sp_P05187_PPB1_HUMAN,440,E,E,0.423,0.191,0.086,0.723,0.646111111111
sp_P05187_PPB1_HUMAN,441,Y,B,0.108,0.199,0.152,0.649,0.602333333333
sp_P05187_PPB1_HUMAN,442,R,E,0.325,0.125,0.227,0.648,0.578333333333
sp_P05187_PPB1_HUMAN,443,Q,E,0.363,0.135,0.317,0.548,0.557222222222
sp_P05187_PPB1_HUMAN,444,Q,E,0.318,0.066,0.296,0.638,0.529333333333
sp_P05187_PPB1_HUMAN,445,S,B,0.084,0.074,0.484,0.442,0.517222222222
sp_P05187_PPB1_HUMAN,446,A,B,0.232,0.021,0.452,0.528,0.514111111111
sp_P05187_PPB1_HUMAN,447,V,B,0.064,0.022,0.359,0.619,0.505666666667
sp_P05187_PPB1_HUMAN,448,P,B,0.201,0.021,0.279,0.699,0.499222222222
sp_P05187_PPB1_HUMAN,449,L,B,0.139,0.020,0.205,0.775,0.499666666667
sp_P05187_PPB1_HUMAN,450,D,B,0.264,0.020,0.205,0.775,0.517666666667
sp_P05187_PPB1_HUMAN,451,E,B,0.247,0.056,0.142,0.802,0.522333333333
sp_P05187_PPB1_HUMAN,452,E,E,0.385,0.052,0.084,0.864,0.533222222222
sp_P05187_PPB1_HUMAN,453,T,B,0.239,0.052,0.084,0.864,0.548666666667
sp_P05187_PPB1_HUMAN,454,H,B,0.105,0.018,0.088,0.893,0.552777777778
sp_P05187_PPB1_HUMAN,455,A,E,0.245,0.018,0.088,0.893,0.524111111111
sp_P05187_PPB1_HUMAN,456,G,B,0.282,0.018,0.088,0.893,0.502777777778
sp_P05187_PPB1_HUMAN,457,E,E,0.331,0.056,0.142,0.802,0.461777777778
sp_P05187_PPB1_HUMAN,458,D,B,0.223,0.066,0.296,0.638,0.430222222222
sp_P05187_PPB1_HUMAN,459,V,B,0.042,0.159,0.516,0.325,0.391
sp_P05187_PPB1_HUMAN,460,A,B,0.126,0.169,0.612,0.219,0.383777777778
sp_P05187_PPB1_HUMAN,461,V,B,0.04,0.087,0.683,0.230,0.372777777778
sp_P05187_PPB1_HUMAN,462,F,B,0.087,0.087,0.683,0.230,0.363555555556
sp_P05187_PPB1_HUMAN,463,A,B,0.038,0.087,0.683,0.230,0.370444444444
sp_P05187_PPB1_HUMAN,464,R,B,0.186,0.021,0.452,0.528,0.386888888889
sp_P05187_PPB1_HUMAN,465,G,B,0.092,0.020,0.205,0.775,0.404
sp_P05187_PPB1_HUMAN,466,P,B,0.243,0.052,0.084,0.864,0.444666666667
sp_P05187_PPB1_HUMAN,467,Q,E,0.326,0.053,0.043,0.903,0.463777777778
sp_P05187_PPB1_HUMAN,468,A,B,0.107,0.113,0.043,0.844,0.511333333333
sp_P05187_PPB1_HUMAN,469,H,E,0.484,0.113,0.087,0.800,0.523111111111
sp_P05187_PPB1_HUMAN,470,L,E,0.294,0.113,0.087,0.800,0.534777777778
sp_P05187_PPB1_HUMAN,471,V,B,0.065,0.118,0.150,0.732,0.541333333333
sp_P05187_PPB1_HUMAN,472,H,E,0.433,0.056,0.142,0.802,0.534333333333
sp_P05187_PPB1_HUMAN,473,G,B,0.195,0.020,0.205,0.775,0.534888888889
sp_P05187_PPB1_HUMAN,474,V,E,0.261,0.021,0.279,0.699,0.521111111111
sp_P05187_PPB1_HUMAN,475,Q,B,0.159,0.021,0.279,0.699,0.507222222222
sp_P05187_PPB1_HUMAN,476,E,B,0.26,0.018,0.141,0.840,0.493444444444
sp_P05187_PPB1_HUMAN,477,Q,B,0.048,0.268,0.043,0.689,0.448
sp_P05187_PPB1_HUMAN,478,T,B,0.106,0.622,0.015,0.363,0.423111111111
sp_P05187_PPB1_HUMAN,479,F,B,0.213,0.878,0.010,0.111,0.402
sp_P05187_PPB1_HUMAN,480,I,B,0.025,0.970,0.001,0.029,0.369555555556
sp_P05187_PPB1_HUMAN,481,A,B,0.026,0.970,0.001,0.029,0.348111111111
sp_P05187_PPB1_HUMAN,482,H,E,0.267,0.970,0.001,0.029,0.341555555556
sp_P05187_PPB1_HUMAN,483,V,B,0.109,0.988,0.000,0.012,0.323444444444
sp_P05187_PPB1_HUMAN,484,M,B,0.016,0.988,0.000,0.012,0.313666666667
sp_P05187_PPB1_HUMAN,485,A,B,0.098,0.988,0.000,0.012,0.329888888889
sp_P05187_PPB1_HUMAN,486,F,E,0.427,0.970,0.001,0.029,0.357
sp_P05187_PPB1_HUMAN,487,A,B,0.049,0.923,0.002,0.076,0.383555555556
sp_P05187_PPB1_HUMAN,488,A,B,0.074,0.694,0.003,0.303,0.406111111111
sp_P05187_PPB1_HUMAN,489,C,E,0.546,0.176,0.004,0.820,0.443444444444
sp_P05187_PPB1_HUMAN,490,L,B,0.114,0.053,0.004,0.942,0.471111111111
sp_P05187_PPB1_HUMAN,491,E,E,0.509,0.018,0.019,0.964,0.478444444444
sp_P05187_PPB1_HUMAN,492,P,E,0.349,0.058,0.017,0.925,0.488222222222
sp_P05187_PPB1_HUMAN,493,Y,E,0.527,0.184,0.043,0.773,0.507222222222
sp_P05187_PPB1_HUMAN,494,T,E,0.542,0.184,0.043,0.773,0.511666666667
sp_P05187_PPB1_HUMAN,495,A,B,0.213,0.268,0.043,0.689,0.520444444444
sp_P05187_PPB1_HUMAN,496,C,B,0.103,0.184,0.043,0.773,0.522111111111
sp_P05187_PPB1_HUMAN,497,D,E,0.595,0.184,0.043,0.773,0.530444444444
sp_P05187_PPB1_HUMAN,498,L,E,0.493,0.113,0.043,0.844,0.526
sp_P05187_PPB1_HUMAN,499,A,B,0.234,0.113,0.043,0.844,0.512
sp_P05187_PPB1_HUMAN,500,P,E,0.361,0.053,0.043,0.903,0.520888888889
sp_P05187_PPB1_HUMAN,501,P,E,0.371,0.053,0.043,0.903,0.543777777778
sp_P05187_PPB1_HUMAN,502,A,E,0.639,0.053,0.043,0.903,0.550777777778
sp_P05187_PPB1_HUMAN,503,G,B,0.159,0.053,0.043,0.903,0.558888888889
sp_P05187_PPB1_HUMAN,504,T,E,0.5,0.053,0.043,0.903,0.573666666667
sp_P05187_PPB1_HUMAN,505,T,E,0.561,0.053,0.043,0.903,0.577333333333
sp_P05187_PPB1_HUMAN,506,D,E,0.446,0.116,0.016,0.868,0.578555555556
sp_P05187_PPB1_HUMAN,507,A,B,0.197,0.184,0.043,0.773,0.572666666667
sp_P05187_PPB1_HUMAN,508,A,E,0.409,0.184,0.043,0.773,0.573111111111
sp_P05187_PPB1_HUMAN,509,H,E,0.373,0.353,0.048,0.598,0.566
sp_P05187_PPB1_HUMAN,510,P,B,0.281,0.339,0.016,0.645,0.532111111111
sp_P05187_PPB1_HUMAN,511,G,B,0.263,0.339,0.016,0.645,0.487666666667
sp_P05187_PPB1_HUMAN,512,R,B,0.169,0.430,0.016,0.555,0.448666666667
sp_P05187_PPB1_HUMAN,513,S,B,0.214,0.522,0.016,0.462,0.392777777778
sp_P05187_PPB1_HUMAN,514,V,B,0.074,0.802,0.014,0.185,0.335888888889
sp_P05187_PPB1_HUMAN,515,V,B,0.065,0.878,0.010,0.111,0.285222222222
sp_P05187_PPB1_HUMAN,516,P,B,0.071,0.923,0.002,0.076,0.250444444444
sp_P05187_PPB1_HUMAN,517,A,B,0.038,0.923,0.002,0.076,0.207
sp_P05187_PPB1_HUMAN,518,L,B,0.057,0.970,0.001,0.029,0.169
sp_P05187_PPB1_HUMAN,519,L,B,0.045,0.970,0.001,0.029,0.160111111111
sp_P05187_PPB1_HUMAN,520,P,B,0.072,0.970,0.001,0.029,0.156777777778
sp_P05187_PPB1_HUMAN,521,L,B,0.055,0.988,0.000,0.012,0.15
sp_P05187_PPB1_HUMAN,522,L,B,0.076,0.988,0.000,0.012,0.155444444444
sp_P05187_PPB1_HUMAN,523,A,B,0.063,0.988,0.000,0.012,0.162333333333
sp_P05187_PPB1_HUMAN,524,G,B,0.096,0.988,0.000,0.012,0.165888888889
sp_P05187_PPB1_HUMAN,525,T,B,0.041,0.988,0.000,0.012,0.159777777778
sp_P05187_PPB1_HUMAN,526,L,B,0.077,0.970,0.001,0.029,0.189111111111
sp_P05187_PPB1_HUMAN,527,L,B,0.055,0.970,0.001,0.029,0.221555555556
sp_P05187_PPB1_HUMAN,528,L,B,0.055,0.975,0.003,0.022,0.251888888889
sp_P05187_PPB1_HUMAN,529,L,B,0.057,0.938,0.007,0.055,0.292111111111
sp_P05187_PPB1_HUMAN,530,E,B,0.149,0.938,0.007,0.055,0.334888888889
sp_P05187_PPB1_HUMAN,531,T,B,0.228,0.802,0.014,0.185,0.358111111111
sp_P05187_PPB1_HUMAN,532,A,E,0.387,0.430,0.016,0.555,0.337777777778
sp_P05187_PPB1_HUMAN,533,T,E,0.399,0.257,0.016,0.727,0.316111111111
sp_P05187_PPB1_HUMAN,534,A,E,0.557,0.053,0.004,0.942,0.302111111111
sp_P05187_PPB1_HUMAN,535,P,E,0.826,0.003,0.003,0.994,0.265111111111
