Entry,Position,AminoAcid,Exposed/Buried,RelativeSurfaceAccessilibity,HelixProbability,SheetProbability,CoilProbability,EpitopeProbability
tr_A0A0A0N0N1_A0A0A0N0N1_HUMAN,1,M,E,0.648,0.053,0.004,0.942,0.195111111111
tr_A0A0A0N0N1_A0A0A0N0N1_HUMAN,2,A,E,0.42,0.622,0.015,0.363,0.232
tr_A0A0A0N0N1_A0A0A0N0N1_HUMAN,3,L,E,0.3,0.751,0.050,0.199,0.270222222222
tr_A0A0A0N0N1_A0A0A0N0N1_HUMAN,4,V,E,0.259,0.911,0.033,0.057,0.312444444444
tr_A0A0A0N0N1_A0A0A0N0N1_HUMAN,5,L,B,0.23,0.878,0.010,0.111,0.357444444444
tr_A0A0A0N0N1_A0A0A0N0N1_HUMAN,6,G,B,0.246,0.938,0.007,0.055,0.363444444444
tr_A0A0A0N0N1_A0A0A0N0N1_HUMAN,7,S,B,0.229,0.938,0.007,0.055,0.356
tr_A0A0A0N0N1_A0A0A0N0N1_HUMAN,8,L,B,0.236,0.970,0.001,0.029,0.344777777778
tr_A0A0A0N0N1_A0A0A0N0N1_HUMAN,9,L,B,0.184,0.970,0.001,0.029,0.334666666667
tr_A0A0A0N0N1_A0A0A0N0N1_HUMAN,10,L,B,0.076,0.970,0.001,0.029,0.318555555556
tr_A0A0A0N0N1_A0A0A0N0N1_HUMAN,11,L,B,0.113,0.938,0.007,0.055,0.327555555556
tr_A0A0A0N0N1_A0A0A0N0N1_HUMAN,12,G,B,0.146,0.878,0.010,0.111,0.337111111111
tr_A0A0A0N0N1_A0A0A0N0N1_HUMAN,13,L,B,0.111,0.802,0.014,0.185,0.351777777778
tr_A0A0A0N0N1_A0A0A0N0N1_HUMAN,14,C,B,0.058,0.717,0.014,0.269,0.371555555556
tr_A0A0A0N0N1_A0A0A0N0N1_HUMAN,15,G,B,0.156,0.502,0.002,0.495,0.411333333333
tr_A0A0A0N0N1_A0A0A0N0N1_HUMAN,16,N,B,0.302,0.502,0.002,0.495,0.451888888889
tr_A0A0A0N0N1_A0A0A0N0N1_HUMAN,17,S,B,0.211,0.522,0.016,0.462,0.482
tr_A0A0A0N0N1_A0A0A0N0N1_HUMAN,18,F,B,0.288,0.430,0.016,0.555,0.518777777778
tr_A0A0A0N0N1_A0A0A0N0N1_HUMAN,19,S,E,0.399,0.181,0.017,0.803,0.564777777778
tr_A0A0A0N0N1_A0A0A0N0N1_HUMAN,20,G,E,0.681,0.058,0.017,0.925,0.588333333333
tr_A0A0A0N0N1_A0A0A0N0N1_HUMAN,21,G,E,0.582,0.018,0.019,0.964,0.613111111111
tr_A0A0A0N0N1_A0A0A0N0N1_HUMAN,22,Q,E,0.347,0.018,0.047,0.935,0.632666666667
tr_A0A0A0N0N1_A0A0A0N0N1_HUMAN,23,P,E,0.321,0.018,0.047,0.935,0.640333333333
tr_A0A0A0N0N1_A0A0A0N0N1_HUMAN,24,S,E,0.498,0.018,0.019,0.964,0.637333333333
tr_A0A0A0N0N1_A0A0A0N0N1_HUMAN,25,S,E,0.442,0.018,0.019,0.964,0.635222222222
tr_A0A0A0N0N1_A0A0A0N0N1_HUMAN,26,T,E,0.634,0.018,0.019,0.964,0.648
tr_A0A0A0N0N1_A0A0A0N0N1_HUMAN,27,D,E,0.643,0.018,0.019,0.964,0.640444444444
tr_A0A0A0N0N1_A0A0A0N0N1_HUMAN,28,A,E,0.421,0.016,0.005,0.979,0.627333333333
tr_A0A0A0N0N1_A0A0A0N0N1_HUMAN,29,P,E,0.334,0.018,0.019,0.964,0.622
tr_A0A0A0N0N1_A0A0A0N0N1_HUMAN,30,K,E,0.545,0.018,0.047,0.935,0.611888888889
tr_A0A0A0N0N1_A0A0A0N0N1_HUMAN,31,A,E,0.4,0.018,0.141,0.840,0.607
tr_A0A0A0N0N1_A0A0A0N0N1_HUMAN,32,W,B,0.141,0.021,0.279,0.699,0.597111111111
tr_A0A0A0N0N1_A0A0A0N0N1_HUMAN,33,N,E,0.493,0.022,0.359,0.619,0.588555555556
tr_A0A0A0N0N1_A0A0A0N0N1_HUMAN,34,Y,B,0.152,0.021,0.452,0.528,0.572
tr_A0A0A0N0N1_A0A0A0N0N1_HUMAN,35,E,E,0.408,0.022,0.359,0.619,0.561444444444
tr_A0A0A0N0N1_A0A0A0N0N1_HUMAN,36,L,B,0.17,0.018,0.141,0.840,0.561666666667
tr_A0A0A0N0N1_A0A0A0N0N1_HUMAN,37,P,B,0.248,0.018,0.088,0.893,0.564888888889
tr_A0A0A0N0N1_A0A0A0N0N1_HUMAN,38,A,E,0.332,0.018,0.088,0.893,0.570888888889
tr_A0A0A0N0N1_A0A0A0N0N1_HUMAN,39,T,E,0.449,0.022,0.359,0.619,0.573444444444
tr_A0A0A0N0N1_A0A0A0N0N1_HUMAN,40,N,E,0.513,0.022,0.552,0.426,0.569555555556
tr_A0A0A0N0N1_A0A0A0N0N1_HUMAN,41,Y,B,0.203,0.022,0.552,0.426,0.575555555556
tr_A0A0A0N0N1_A0A0A0N0N1_HUMAN,42,E,E,0.445,0.074,0.484,0.442,0.589
tr_A0A0A0N0N1_A0A0A0N0N1_HUMAN,43,T,B,0.246,0.066,0.296,0.638,0.609777777778
tr_A0A0A0N0N1_A0A0A0N0N1_HUMAN,44,Q,E,0.439,0.125,0.227,0.648,0.612333333333
tr_A0A0A0N0N1_A0A0A0N0N1_HUMAN,45,D,E,0.377,0.125,0.227,0.648,0.615
tr_A0A0A0N0N1_A0A0A0N0N1_HUMAN,46,S,E,0.307,0.125,0.227,0.648,0.600555555556
tr_A0A0A0N0N1_A0A0A0N0N1_HUMAN,47,H,B,0.206,0.118,0.150,0.732,0.576888888889
tr_A0A0A0N0N1_A0A0A0N0N1_HUMAN,48,K,E,0.471,0.052,0.084,0.864,0.560888888889
tr_A0A0A0N0N1_A0A0A0N0N1_HUMAN,49,A,B,0.191,0.113,0.043,0.844,0.538111111111
tr_A0A0A0N0N1_A0A0A0N0N1_HUMAN,50,G,B,0.174,0.113,0.043,0.844,0.509777777778
tr_A0A0A0N0N1_A0A0A0N0N1_HUMAN,51,P,B,0.085,0.268,0.043,0.689,0.461555555556
tr_A0A0A0N0N1_A0A0A0N0N1_HUMAN,52,I,B,0.055,0.455,0.046,0.498,0.417333333333
tr_A0A0A0N0N1_A0A0A0N0N1_HUMAN,53,G,B,0.104,0.660,0.049,0.291,0.388
tr_A0A0A0N0N1_A0A0A0N0N1_HUMAN,54,I,B,0.092,0.802,0.014,0.185,0.350333333333
tr_A0A0A0N0N1_A0A0A0N0N1_HUMAN,55,L,B,0.04,0.938,0.007,0.055,0.332333333333
tr_A0A0A0N0N1_A0A0A0N0N1_HUMAN,56,F,B,0.066,0.938,0.007,0.055,0.326444444444
tr_A0A0A0N0N1_A0A0A0N0N1_HUMAN,57,E,B,0.209,0.938,0.007,0.055,0.309
tr_A0A0A0N0N1_A0A0A0N0N1_HUMAN,58,L,B,0.062,0.938,0.007,0.055,0.292444444444
tr_A0A0A0N0N1_A0A0A0N0N1_HUMAN,59,V,B,0.032,0.911,0.033,0.057,0.283555555556
tr_A0A0A0N0N1_A0A0A0N0N1_HUMAN,60,H,B,0.16,0.911,0.033,0.057,0.297888888889
tr_A0A0A0N0N1_A0A0A0N0N1_HUMAN,61,I,B,0.056,0.870,0.077,0.053,0.297444444444
tr_A0A0A0N0N1_A0A0A0N0N1_HUMAN,62,F,B,0.038,0.725,0.163,0.112,0.301444444444
tr_A0A0A0N0N1_A0A0A0N0N1_HUMAN,63,L,B,0.04,0.594,0.285,0.121,0.330666666667
tr_A0A0A0N0N1_A0A0A0N0N1_HUMAN,64,Y,B,0.159,0.487,0.370,0.143,0.355111111111
tr_A0A0A0N0N1_A0A0A0N0N1_HUMAN,65,V,B,0.045,0.273,0.587,0.140,0.381444444444
tr_A0A0A0N0N1_A0A0A0N0N1_HUMAN,66,V,B,0.056,0.074,0.484,0.442,0.422222222222
tr_A0A0A0N0N1_A0A0A0N0N1_HUMAN,67,Q,B,0.224,0.020,0.205,0.775,0.445
tr_A0A0A0N0N1_A0A0A0N0N1_HUMAN,68,P,B,0.21,0.018,0.047,0.935,0.475888888889
tr_A0A0A0N0N1_A0A0A0N0N1_HUMAN,69,R,E,0.354,0.018,0.019,0.964,0.505
tr_A0A0A0N0N1_A0A0A0N0N1_HUMAN,70,D,E,0.43,0.018,0.019,0.964,0.533666666667
tr_A0A0A0N0N1_A0A0A0N0N1_HUMAN,71,F,B,0.103,0.058,0.017,0.925,0.562666666667
tr_A0A0A0N0N1_A0A0A0N0N1_HUMAN,72,P,B,0.274,0.058,0.017,0.925,0.573222222222
tr_A0A0A0N0N1_A0A0A0N0N1_HUMAN,73,E,E,0.524,0.116,0.016,0.868,0.578777777778
tr_A0A0A0N0N1_A0A0A0N0N1_HUMAN,74,G,B,0.28,0.181,0.017,0.803,0.591111111111
tr_A0A0A0N0N1_A0A0A0N0N1_HUMAN,75,A,B,0.252,0.184,0.043,0.773,0.595444444444
tr_A0A0A0N0N1_A0A0A0N0N1_HUMAN,76,A,E,0.475,0.191,0.086,0.723,0.614777777778
tr_A0A0A0N0N1_A0A0A0N0N1_HUMAN,77,A,B,0.204,0.191,0.086,0.723,0.624777777778
tr_A0A0A0N0N1_A0A0A0N0N1_HUMAN,78,Q,E,0.379,0.113,0.087,0.800,0.622333333333
tr_A0A0A0N0N1_A0A0A0N0N1_HUMAN,79,E,E,0.55,0.053,0.043,0.903,0.622333333333
tr_A0A0A0N0N1_A0A0A0N0N1_HUMAN,80,P,E,0.496,0.018,0.047,0.935,0.602111111111
tr_A0A0A0N0N1_A0A0A0N0N1_HUMAN,81,G,E,0.336,0.018,0.047,0.935,0.583555555556
tr_A0A0A0N0N1_A0A0A0N0N1_HUMAN,82,P,E,0.376,0.018,0.088,0.893,0.573
tr_A0A0A0N0N1_A0A0A0N0N1_HUMAN,83,W,B,0.147,0.020,0.205,0.775,0.532333333333
tr_A0A0A0N0N1_A0A0A0N0N1_HUMAN,84,P,B,0.211,0.022,0.359,0.619,0.520555555556
tr_A0A0A0N0N1_A0A0A0N0N1_HUMAN,85,I,B,0.095,0.024,0.655,0.322,0.517777777778
tr_A0A0A0N0N1_A0A0A0N0N1_HUMAN,86,A,B,0.179,0.024,0.655,0.322,0.519555555556
tr_A0A0A0N0N1_A0A0A0N0N1_HUMAN,87,L,B,0.106,0.022,0.552,0.426,0.534
tr_A0A0A0N0N1_A0A0A0N0N1_HUMAN,88,S,E,0.417,0.021,0.279,0.699,0.553666666667
tr_A0A0A0N0N1_A0A0A0N0N1_HUMAN,89,G,E,0.43,0.004,0.085,0.910,0.586
tr_A0A0A0N0N1_A0A0A0N0N1_HUMAN,90,S,E,0.466,0.005,0.045,0.951,0.610444444444
tr_A0A0A0N0N1_A0A0A0N0N1_HUMAN,91,P,E,0.444,0.018,0.088,0.893,0.633333333333
tr_A0A0A0N0N1_A0A0A0N0N1_HUMAN,92,S,E,0.474,0.018,0.047,0.935,0.673666666667
tr_A0A0A0N0N1_A0A0A0N0N1_HUMAN,93,P,E,0.399,0.018,0.019,0.964,0.678555555556
tr_A0A0A0N0N1_A0A0A0N0N1_HUMAN,94,A,E,0.399,0.058,0.017,0.925,0.676111111111
tr_A0A0A0N0N1_A0A0A0N0N1_HUMAN,95,A,E,0.289,0.018,0.019,0.964,0.661333333333
tr_A0A0A0N0N1_A0A0A0N0N1_HUMAN,96,P,E,0.38,0.018,0.047,0.935,0.632111111111
tr_A0A0A0N0N1_A0A0A0N0N1_HUMAN,97,S,E,0.555,0.018,0.047,0.935,0.609555555556
tr_A0A0A0N0N1_A0A0A0N0N1_HUMAN,98,S,E,0.472,0.018,0.047,0.935,0.584777777778
tr_A0A0A0N0N1_A0A0A0N0N1_HUMAN,99,G,B,0.262,0.018,0.088,0.893,0.552333333333
tr_A0A0A0N0N1_A0A0A0N0N1_HUMAN,100,W,B,0.129,0.021,0.452,0.528,0.547
tr_A0A0A0N0N1_A0A0A0N0N1_HUMAN,101,L,B,0.13,0.021,0.756,0.223,0.525
tr_A0A0A0N0N1_A0A0A0N0N1_HUMAN,102,H,B,0.282,0.024,0.655,0.322,0.519777777778
tr_A0A0A0N0N1_A0A0A0N0N1_HUMAN,103,C,B,0.064,0.021,0.452,0.528,0.522888888889
tr_A0A0A0N0N1_A0A0A0N0N1_HUMAN,104,N,E,0.479,0.018,0.141,0.840,0.516888888889
tr_A0A0A0N0N1_A0A0A0N0N1_HUMAN,105,G,E,0.443,0.018,0.047,0.935,0.527
tr_A0A0A0N0N1_A0A0A0N0N1_HUMAN,106,Q,E,0.555,0.020,0.205,0.775,0.519
tr_A0A0A0N0N1_A0A0A0N0N1_HUMAN,107,D,E,0.5,0.022,0.359,0.619,0.515777777778
tr_A0A0A0N0N1_A0A0A0N0N1_HUMAN,108,I,B,0.115,0.022,0.552,0.426,0.544111111111
tr_A0A0A0N0N1_A0A0A0N0N1_HUMAN,109,R,E,0.377,0.024,0.655,0.322,0.526666666667
tr_A0A0A0N0N1_A0A0A0N0N1_HUMAN,110,L,B,0.159,0.024,0.655,0.322,0.553666666667
tr_A0A0A0N0N1_A0A0A0N0N1_HUMAN,111,Q,E,0.442,0.022,0.552,0.426,0.561222222222
tr_A0A0A0N0N1_A0A0A0N0N1_HUMAN,112,E,E,0.611,0.021,0.452,0.528,0.557222222222
tr_A0A0A0N0N1_A0A0A0N0N1_HUMAN,113,I,B,0.113,0.020,0.205,0.775,0.581666666667
tr_A0A0A0N0N1_A0A0A0N0N1_HUMAN,114,P,E,0.477,0.018,0.088,0.893,0.582333333333
tr_A0A0A0N0N1_A0A0A0N0N1_HUMAN,115,G,E,0.581,0.018,0.047,0.935,0.598222222222
tr_A0A0A0N0N1_A0A0A0N0N1_HUMAN,116,A,B,0.334,0.018,0.088,0.893,0.606666666667
tr_A0A0A0N0N1_A0A0A0N0N1_HUMAN,117,S,E,0.511,0.020,0.205,0.775,0.598
tr_A0A0A0N0N1_A0A0A0N0N1_HUMAN,118,L,B,0.183,0.021,0.279,0.699,0.620555555556
tr_A0A0A0N0N1_A0A0A0N0N1_HUMAN,119,H,B,0.287,0.020,0.205,0.775,0.613444444444
tr_A0A0A0N0N1_A0A0A0N0N1_HUMAN,120,P,E,0.425,0.020,0.205,0.775,0.615666666667
tr_A0A0A0N0N1_A0A0A0N0N1_HUMAN,121,V,B,0.226,0.018,0.141,0.840,0.62
tr_A0A0A0N0N1_A0A0A0N0N1_HUMAN,122,Q,E,0.445,0.018,0.088,0.893,0.61
tr_A0A0A0N0N1_A0A0A0N0N1_HUMAN,123,P,E,0.349,0.052,0.084,0.864,0.608222222222
tr_A0A0A0N0N1_A0A0A0N0N1_HUMAN,124,E,E,0.638,0.056,0.142,0.802,0.603111111111
tr_A0A0A0N0N1_A0A0A0N0N1_HUMAN,125,Y,B,0.209,0.064,0.216,0.721,0.592555555556
tr_A0A0A0N0N1_A0A0A0N0N1_HUMAN,126,S,E,0.544,0.064,0.216,0.721,0.597444444444
tr_A0A0A0N0N1_A0A0A0N0N1_HUMAN,127,L,B,0.137,0.056,0.142,0.802,0.595444444444
tr_A0A0A0N0N1_A0A0A0N0N1_HUMAN,128,P,E,0.355,0.113,0.087,0.800,0.565222222222
tr_A0A0A0N0N1_A0A0A0N0N1_HUMAN,129,L,B,0.14,0.278,0.093,0.628,0.547777777778
tr_A0A0A0N0N1_A0A0A0N0N1_HUMAN,130,K,E,0.495,0.278,0.093,0.628,0.526111111111
tr_A0A0A0N0N1_A0A0A0N0N1_HUMAN,131,E,E,0.466,0.321,0.252,0.427,0.496666666667
tr_A0A0A0N0N1_A0A0A0N0N1_HUMAN,132,L,B,0.09,0.252,0.423,0.325,0.469777777778
tr_A0A0A0N0N1_A0A0A0N0N1_HUMAN,133,E,E,0.35,0.159,0.516,0.325,0.441888888889
tr_A0A0A0N0N1_A0A0A0N0N1_HUMAN,134,M,B,0.129,0.085,0.775,0.140,0.438888888889
tr_A0A0A0N0N1_A0A0A0N0N1_HUMAN,135,I,B,0.043,0.018,0.846,0.136,0.422222222222
tr_A0A0A0N0N1_A0A0A0N0N1_HUMAN,136,I,B,0.055,0.018,0.846,0.136,0.413333333333
tr_A0A0A0N0N1_A0A0A0N0N1_HUMAN,137,F,B,0.055,0.018,0.846,0.136,0.411
tr_A0A0A0N0N1_A0A0A0N0N1_HUMAN,138,P,B,0.107,0.022,0.552,0.426,0.409111111111
tr_A0A0A0N0N1_A0A0A0N0N1_HUMAN,139,V,B,0.074,0.069,0.386,0.545,0.415555555556
tr_A0A0A0N0N1_A0A0A0N0N1_HUMAN,140,T,B,0.205,0.064,0.216,0.721,0.428111111111
tr_A0A0A0N0N1_A0A0A0N0N1_HUMAN,141,G,B,0.215,0.056,0.142,0.802,0.453555555556
tr_A0A0A0N0N1_A0A0A0N0N1_HUMAN,142,W,B,0.133,0.064,0.216,0.721,0.487333333333
tr_A0A0A0N0N1_A0A0A0N0N1_HUMAN,143,A,B,0.146,0.125,0.227,0.648,0.500888888889
tr_A0A0A0N0N1_A0A0A0N0N1_HUMAN,144,V,B,0.103,0.118,0.150,0.732,0.509555555556
tr_A0A0A0N0N1_A0A0A0N0N1_HUMAN,145,P,B,0.227,0.184,0.043,0.773,0.505333333333
tr_A0A0A0N0N1_A0A0A0N0N1_HUMAN,146,H,B,0.311,0.339,0.016,0.645,0.527222222222
tr_A0A0A0N0N1_A0A0A0N0N1_HUMAN,147,A,B,0.185,0.522,0.016,0.462,0.532333333333
tr_A0A0A0N0N1_A0A0A0N0N1_HUMAN,148,T,B,0.162,0.622,0.015,0.363,0.518555555556
tr_A0A0A0N0N1_A0A0A0N0N1_HUMAN,149,S,E,0.34,0.802,0.014,0.185,0.533
tr_A0A0A0N0N1_A0A0A0N0N1_HUMAN,150,R,E,0.446,0.878,0.010,0.111,0.532555555556
tr_A0A0A0N0N1_A0A0A0N0N1_HUMAN,151,Y,B,0.149,0.878,0.010,0.111,0.507111111111
tr_A0A0A0N0N1_A0A0A0N0N1_HUMAN,152,F,B,0.061,0.923,0.002,0.076,0.506666666667
tr_A0A0A0N0N1_A0A0A0N0N1_HUMAN,153,E,E,0.471,0.970,0.001,0.029,0.509777777778
tr_A0A0A0N0N1_A0A0A0N0N1_HUMAN,154,K,E,0.43,0.970,0.001,0.029,0.515666666667
tr_A0A0A0N0N1_A0A0A0N0N1_HUMAN,155,I,B,0.08,0.923,0.002,0.076,0.508333333333
tr_A0A0A0N0N1_A0A0A0N0N1_HUMAN,156,L,B,0.212,0.859,0.002,0.139,0.494888888889
tr_A0A0A0N0N1_A0A0A0N0N1_HUMAN,157,T,E,0.534,0.694,0.003,0.303,0.455222222222
tr_A0A0A0N0N1_A0A0A0N0N1_HUMAN,158,E,E,0.637,0.406,0.004,0.591,0.39
tr_A0A0A0N0N1_A0A0A0N0N1_HUMAN,159,G,E,0.559,0.176,0.004,0.820,0.329
tr_A0A0A0N0N1_A0A0A0N0N1_HUMAN,160,I,E,0.668,0.003,0.003,0.994,0.288333333333
