Entry,Position,AminoAcid,Exposed/Buried,RelativeSurfaceAccessilibity,HelixProbability,SheetProbability,CoilProbability,EpitopeProbability
sp_P15391_CD19_HUMAN,1,M,E,0.827,0.003,0.003,0.994,0.191
sp_P15391_CD19_HUMAN,2,P,E,0.463,0.018,0.019,0.964,0.232333333333
sp_P15391_CD19_HUMAN,3,P,E,0.442,0.181,0.017,0.803,0.262333333333
sp_P15391_CD19_HUMAN,4,P,E,0.349,0.430,0.016,0.555,0.287666666667
sp_P15391_CD19_HUMAN,5,R,B,0.215,0.561,0.047,0.393,0.303888888889
sp_P15391_CD19_HUMAN,6,L,B,0.104,0.606,0.105,0.289,0.287444444444
sp_P15391_CD19_HUMAN,7,L,B,0.057,0.662,0.225,0.114,0.275666666667
sp_P15391_CD19_HUMAN,8,F,B,0.083,0.662,0.225,0.114,0.260333333333
sp_P15391_CD19_HUMAN,9,F,B,0.041,0.662,0.225,0.114,0.243222222222
sp_P15391_CD19_HUMAN,10,L,B,0.04,0.725,0.163,0.112,0.227333333333
sp_P15391_CD19_HUMAN,11,L,B,0.044,0.649,0.163,0.188,0.232888888889
sp_P15391_CD19_HUMAN,12,F,B,0.055,0.578,0.229,0.194,0.262444444444
sp_P15391_CD19_HUMAN,13,L,B,0.052,0.428,0.171,0.402,0.308
sp_P15391_CD19_HUMAN,14,T,B,0.094,0.199,0.152,0.649,0.346666666667
sp_P15391_CD19_HUMAN,15,P,B,0.137,0.118,0.150,0.732,0.402666666667
sp_P15391_CD19_HUMAN,16,M,E,0.267,0.052,0.084,0.864,0.447444444444
sp_P15391_CD19_HUMAN,17,E,E,0.456,0.052,0.084,0.864,0.485333333333
sp_P15391_CD19_HUMAN,18,V,B,0.114,0.018,0.088,0.893,0.521666666667
sp_P15391_CD19_HUMAN,19,R,E,0.309,0.018,0.088,0.893,0.543333333333
sp_P15391_CD19_HUMAN,20,P,B,0.23,0.018,0.047,0.935,0.546
sp_P15391_CD19_HUMAN,21,E,E,0.498,0.018,0.047,0.935,0.533111111111
sp_P15391_CD19_HUMAN,22,E,E,0.499,0.018,0.047,0.935,0.491444444444
sp_P15391_CD19_HUMAN,23,P,E,0.301,0.020,0.205,0.775,0.482444444444
sp_P15391_CD19_HUMAN,24,L,B,0.121,0.024,0.655,0.322,0.439777777778
sp_P15391_CD19_HUMAN,25,V,E,0.289,0.018,0.846,0.136,0.437777777778
sp_P15391_CD19_HUMAN,26,V,B,0.078,0.011,0.918,0.071,0.442222222222
sp_P15391_CD19_HUMAN,27,K,E,0.335,0.011,0.918,0.071,0.436555555556
sp_P15391_CD19_HUMAN,28,V,B,0.078,0.018,0.846,0.136,0.441333333333
sp_P15391_CD19_HUMAN,29,E,E,0.544,0.024,0.655,0.322,0.45
sp_P15391_CD19_HUMAN,30,E,E,0.487,0.021,0.279,0.699,0.443777777778
sp_P15391_CD19_HUMAN,31,G,E,0.404,0.018,0.047,0.935,0.461666666667
sp_P15391_CD19_HUMAN,32,D,E,0.526,0.018,0.019,0.964,0.443111111111
sp_P15391_CD19_HUMAN,33,N,E,0.541,0.018,0.141,0.840,0.461333333333
sp_P15391_CD19_HUMAN,34,A,B,0.067,0.024,0.655,0.322,0.418777777778
sp_P15391_CD19_HUMAN,35,V,B,0.185,0.018,0.846,0.136,0.395333333333
sp_P15391_CD19_HUMAN,36,L,B,0.055,0.018,0.846,0.136,0.393777777778
sp_P15391_CD19_HUMAN,37,Q,B,0.184,0.024,0.655,0.322,0.392222222222
sp_P15391_CD19_HUMAN,38,C,B,0.033,0.022,0.552,0.426,0.404111111111
sp_P15391_CD19_HUMAN,39,L,B,0.107,0.022,0.552,0.426,0.439111111111
sp_P15391_CD19_HUMAN,40,K,E,0.415,0.021,0.452,0.528,0.462555555556
sp_P15391_CD19_HUMAN,41,G,B,0.259,0.004,0.197,0.799,0.500666666667
sp_P15391_CD19_HUMAN,42,T,E,0.37,0.005,0.045,0.951,0.517888888889
sp_P15391_CD19_HUMAN,43,S,E,0.491,0.005,0.015,0.979,0.563222222222
sp_P15391_CD19_HUMAN,44,D,E,0.712,0.018,0.019,0.964,0.579777777778
sp_P15391_CD19_HUMAN,45,G,E,0.364,0.016,0.005,0.979,0.589555555556
sp_P15391_CD19_HUMAN,46,P,E,0.327,0.116,0.016,0.868,0.577
sp_P15391_CD19_HUMAN,47,T,E,0.415,0.268,0.043,0.689,0.567666666667
sp_P15391_CD19_HUMAN,48,Q,E,0.425,0.268,0.043,0.689,0.534888888889
sp_P15391_CD19_HUMAN,49,Q,E,0.353,0.307,0.165,0.527,0.515
sp_P15391_CD19_HUMAN,50,L,B,0.081,0.231,0.330,0.439,0.519555555556
sp_P15391_CD19_HUMAN,51,T,B,0.189,0.252,0.423,0.325,0.523
sp_P15391_CD19_HUMAN,52,W,B,0.106,0.252,0.423,0.325,0.526777777778
sp_P15391_CD19_HUMAN,53,S,B,0.184,0.231,0.330,0.439,0.537333333333
sp_P15391_CD19_HUMAN,54,R,E,0.352,0.125,0.227,0.648,0.535444444444
sp_P15391_CD19_HUMAN,55,E,E,0.507,0.052,0.084,0.864,0.544555555556
sp_P15391_CD19_HUMAN,56,S,B,0.281,0.018,0.047,0.935,0.546333333333
sp_P15391_CD19_HUMAN,57,P,E,0.439,0.052,0.084,0.864,0.545666666667
sp_P15391_CD19_HUMAN,58,L,B,0.268,0.113,0.087,0.800,0.550666666667
sp_P15391_CD19_HUMAN,59,K,E,0.377,0.268,0.043,0.689,0.534666666667
sp_P15391_CD19_HUMAN,60,P,B,0.222,0.353,0.048,0.598,0.496777777778
sp_P15391_CD19_HUMAN,61,F,B,0.087,0.502,0.102,0.396,0.476555555556
sp_P15391_CD19_HUMAN,62,L,B,0.21,0.538,0.173,0.289,0.454666666667
sp_P15391_CD19_HUMAN,63,K,E,0.328,0.538,0.173,0.289,0.448111111111
sp_P15391_CD19_HUMAN,64,L,B,0.053,0.578,0.229,0.194,0.444888888889
sp_P15391_CD19_HUMAN,65,S,B,0.193,0.428,0.171,0.402,0.444222222222
sp_P15391_CD19_HUMAN,66,L,B,0.109,0.191,0.086,0.723,0.460555555556
sp_P15391_CD19_HUMAN,67,G,E,0.354,0.053,0.043,0.903,0.445222222222
sp_P15391_CD19_HUMAN,68,L,B,0.177,0.018,0.019,0.964,0.440333333333
sp_P15391_CD19_HUMAN,69,P,E,0.326,0.018,0.019,0.964,0.445444444444
sp_P15391_CD19_HUMAN,70,G,B,0.248,0.018,0.088,0.893,0.453444444444
sp_P15391_CD19_HUMAN,71,L,B,0.08,0.020,0.205,0.775,0.444666666667
sp_P15391_CD19_HUMAN,72,G,B,0.091,0.022,0.359,0.619,0.441222222222
sp_P15391_CD19_HUMAN,73,I,B,0.082,0.022,0.552,0.426,0.437333333333
sp_P15391_CD19_HUMAN,74,H,B,0.184,0.024,0.655,0.322,0.420555555556
sp_P15391_CD19_HUMAN,75,M,B,0.121,0.024,0.655,0.322,0.402888888889
sp_P15391_CD19_HUMAN,76,R,B,0.143,0.022,0.359,0.619,0.401333333333
sp_P15391_CD19_HUMAN,77,P,E,0.207,0.056,0.142,0.802,0.383555555556
sp_P15391_CD19_HUMAN,78,L,B,0.071,0.064,0.216,0.721,0.374
sp_P15391_CD19_HUMAN,79,A,B,0.067,0.021,0.452,0.528,0.355
sp_P15391_CD19_HUMAN,80,I,B,0.036,0.021,0.756,0.223,0.351333333333
sp_P15391_CD19_HUMAN,81,W,B,0.047,0.011,0.918,0.071,0.333555555556
sp_P15391_CD19_HUMAN,82,L,B,0.018,0.011,0.918,0.071,0.319666666667
sp_P15391_CD19_HUMAN,83,F,B,0.023,0.006,0.962,0.032,0.305777777778
sp_P15391_CD19_HUMAN,84,I,B,0.021,0.006,0.962,0.032,0.314555555556
sp_P15391_CD19_HUMAN,85,F,B,0.028,0.006,0.962,0.032,0.338333333333
sp_P15391_CD19_HUMAN,86,N,B,0.056,0.011,0.918,0.071,0.372777777778
sp_P15391_CD19_HUMAN,87,V,B,0.033,0.024,0.655,0.322,0.400222222222
sp_P15391_CD19_HUMAN,88,S,B,0.13,0.022,0.359,0.619,0.411111111111
sp_P15391_CD19_HUMAN,89,Q,E,0.271,0.018,0.088,0.893,0.418333333333
sp_P15391_CD19_HUMAN,90,Q,E,0.348,0.018,0.047,0.935,0.424333333333
sp_P15391_CD19_HUMAN,91,M,B,0.208,0.018,0.088,0.893,0.421111111111
sp_P15391_CD19_HUMAN,92,G,B,0.111,0.004,0.138,0.858,0.417777777778
sp_P15391_CD19_HUMAN,93,G,B,0.051,0.004,0.420,0.576,0.395444444444
sp_P15391_CD19_HUMAN,94,F,B,0.047,0.018,0.846,0.136,0.384666666667
sp_P15391_CD19_HUMAN,95,Y,B,0.068,0.018,0.846,0.136,0.379777777778
sp_P15391_CD19_HUMAN,96,L,B,0.041,0.018,0.846,0.136,0.391333333333
sp_P15391_CD19_HUMAN,97,C,B,0.025,0.021,0.756,0.223,0.403555555556
sp_P15391_CD19_HUMAN,98,Q,B,0.211,0.004,0.420,0.576,0.433555555556
sp_P15391_CD19_HUMAN,99,P,E,0.514,0.004,0.085,0.910,0.461777777778
sp_P15391_CD19_HUMAN,100,G,E,0.499,0.005,0.015,0.979,0.507111111111
sp_P15391_CD19_HUMAN,101,P,B,0.262,0.005,0.015,0.979,0.559222222222
sp_P15391_CD19_HUMAN,102,P,E,0.474,0.005,0.015,0.979,0.603777777778
sp_P15391_CD19_HUMAN,103,S,E,0.469,0.018,0.019,0.964,0.611555555556
sp_P15391_CD19_HUMAN,104,E,E,0.518,0.058,0.017,0.925,0.611111111111
sp_P15391_CD19_HUMAN,105,K,E,0.582,0.116,0.016,0.868,0.6
sp_P15391_CD19_HUMAN,106,A,E,0.489,0.052,0.084,0.864,0.595888888889
sp_P15391_CD19_HUMAN,107,W,B,0.168,0.056,0.142,0.802,0.569
sp_P15391_CD19_HUMAN,108,Q,E,0.402,0.056,0.142,0.802,0.547333333333
sp_P15391_CD19_HUMAN,109,P,E,0.311,0.018,0.141,0.840,0.493777777778
sp_P15391_CD19_HUMAN,110,G,B,0.243,0.020,0.205,0.775,0.453111111111
sp_P15391_CD19_HUMAN,111,W,B,0.102,0.004,0.616,0.381,0.406
sp_P15391_CD19_HUMAN,112,T,B,0.193,0.002,0.816,0.182,0.406222222222
sp_P15391_CD19_HUMAN,113,V,B,0.064,0.001,0.900,0.099,0.395777777778
sp_P15391_CD19_HUMAN,114,N,B,0.232,0.001,0.900,0.099,0.398333333333
sp_P15391_CD19_HUMAN,115,V,B,0.08,0.001,0.900,0.099,0.391555555556
sp_P15391_CD19_HUMAN,116,E,E,0.455,0.004,0.616,0.381,0.405666666667
sp_P15391_CD19_HUMAN,117,G,E,0.418,0.020,0.205,0.775,0.410444444444
sp_P15391_CD19_HUMAN,118,S,E,0.433,0.056,0.142,0.802,0.424111111111
sp_P15391_CD19_HUMAN,119,G,E,0.321,0.125,0.227,0.648,0.432888888889
sp_P15391_CD19_HUMAN,120,E,E,0.302,0.079,0.592,0.329,0.446777777778
sp_P15391_CD19_HUMAN,121,L,B,0.077,0.085,0.775,0.140,0.434555555556
sp_P15391_CD19_HUMAN,122,F,B,0.075,0.072,0.855,0.073,0.425111111111
sp_P15391_CD19_HUMAN,123,R,B,0.173,0.085,0.775,0.140,0.427222222222
sp_P15391_CD19_HUMAN,124,W,B,0.065,0.085,0.775,0.140,0.450111111111
sp_P15391_CD19_HUMAN,125,N,B,0.183,0.079,0.592,0.329,0.464777777778
sp_P15391_CD19_HUMAN,126,V,B,0.086,0.064,0.216,0.721,0.497444444444
sp_P15391_CD19_HUMAN,127,S,B,0.247,0.118,0.150,0.732,0.524888888889
sp_P15391_CD19_HUMAN,128,D,E,0.411,0.052,0.084,0.864,0.541333333333
sp_P15391_CD19_HUMAN,129,L,E,0.41,0.053,0.043,0.903,0.566
sp_P15391_CD19_HUMAN,130,G,E,0.476,0.018,0.019,0.964,0.570666666667
sp_P15391_CD19_HUMAN,131,G,E,0.586,0.018,0.019,0.964,0.584
sp_P15391_CD19_HUMAN,132,L,E,0.446,0.018,0.019,0.964,0.579444444444
sp_P15391_CD19_HUMAN,133,G,E,0.386,0.018,0.047,0.935,0.583666666667
sp_P15391_CD19_HUMAN,134,C,B,0.076,0.018,0.088,0.893,0.58
sp_P15391_CD19_HUMAN,135,G,E,0.272,0.018,0.088,0.893,0.569555555556
sp_P15391_CD19_HUMAN,136,L,B,0.113,0.018,0.088,0.893,0.581333333333
sp_P15391_CD19_HUMAN,137,K,E,0.402,0.018,0.088,0.893,0.601444444444
sp_P15391_CD19_HUMAN,138,N,E,0.44,0.018,0.088,0.893,0.623888888889
sp_P15391_CD19_HUMAN,139,R,E,0.375,0.018,0.088,0.893,0.644
sp_P15391_CD19_HUMAN,140,S,E,0.433,0.018,0.047,0.935,0.670111111111
sp_P15391_CD19_HUMAN,141,S,E,0.501,0.018,0.047,0.935,0.698555555556
sp_P15391_CD19_HUMAN,142,E,E,0.636,0.018,0.047,0.935,0.691888888889
sp_P15391_CD19_HUMAN,143,G,E,0.361,0.018,0.047,0.935,0.700111111111
sp_P15391_CD19_HUMAN,144,P,E,0.384,0.018,0.047,0.935,0.707888888889
sp_P15391_CD19_HUMAN,145,S,E,0.511,0.018,0.047,0.935,0.704888888889
sp_P15391_CD19_HUMAN,146,S,E,0.392,0.018,0.019,0.964,0.703444444444
sp_P15391_CD19_HUMAN,147,P,E,0.436,0.018,0.019,0.964,0.691222222222
sp_P15391_CD19_HUMAN,148,S,E,0.443,0.018,0.019,0.964,0.693222222222
sp_P15391_CD19_HUMAN,149,G,E,0.523,0.018,0.019,0.964,0.675444444444
sp_P15391_CD19_HUMAN,150,K,E,0.455,0.018,0.019,0.964,0.641666666667
sp_P15391_CD19_HUMAN,151,L,E,0.413,0.018,0.019,0.964,0.633888888889
sp_P15391_CD19_HUMAN,152,M,E,0.398,0.018,0.019,0.964,0.589666666667
sp_P15391_CD19_HUMAN,153,S,E,0.407,0.018,0.019,0.964,0.543111111111
sp_P15391_CD19_HUMAN,154,P,B,0.247,0.018,0.088,0.893,0.501111111111
sp_P15391_CD19_HUMAN,155,K,B,0.232,0.021,0.452,0.528,0.449444444444
sp_P15391_CD19_HUMAN,156,L,B,0.037,0.021,0.756,0.223,0.412
sp_P15391_CD19_HUMAN,157,Y,B,0.069,0.018,0.846,0.136,0.398777777778
sp_P15391_CD19_HUMAN,158,V,B,0.043,0.018,0.846,0.136,0.400444444444
sp_P15391_CD19_HUMAN,159,W,B,0.055,0.018,0.846,0.136,0.423
sp_P15391_CD19_HUMAN,160,A,B,0.091,0.024,0.655,0.322,0.425222222222
sp_P15391_CD19_HUMAN,161,K,E,0.378,0.020,0.205,0.775,0.463333333333
sp_P15391_CD19_HUMAN,162,D,E,0.527,0.018,0.088,0.893,0.486333333333
sp_P15391_CD19_HUMAN,163,R,E,0.354,0.018,0.088,0.893,0.514111111111
sp_P15391_CD19_HUMAN,164,P,B,0.205,0.052,0.084,0.864,0.557222222222
sp_P15391_CD19_HUMAN,165,E,E,0.454,0.066,0.296,0.638,0.588
sp_P15391_CD19_HUMAN,166,I,B,0.134,0.069,0.386,0.545,0.596111111111
sp_P15391_CD19_HUMAN,167,W,B,0.146,0.069,0.386,0.545,0.591444444444
sp_P15391_CD19_HUMAN,168,E,E,0.557,0.064,0.216,0.721,0.587555555556
sp_P15391_CD19_HUMAN,169,G,E,0.462,0.018,0.088,0.893,0.575888888889
sp_P15391_CD19_HUMAN,170,E,E,0.624,0.018,0.047,0.935,0.559111111111
sp_P15391_CD19_HUMAN,171,P,B,0.254,0.018,0.047,0.935,0.554777777778
sp_P15391_CD19_HUMAN,172,P,E,0.482,0.004,0.085,0.910,0.556888888889
sp_P15391_CD19_HUMAN,173,C,B,0.071,0.004,0.138,0.858,0.560666666667
sp_P15391_CD19_HUMAN,174,L,B,0.248,0.004,0.085,0.910,0.565555555556
sp_P15391_CD19_HUMAN,175,P,B,0.198,0.005,0.045,0.951,0.563
sp_P15391_CD19_HUMAN,176,P,E,0.355,0.018,0.019,0.964,0.558222222222
sp_P15391_CD19_HUMAN,177,R,E,0.569,0.058,0.017,0.925,0.563333333333
sp_P15391_CD19_HUMAN,178,D,E,0.456,0.058,0.017,0.925,0.594333333333
sp_P15391_CD19_HUMAN,179,S,E,0.311,0.116,0.016,0.868,0.605555555556
sp_P15391_CD19_HUMAN,180,L,B,0.144,0.268,0.043,0.689,0.622222222222
sp_P15391_CD19_HUMAN,181,N,E,0.39,0.184,0.043,0.773,0.624666666667
sp_P15391_CD19_HUMAN,182,Q,E,0.405,0.191,0.086,0.723,0.614888888889
sp_P15391_CD19_HUMAN,183,S,E,0.351,0.191,0.086,0.723,0.606666666667
sp_P15391_CD19_HUMAN,184,L,B,0.192,0.191,0.086,0.723,0.569444444444
sp_P15391_CD19_HUMAN,185,S,E,0.382,0.113,0.087,0.800,0.571666666667
sp_P15391_CD19_HUMAN,186,Q,E,0.375,0.118,0.150,0.732,0.532888888889
sp_P15391_CD19_HUMAN,187,D,E,0.381,0.125,0.227,0.648,0.501444444444
sp_P15391_CD19_HUMAN,188,L,B,0.06,0.074,0.484,0.442,0.493
sp_P15391_CD19_HUMAN,189,T,E,0.259,0.079,0.592,0.329,0.477111111111
sp_P15391_CD19_HUMAN,190,M,B,0.089,0.074,0.484,0.442,0.459777777778
sp_P15391_CD19_HUMAN,191,A,B,0.151,0.018,0.141,0.840,0.437111111111
sp_P15391_CD19_HUMAN,192,P,E,0.307,0.018,0.047,0.935,0.408666666667
sp_P15391_CD19_HUMAN,193,G,E,0.422,0.018,0.019,0.964,0.427222222222
sp_P15391_CD19_HUMAN,194,S,B,0.157,0.018,0.047,0.935,0.391
sp_P15391_CD19_HUMAN,195,T,E,0.278,0.022,0.359,0.619,0.402666666667
sp_P15391_CD19_HUMAN,196,L,B,0.059,0.024,0.655,0.322,0.390333333333
sp_P15391_CD19_HUMAN,197,W,B,0.129,0.021,0.756,0.223,0.388
sp_P15391_CD19_HUMAN,198,L,B,0.056,0.024,0.655,0.322,0.386777777778
sp_P15391_CD19_HUMAN,199,S,B,0.201,0.022,0.552,0.426,0.400222222222
sp_P15391_CD19_HUMAN,200,C,B,0.052,0.020,0.205,0.775,0.418444444444
sp_P15391_CD19_HUMAN,201,G,E,0.472,0.005,0.045,0.951,0.454444444444
sp_P15391_CD19_HUMAN,202,V,B,0.213,0.005,0.015,0.979,0.470888888889
sp_P15391_CD19_HUMAN,203,P,B,0.246,0.018,0.019,0.964,0.507222222222
sp_P15391_CD19_HUMAN,204,P,E,0.413,0.058,0.017,0.925,0.536888888889
sp_P15391_CD19_HUMAN,205,D,E,0.492,0.053,0.043,0.903,0.578888888889
sp_P15391_CD19_HUMAN,206,S,E,0.301,0.053,0.043,0.903,0.584444444444
sp_P15391_CD19_HUMAN,207,V,B,0.137,0.056,0.142,0.802,0.588888888889
sp_P15391_CD19_HUMAN,208,S,E,0.309,0.021,0.279,0.699,0.573222222222
sp_P15391_CD19_HUMAN,209,R,E,0.378,0.021,0.279,0.699,0.56
sp_P15391_CD19_HUMAN,210,G,B,0.191,0.018,0.141,0.840,0.523444444444
sp_P15391_CD19_HUMAN,211,P,E,0.271,0.018,0.141,0.840,0.501222222222
sp_P15391_CD19_HUMAN,212,L,B,0.111,0.022,0.359,0.619,0.491444444444
sp_P15391_CD19_HUMAN,213,S,B,0.153,0.021,0.452,0.528,0.454
sp_P15391_CD19_HUMAN,214,W,B,0.084,0.024,0.655,0.322,0.428222222222
sp_P15391_CD19_HUMAN,215,T,B,0.138,0.021,0.756,0.223,0.421333333333
sp_P15391_CD19_HUMAN,216,H,B,0.122,0.021,0.756,0.223,0.430333333333
sp_P15391_CD19_HUMAN,217,V,B,0.095,0.024,0.655,0.322,0.443555555556
sp_P15391_CD19_HUMAN,218,H,B,0.191,0.021,0.452,0.528,0.448555555556
sp_P15391_CD19_HUMAN,219,P,B,0.188,0.020,0.205,0.775,0.466666666667
sp_P15391_CD19_HUMAN,220,K,E,0.53,0.018,0.047,0.935,0.478111111111
sp_P15391_CD19_HUMAN,221,G,E,0.547,0.053,0.043,0.903,0.471111111111
sp_P15391_CD19_HUMAN,222,P,E,0.387,0.052,0.084,0.864,0.462777777778
sp_P15391_CD19_HUMAN,223,K,E,0.323,0.064,0.216,0.721,0.452222222222
sp_P15391_CD19_HUMAN,224,S,B,0.235,0.074,0.484,0.442,0.446555555556
sp_P15391_CD19_HUMAN,225,L,B,0.104,0.079,0.592,0.329,0.436111111111
sp_P15391_CD19_HUMAN,226,L,B,0.048,0.079,0.592,0.329,0.429777777778
sp_P15391_CD19_HUMAN,227,S,B,0.118,0.079,0.592,0.329,0.442333333333
sp_P15391_CD19_HUMAN,228,L,B,0.108,0.148,0.418,0.435,0.467
sp_P15391_CD19_HUMAN,229,E,E,0.315,0.231,0.330,0.439,0.473222222222
sp_P15391_CD19_HUMAN,230,L,B,0.132,0.199,0.152,0.649,0.497888888889
sp_P15391_CD19_HUMAN,231,K,E,0.415,0.113,0.043,0.844,0.527444444444
sp_P15391_CD19_HUMAN,232,D,E,0.593,0.053,0.043,0.903,0.531777777778
sp_P15391_CD19_HUMAN,233,D,E,0.669,0.018,0.019,0.964,0.533666666667
sp_P15391_CD19_HUMAN,234,R,B,0.232,0.018,0.047,0.935,0.533111111111
sp_P15391_CD19_HUMAN,235,P,E,0.309,0.053,0.043,0.903,0.513666666667
sp_P15391_CD19_HUMAN,236,A,B,0.099,0.113,0.087,0.800,0.479
sp_P15391_CD19_HUMAN,237,R,B,0.185,0.199,0.152,0.649,0.428
sp_P15391_CD19_HUMAN,238,D,B,0.217,0.216,0.235,0.548,0.397444444444
sp_P15391_CD19_HUMAN,239,M,B,0.059,0.252,0.423,0.325,0.376
sp_P15391_CD19_HUMAN,240,W,B,0.047,0.268,0.505,0.227,0.362222222222
sp_P15391_CD19_HUMAN,241,V,B,0.038,0.273,0.587,0.140,0.351555555556
sp_P15391_CD19_HUMAN,242,M,B,0.064,0.268,0.505,0.227,0.330555555556
sp_P15391_CD19_HUMAN,243,E,B,0.145,0.252,0.423,0.325,0.309777777778
sp_P15391_CD19_HUMAN,244,T,B,0.115,0.148,0.418,0.435,0.305222222222
sp_P15391_CD19_HUMAN,245,G,B,0.098,0.169,0.612,0.219,0.314
sp_P15391_CD19_HUMAN,246,L,B,0.045,0.079,0.592,0.329,0.350777777778
sp_P15391_CD19_HUMAN,247,L,B,0.048,0.074,0.484,0.442,0.373444444444
sp_P15391_CD19_HUMAN,248,L,B,0.048,0.069,0.386,0.545,0.398333333333
sp_P15391_CD19_HUMAN,249,P,B,0.121,0.069,0.386,0.545,0.427
sp_P15391_CD19_HUMAN,250,R,E,0.416,0.022,0.359,0.619,0.465888888889
sp_P15391_CD19_HUMAN,251,A,B,0.088,0.022,0.359,0.619,0.505
sp_P15391_CD19_HUMAN,252,T,E,0.329,0.022,0.359,0.619,0.534555555556
sp_P15391_CD19_HUMAN,253,A,E,0.383,0.021,0.279,0.699,0.565222222222
sp_P15391_CD19_HUMAN,254,Q,E,0.561,0.018,0.141,0.840,0.581222222222
sp_P15391_CD19_HUMAN,255,D,E,0.537,0.052,0.084,0.864,0.577555555556
sp_P15391_CD19_HUMAN,256,A,E,0.44,0.018,0.047,0.935,0.583777777778
sp_P15391_CD19_HUMAN,257,G,E,0.314,0.018,0.141,0.840,0.540111111111
sp_P15391_CD19_HUMAN,258,K,E,0.273,0.024,0.655,0.322,0.521
sp_P15391_CD19_HUMAN,259,Y,B,0.095,0.018,0.846,0.136,0.507444444444
sp_P15391_CD19_HUMAN,260,Y,B,0.19,0.018,0.846,0.136,0.494
sp_P15391_CD19_HUMAN,261,C,B,0.03,0.018,0.846,0.136,0.488333333333
sp_P15391_CD19_HUMAN,262,H,E,0.323,0.024,0.655,0.322,0.487444444444
sp_P15391_CD19_HUMAN,263,R,E,0.424,0.004,0.336,0.660,0.474666666667
sp_P15391_CD19_HUMAN,264,G,E,0.402,0.004,0.085,0.910,0.460777777778
sp_P15391_CD19_HUMAN,265,N,E,0.553,0.004,0.085,0.910,0.447222222222
sp_P15391_CD19_HUMAN,266,L,B,0.234,0.004,0.514,0.481,0.462
sp_P15391_CD19_HUMAN,267,T,B,0.239,0.001,0.900,0.099,0.455
sp_P15391_CD19_HUMAN,268,M,B,0.125,0.001,0.900,0.099,0.416444444444
sp_P15391_CD19_HUMAN,269,S,E,0.279,0.001,0.959,0.040,0.402222222222
sp_P15391_CD19_HUMAN,270,F,B,0.098,0.001,0.959,0.040,0.372333333333
sp_P15391_CD19_HUMAN,271,H,B,0.201,0.001,0.900,0.099,0.362333333333
sp_P15391_CD19_HUMAN,272,L,B,0.062,0.001,0.900,0.099,0.344666666667
sp_P15391_CD19_HUMAN,273,E,E,0.248,0.001,0.959,0.040,0.344
sp_P15391_CD19_HUMAN,274,I,B,0.057,0.001,0.959,0.040,0.344888888889
sp_P15391_CD19_HUMAN,275,T,B,0.126,0.001,0.900,0.099,0.337
sp_P15391_CD19_HUMAN,276,A,B,0.083,0.021,0.756,0.223,0.328777777778
sp_P15391_CD19_HUMAN,277,R,E,0.247,0.022,0.552,0.426,0.332333333333
sp_P15391_CD19_HUMAN,278,P,B,0.197,0.069,0.386,0.545,0.322
sp_P15391_CD19_HUMAN,279,V,B,0.069,0.169,0.612,0.219,0.329333333333
sp_P15391_CD19_HUMAN,280,L,B,0.095,0.169,0.612,0.219,0.306888888889
sp_P15391_CD19_HUMAN,281,W,B,0.038,0.268,0.505,0.227,0.306777777778
sp_P15391_CD19_HUMAN,282,H,B,0.098,0.373,0.401,0.226,0.312222222222
sp_P15391_CD19_HUMAN,283,W,B,0.045,0.487,0.370,0.143,0.324444444444
sp_P15391_CD19_HUMAN,284,L,B,0.04,0.578,0.229,0.194,0.343333333333
sp_P15391_CD19_HUMAN,285,L,B,0.044,0.649,0.163,0.188,0.353333333333
sp_P15391_CD19_HUMAN,286,R,E,0.309,0.502,0.102,0.396,0.376111111111
sp_P15391_CD19_HUMAN,287,T,B,0.205,0.113,0.043,0.844,0.403888888889
sp_P15391_CD19_HUMAN,288,G,E,0.375,0.018,0.019,0.964,0.408555555556
sp_P15391_CD19_HUMAN,289,G,E,0.238,0.018,0.047,0.935,0.419555555556
sp_P15391_CD19_HUMAN,290,W,B,0.085,0.064,0.216,0.721,0.417
sp_P15391_CD19_HUMAN,291,K,E,0.267,0.252,0.423,0.325,0.389555555556
sp_P15391_CD19_HUMAN,292,V,B,0.058,0.321,0.252,0.427,0.350777777778
sp_P15391_CD19_HUMAN,293,S,B,0.053,0.538,0.173,0.289,0.325555555556
sp_P15391_CD19_HUMAN,294,A,B,0.045,0.779,0.101,0.120,0.297333333333
sp_P15391_CD19_HUMAN,295,V,B,0.057,0.870,0.077,0.053,0.274444444444
sp_P15391_CD19_HUMAN,296,T,B,0.045,0.911,0.033,0.057,0.233666666667
sp_P15391_CD19_HUMAN,297,L,B,0.045,0.938,0.007,0.055,0.216666666667
sp_P15391_CD19_HUMAN,298,A,B,0.056,0.975,0.003,0.022,0.199555555556
sp_P15391_CD19_HUMAN,299,Y,B,0.09,0.975,0.003,0.022,0.187444444444
sp_P15391_CD19_HUMAN,300,L,B,0.043,0.975,0.003,0.022,0.178888888889
sp_P15391_CD19_HUMAN,301,I,B,0.082,0.975,0.003,0.022,0.176222222222
sp_P15391_CD19_HUMAN,302,F,B,0.078,0.975,0.003,0.022,0.178222222222
sp_P15391_CD19_HUMAN,303,C,B,0.038,0.923,0.002,0.076,0.174333333333
sp_P15391_CD19_HUMAN,304,L,B,0.066,0.923,0.002,0.076,0.167444444444
sp_P15391_CD19_HUMAN,305,C,B,0.088,0.923,0.002,0.076,0.169444444444
sp_P15391_CD19_HUMAN,306,S,B,0.092,0.923,0.002,0.076,0.161888888889
sp_P15391_CD19_HUMAN,307,L,B,0.038,0.938,0.007,0.055,0.168111111111
sp_P15391_CD19_HUMAN,308,V,B,0.049,0.938,0.007,0.055,0.190666666667
sp_P15391_CD19_HUMAN,309,G,B,0.056,0.938,0.007,0.055,0.191888888889
sp_P15391_CD19_HUMAN,310,I,B,0.051,0.938,0.007,0.055,0.215444444444
sp_P15391_CD19_HUMAN,311,L,B,0.046,0.878,0.010,0.111,0.236333333333
sp_P15391_CD19_HUMAN,312,H,B,0.139,0.878,0.010,0.111,0.251888888889
sp_P15391_CD19_HUMAN,313,L,B,0.049,0.802,0.014,0.185,0.268
sp_P15391_CD19_HUMAN,314,Q,B,0.211,0.831,0.044,0.125,0.294777777778
sp_P15391_CD19_HUMAN,315,R,E,0.243,0.831,0.044,0.125,0.321444444444
sp_P15391_CD19_HUMAN,316,A,B,0.055,0.831,0.044,0.125,0.342111111111
sp_P15391_CD19_HUMAN,317,L,B,0.096,0.831,0.044,0.125,0.366
sp_P15391_CD19_HUMAN,318,V,B,0.131,0.831,0.044,0.125,0.415111111111
sp_P15391_CD19_HUMAN,319,L,B,0.133,0.751,0.050,0.199,0.451777777778
sp_P15391_CD19_HUMAN,320,R,B,0.26,0.751,0.050,0.199,0.483888888889
sp_P15391_CD19_HUMAN,321,R,E,0.326,0.751,0.050,0.199,0.524888888889
sp_P15391_CD19_HUMAN,322,K,E,0.357,0.660,0.049,0.291,0.544888888889
sp_P15391_CD19_HUMAN,323,R,E,0.305,0.561,0.047,0.393,0.564555555556
sp_P15391_CD19_HUMAN,324,K,E,0.429,0.455,0.046,0.498,0.598333333333
sp_P15391_CD19_HUMAN,325,R,E,0.369,0.353,0.048,0.598,0.616777777778
sp_P15391_CD19_HUMAN,326,M,B,0.178,0.184,0.043,0.773,0.616222222222
sp_P15391_CD19_HUMAN,327,T,E,0.353,0.113,0.043,0.844,0.606444444444
sp_P15391_CD19_HUMAN,328,D,E,0.369,0.184,0.043,0.773,0.593333333333
sp_P15391_CD19_HUMAN,329,P,B,0.277,0.181,0.017,0.803,0.559555555556
sp_P15391_CD19_HUMAN,330,T,B,0.251,0.268,0.043,0.689,0.529666666667
sp_P15391_CD19_HUMAN,331,R,B,0.272,0.278,0.093,0.628,0.532888888889
sp_P15391_CD19_HUMAN,332,R,E,0.282,0.199,0.152,0.649,0.515666666667
sp_P15391_CD19_HUMAN,333,F,B,0.126,0.135,0.317,0.548,0.498
sp_P15391_CD19_HUMAN,334,F,B,0.099,0.074,0.484,0.442,0.504333333333
sp_P15391_CD19_HUMAN,335,K,E,0.395,0.024,0.655,0.322,0.513555555556
sp_P15391_CD19_HUMAN,336,V,B,0.148,0.024,0.655,0.322,0.540777777778
sp_P15391_CD19_HUMAN,337,T,B,0.284,0.021,0.452,0.528,0.546666666667
sp_P15391_CD19_HUMAN,338,P,B,0.263,0.004,0.197,0.799,0.577
sp_P15391_CD19_HUMAN,339,P,E,0.297,0.005,0.045,0.951,0.605666666667
sp_P15391_CD19_HUMAN,340,P,E,0.466,0.018,0.019,0.964,0.620777777778
sp_P15391_CD19_HUMAN,341,G,E,0.595,0.018,0.019,0.964,0.640111111111
sp_P15391_CD19_HUMAN,342,S,E,0.486,0.018,0.019,0.964,0.658888888889
sp_P15391_CD19_HUMAN,343,G,E,0.341,0.058,0.017,0.925,0.661111111111
sp_P15391_CD19_HUMAN,344,P,E,0.376,0.053,0.043,0.903,0.651
sp_P15391_CD19_HUMAN,345,Q,E,0.409,0.052,0.084,0.864,0.615777777778
sp_P15391_CD19_HUMAN,346,N,E,0.344,0.056,0.142,0.802,0.596111111111
sp_P15391_CD19_HUMAN,347,Q,E,0.36,0.021,0.279,0.699,0.557888888889
sp_P15391_CD19_HUMAN,348,Y,B,0.237,0.022,0.359,0.619,0.515888888889
sp_P15391_CD19_HUMAN,349,G,B,0.144,0.022,0.359,0.619,0.494222222222
sp_P15391_CD19_HUMAN,350,N,B,0.244,0.022,0.552,0.426,0.457111111111
sp_P15391_CD19_HUMAN,351,V,B,0.09,0.021,0.756,0.223,0.434222222222
sp_P15391_CD19_HUMAN,352,L,B,0.092,0.021,0.756,0.223,0.427222222222
sp_P15391_CD19_HUMAN,353,S,B,0.186,0.024,0.655,0.322,0.439555555556
sp_P15391_CD19_HUMAN,354,L,B,0.076,0.021,0.452,0.528,0.466555555556
sp_P15391_CD19_HUMAN,355,P,B,0.239,0.020,0.205,0.775,0.493888888889
sp_P15391_CD19_HUMAN,356,T,B,0.259,0.018,0.088,0.893,0.525777777778
sp_P15391_CD19_HUMAN,357,P,E,0.33,0.018,0.088,0.893,0.571555555556
sp_P15391_CD19_HUMAN,358,T,E,0.43,0.018,0.088,0.893,0.582111111111
sp_P15391_CD19_HUMAN,359,S,E,0.455,0.052,0.084,0.864,0.619333333333
sp_P15391_CD19_HUMAN,360,G,E,0.343,0.113,0.043,0.844,0.623111111111
sp_P15391_CD19_HUMAN,361,L,E,0.375,0.184,0.043,0.773,0.616
sp_P15391_CD19_HUMAN,362,G,B,0.243,0.278,0.093,0.628,0.606888888889
sp_P15391_CD19_HUMAN,363,R,B,0.234,0.307,0.165,0.527,0.590111111111
sp_P15391_CD19_HUMAN,364,A,B,0.119,0.321,0.252,0.427,0.565333333333
sp_P15391_CD19_HUMAN,365,Q,B,0.137,0.352,0.332,0.316,0.559888888889
sp_P15391_CD19_HUMAN,366,R,E,0.272,0.352,0.332,0.316,0.539888888889
sp_P15391_CD19_HUMAN,367,W,B,0.145,0.352,0.332,0.316,0.541333333333
sp_P15391_CD19_HUMAN,368,A,B,0.234,0.199,0.152,0.649,0.543111111111
sp_P15391_CD19_HUMAN,369,A,E,0.292,0.113,0.087,0.800,0.548111111111
sp_P15391_CD19_HUMAN,370,G,B,0.236,0.113,0.043,0.844,0.548111111111
sp_P15391_CD19_HUMAN,371,L,B,0.201,0.053,0.043,0.903,0.555666666667
sp_P15391_CD19_HUMAN,372,G,E,0.341,0.018,0.047,0.935,0.569555555556
sp_P15391_CD19_HUMAN,373,G,B,0.342,0.018,0.047,0.935,0.574777777778
sp_P15391_CD19_HUMAN,374,T,B,0.281,0.052,0.084,0.864,0.578888888889
sp_P15391_CD19_HUMAN,375,A,B,0.252,0.018,0.088,0.893,0.592888888889
sp_P15391_CD19_HUMAN,376,P,B,0.262,0.052,0.084,0.864,0.591333333333
sp_P15391_CD19_HUMAN,377,S,E,0.319,0.052,0.084,0.864,0.583222222222
sp_P15391_CD19_HUMAN,378,Y,B,0.227,0.052,0.084,0.864,0.587888888889
sp_P15391_CD19_HUMAN,379,G,E,0.32,0.053,0.043,0.903,0.598666666667
sp_P15391_CD19_HUMAN,380,N,B,0.223,0.018,0.047,0.935,0.599111111111
sp_P15391_CD19_HUMAN,381,P,B,0.171,0.053,0.043,0.903,0.602111111111
sp_P15391_CD19_HUMAN,382,S,E,0.32,0.113,0.087,0.800,0.629666666667
sp_P15391_CD19_HUMAN,383,S,E,0.429,0.191,0.086,0.723,0.628444444444
sp_P15391_CD19_HUMAN,384,D,E,0.49,0.353,0.048,0.598,0.634555555556
sp_P15391_CD19_HUMAN,385,V,B,0.21,0.353,0.048,0.598,0.648
sp_P15391_CD19_HUMAN,386,Q,E,0.525,0.455,0.046,0.498,0.653555555556
sp_P15391_CD19_HUMAN,387,A,E,0.591,0.455,0.046,0.498,0.658777777778
sp_P15391_CD19_HUMAN,388,D,E,0.378,0.455,0.046,0.498,0.656888888889
sp_P15391_CD19_HUMAN,389,G,E,0.402,0.455,0.046,0.498,0.654111111111
sp_P15391_CD19_HUMAN,390,A,E,0.367,0.386,0.097,0.517,0.663222222222
sp_P15391_CD19_HUMAN,391,L,B,0.289,0.278,0.093,0.628,0.663666666667
sp_P15391_CD19_HUMAN,392,G,E,0.349,0.199,0.152,0.649,0.671
sp_P15391_CD19_HUMAN,393,S,E,0.494,0.199,0.152,0.649,0.676666666667
sp_P15391_CD19_HUMAN,394,R,E,0.435,0.199,0.152,0.649,0.672222222222
sp_P15391_CD19_HUMAN,395,S,E,0.451,0.113,0.087,0.800,0.670777777778
sp_P15391_CD19_HUMAN,396,P,E,0.433,0.053,0.043,0.903,0.665111111111
sp_P15391_CD19_HUMAN,397,P,E,0.425,0.053,0.043,0.903,0.66
sp_P15391_CD19_HUMAN,398,G,E,0.433,0.053,0.043,0.903,0.663
sp_P15391_CD19_HUMAN,399,V,B,0.294,0.053,0.043,0.903,0.650777777778
sp_P15391_CD19_HUMAN,400,G,E,0.394,0.018,0.047,0.935,0.645
sp_P15391_CD19_HUMAN,401,P,E,0.412,0.053,0.043,0.903,0.644555555556
sp_P15391_CD19_HUMAN,402,E,E,0.59,0.113,0.087,0.800,0.631
sp_P15391_CD19_HUMAN,403,E,E,0.557,0.113,0.087,0.800,0.640444444444
sp_P15391_CD19_HUMAN,404,E,E,0.568,0.191,0.086,0.723,0.640444444444
sp_P15391_CD19_HUMAN,405,E,E,0.59,0.184,0.043,0.773,0.629111111111
sp_P15391_CD19_HUMAN,406,G,E,0.322,0.113,0.043,0.844,0.646444444444
sp_P15391_CD19_HUMAN,407,E,E,0.565,0.113,0.087,0.800,0.639222222222
sp_P15391_CD19_HUMAN,408,G,E,0.37,0.056,0.142,0.802,0.638777777778
sp_P15391_CD19_HUMAN,409,Y,B,0.246,0.064,0.216,0.721,0.628555555556
sp_P15391_CD19_HUMAN,410,E,E,0.549,0.056,0.142,0.802,0.618333333333
sp_P15391_CD19_HUMAN,411,E,E,0.478,0.018,0.088,0.893,0.625444444444
sp_P15391_CD19_HUMAN,412,P,E,0.369,0.018,0.047,0.935,0.608222222222
sp_P15391_CD19_HUMAN,413,D,E,0.565,0.018,0.019,0.964,0.599777777778
sp_P15391_CD19_HUMAN,414,S,E,0.401,0.116,0.016,0.868,0.604555555556
sp_P15391_CD19_HUMAN,415,E,E,0.675,0.184,0.043,0.773,0.592444444444
sp_P15391_CD19_HUMAN,416,E,E,0.595,0.184,0.043,0.773,0.595111111111
sp_P15391_CD19_HUMAN,417,D,B,0.259,0.268,0.043,0.689,0.580555555556
sp_P15391_CD19_HUMAN,418,S,E,0.345,0.307,0.165,0.527,0.581333333333
sp_P15391_CD19_HUMAN,419,E,E,0.41,0.352,0.332,0.316,0.588666666667
sp_P15391_CD19_HUMAN,420,F,B,0.164,0.352,0.332,0.316,0.586888888889
sp_P15391_CD19_HUMAN,421,Y,B,0.195,0.352,0.332,0.316,0.604
sp_P15391_CD19_HUMAN,422,E,E,0.431,0.321,0.252,0.427,0.624333333333
sp_P15391_CD19_HUMAN,423,N,E,0.4,0.191,0.086,0.723,0.644555555556
sp_P15391_CD19_HUMAN,424,D,E,0.416,0.113,0.043,0.844,0.651111111111
sp_P15391_CD19_HUMAN,425,S,E,0.56,0.184,0.043,0.773,0.652444444444
sp_P15391_CD19_HUMAN,426,N,E,0.53,0.268,0.043,0.689,0.666
sp_P15391_CD19_HUMAN,427,L,B,0.251,0.353,0.048,0.598,0.668777777778
sp_P15391_CD19_HUMAN,428,G,E,0.433,0.339,0.016,0.645,0.655333333333
sp_P15391_CD19_HUMAN,429,Q,E,0.434,0.455,0.046,0.498,0.657333333333
sp_P15391_CD19_HUMAN,430,D,E,0.398,0.455,0.046,0.498,0.660777777778
sp_P15391_CD19_HUMAN,431,Q,E,0.345,0.502,0.102,0.396,0.655777777778
sp_P15391_CD19_HUMAN,432,L,B,0.118,0.502,0.102,0.396,0.654777777778
sp_P15391_CD19_HUMAN,433,S,E,0.337,0.386,0.097,0.517,0.662111111111
sp_P15391_CD19_HUMAN,434,Q,E,0.559,0.191,0.086,0.723,0.659777777778
sp_P15391_CD19_HUMAN,435,D,E,0.441,0.113,0.043,0.844,0.655333333333
sp_P15391_CD19_HUMAN,436,G,B,0.297,0.058,0.017,0.925,0.655
sp_P15391_CD19_HUMAN,437,S,E,0.428,0.053,0.043,0.903,0.651555555556
sp_P15391_CD19_HUMAN,438,G,E,0.4,0.053,0.043,0.903,0.646
sp_P15391_CD19_HUMAN,439,Y,B,0.251,0.053,0.043,0.903,0.632
sp_P15391_CD19_HUMAN,440,E,E,0.54,0.052,0.084,0.864,0.627777777778
sp_P15391_CD19_HUMAN,441,N,E,0.291,0.053,0.043,0.903,0.611
sp_P15391_CD19_HUMAN,442,P,E,0.44,0.058,0.017,0.925,0.591555555556
sp_P15391_CD19_HUMAN,443,E,E,0.685,0.113,0.043,0.844,0.593444444444
sp_P15391_CD19_HUMAN,444,D,E,0.67,0.053,0.043,0.903,0.587111111111
sp_P15391_CD19_HUMAN,445,E,E,0.476,0.053,0.043,0.903,0.578666666667
sp_P15391_CD19_HUMAN,446,P,E,0.497,0.053,0.043,0.903,0.594333333333
sp_P15391_CD19_HUMAN,447,L,B,0.207,0.053,0.043,0.903,0.594666666667
sp_P15391_CD19_HUMAN,448,G,B,0.265,0.018,0.047,0.935,0.601
sp_P15391_CD19_HUMAN,449,P,E,0.399,0.053,0.043,0.903,0.608666666667
sp_P15391_CD19_HUMAN,450,E,E,0.596,0.113,0.043,0.844,0.616777777778
sp_P15391_CD19_HUMAN,451,D,E,0.491,0.113,0.043,0.844,0.614666666667
sp_P15391_CD19_HUMAN,452,E,E,0.543,0.116,0.016,0.868,0.624
sp_P15391_CD19_HUMAN,453,D,E,0.48,0.184,0.043,0.773,0.632
sp_P15391_CD19_HUMAN,454,S,E,0.364,0.268,0.043,0.689,0.633777777778
sp_P15391_CD19_HUMAN,455,F,B,0.133,0.268,0.043,0.689,0.643222222222
sp_P15391_CD19_HUMAN,456,S,E,0.427,0.268,0.043,0.689,0.635444444444
sp_P15391_CD19_HUMAN,457,N,E,0.426,0.268,0.043,0.689,0.620111111111
sp_P15391_CD19_HUMAN,458,A,B,0.225,0.455,0.046,0.498,0.614222222222
sp_P15391_CD19_HUMAN,459,E,E,0.491,0.561,0.047,0.393,0.608111111111
sp_P15391_CD19_HUMAN,460,S,E,0.392,0.455,0.046,0.498,0.623444444444
sp_P15391_CD19_HUMAN,461,Y,B,0.223,0.455,0.046,0.498,0.613666666667
sp_P15391_CD19_HUMAN,462,E,E,0.55,0.455,0.046,0.498,0.621444444444
sp_P15391_CD19_HUMAN,463,N,E,0.46,0.268,0.043,0.689,0.628111111111
sp_P15391_CD19_HUMAN,464,E,E,0.541,0.257,0.016,0.727,0.600333333333
sp_P15391_CD19_HUMAN,465,D,E,0.501,0.257,0.016,0.727,0.595333333333
sp_P15391_CD19_HUMAN,466,E,E,0.573,0.561,0.047,0.393,0.600333333333
sp_P15391_CD19_HUMAN,467,E,E,0.525,0.561,0.047,0.393,0.592222222222
sp_P15391_CD19_HUMAN,468,L,B,0.132,0.455,0.046,0.498,0.579666666667
sp_P15391_CD19_HUMAN,469,T,B,0.191,0.353,0.048,0.598,0.567222222222
sp_P15391_CD19_HUMAN,470,Q,E,0.415,0.353,0.048,0.598,0.566222222222
sp_P15391_CD19_HUMAN,471,P,B,0.202,0.455,0.046,0.498,0.543
sp_P15391_CD19_HUMAN,472,V,B,0.09,0.455,0.046,0.498,0.525555555556
sp_P15391_CD19_HUMAN,473,A,B,0.224,0.502,0.102,0.396,0.538
sp_P15391_CD19_HUMAN,474,R,E,0.333,0.502,0.102,0.396,0.529
sp_P15391_CD19_HUMAN,475,T,B,0.172,0.502,0.102,0.396,0.506222222222
sp_P15391_CD19_HUMAN,476,M,B,0.194,0.353,0.048,0.598,0.499222222222
sp_P15391_CD19_HUMAN,477,D,E,0.404,0.184,0.043,0.773,0.511333333333
sp_P15391_CD19_HUMAN,478,F,B,0.105,0.113,0.087,0.800,0.516111111111
sp_P15391_CD19_HUMAN,479,L,B,0.091,0.113,0.087,0.800,0.514777777778
sp_P15391_CD19_HUMAN,480,S,B,0.153,0.053,0.043,0.903,0.523
sp_P15391_CD19_HUMAN,481,P,E,0.319,0.018,0.047,0.935,0.529222222222
sp_P15391_CD19_HUMAN,482,H,E,0.428,0.018,0.019,0.964,0.529
sp_P15391_CD19_HUMAN,483,G,B,0.147,0.018,0.019,0.964,0.539777777778
sp_P15391_CD19_HUMAN,484,S,E,0.362,0.018,0.047,0.935,0.558
sp_P15391_CD19_HUMAN,485,A,B,0.187,0.052,0.084,0.864,0.565666666667
sp_P15391_CD19_HUMAN,486,W,B,0.151,0.052,0.084,0.864,0.567222222222
sp_P15391_CD19_HUMAN,487,D,E,0.297,0.113,0.043,0.844,0.569111111111
sp_P15391_CD19_HUMAN,488,P,B,0.274,0.181,0.017,0.803,0.559666666667
sp_P15391_CD19_HUMAN,489,S,B,0.248,0.430,0.016,0.555,0.567555555556
sp_P15391_CD19_HUMAN,490,R,E,0.378,0.561,0.047,0.393,0.573222222222
sp_P15391_CD19_HUMAN,491,E,E,0.392,0.622,0.015,0.363,0.572777777778
sp_P15391_CD19_HUMAN,492,A,B,0.111,0.622,0.015,0.363,0.582777777778
sp_P15391_CD19_HUMAN,493,T,E,0.391,0.622,0.015,0.363,0.591444444444
sp_P15391_CD19_HUMAN,494,S,E,0.43,0.522,0.016,0.462,0.595777777778
sp_P15391_CD19_HUMAN,495,L,B,0.205,0.430,0.016,0.555,0.594111111111
sp_P15391_CD19_HUMAN,496,G,B,0.292,0.257,0.016,0.727,0.589666666667
sp_P15391_CD19_HUMAN,497,S,E,0.383,0.339,0.016,0.645,0.597444444444
sp_P15391_CD19_HUMAN,498,Q,E,0.463,0.353,0.048,0.598,0.593444444444
sp_P15391_CD19_HUMAN,499,S,B,0.234,0.455,0.046,0.498,0.565444444444
sp_P15391_CD19_HUMAN,500,Y,B,0.165,0.751,0.050,0.199,0.556
sp_P15391_CD19_HUMAN,501,E,E,0.422,0.717,0.014,0.269,0.53
sp_P15391_CD19_HUMAN,502,D,E,0.253,0.717,0.014,0.269,0.483777777778
sp_P15391_CD19_HUMAN,503,M,B,0.055,0.717,0.014,0.269,0.438444444444
sp_P15391_CD19_HUMAN,504,R,B,0.207,0.717,0.014,0.269,0.417333333333
sp_P15391_CD19_HUMAN,505,G,B,0.144,0.751,0.050,0.199,0.393666666667
sp_P15391_CD19_HUMAN,506,I,B,0.04,0.751,0.050,0.199,0.375444444444
sp_P15391_CD19_HUMAN,507,L,B,0.051,0.660,0.049,0.291,0.374444444444
sp_P15391_CD19_HUMAN,508,Y,B,0.175,0.606,0.105,0.289,0.412111111111
sp_P15391_CD19_HUMAN,509,A,B,0.119,0.386,0.097,0.517,0.404222222222
sp_P15391_CD19_HUMAN,510,A,B,0.081,0.268,0.043,0.689,0.429222222222
sp_P15391_CD19_HUMAN,511,P,E,0.294,0.184,0.043,0.773,0.468222222222
sp_P15391_CD19_HUMAN,512,Q,E,0.379,0.191,0.086,0.723,0.493
sp_P15391_CD19_HUMAN,513,L,B,0.081,0.191,0.086,0.723,0.531111111111
sp_P15391_CD19_HUMAN,514,R,E,0.384,0.199,0.152,0.649,0.562666666667
sp_P15391_CD19_HUMAN,515,S,E,0.45,0.191,0.086,0.723,0.584555555556
sp_P15391_CD19_HUMAN,516,I,B,0.119,0.191,0.086,0.723,0.594666666667
sp_P15391_CD19_HUMAN,517,R,E,0.379,0.113,0.043,0.844,0.585444444444
sp_P15391_CD19_HUMAN,518,G,E,0.5,0.018,0.019,0.964,0.608444444444
sp_P15391_CD19_HUMAN,519,Q,E,0.532,0.018,0.019,0.964,0.609555555556
sp_P15391_CD19_HUMAN,520,P,E,0.475,0.005,0.015,0.979,0.617111111111
sp_P15391_CD19_HUMAN,521,G,B,0.25,0.003,0.003,0.994,0.648222222222
sp_P15391_CD19_HUMAN,522,P,E,0.34,0.016,0.005,0.979,0.648666666667
sp_P15391_CD19_HUMAN,523,N,E,0.454,0.018,0.019,0.964,0.649555555556
sp_P15391_CD19_HUMAN,524,H,E,0.344,0.116,0.016,0.868,0.656888888889
sp_P15391_CD19_HUMAN,525,E,E,0.557,0.257,0.016,0.727,0.665777777778
sp_P15391_CD19_HUMAN,526,E,E,0.605,0.268,0.043,0.689,0.663666666667
sp_P15391_CD19_HUMAN,527,D,E,0.387,0.257,0.016,0.727,0.657666666667
sp_P15391_CD19_HUMAN,528,A,E,0.298,0.257,0.016,0.727,0.672
sp_P15391_CD19_HUMAN,529,D,E,0.532,0.339,0.016,0.645,0.664222222222
sp_P15391_CD19_HUMAN,530,S,E,0.375,0.430,0.016,0.555,0.644333333333
sp_P15391_CD19_HUMAN,531,Y,B,0.226,0.430,0.016,0.555,0.640333333333
sp_P15391_CD19_HUMAN,532,E,E,0.509,0.430,0.016,0.555,0.633333333333
sp_P15391_CD19_HUMAN,533,N,E,0.424,0.339,0.016,0.645,0.631222222222
sp_P15391_CD19_HUMAN,534,M,B,0.2,0.181,0.017,0.803,0.616
sp_P15391_CD19_HUMAN,535,D,E,0.588,0.116,0.016,0.868,0.612444444444
sp_P15391_CD19_HUMAN,536,N,E,0.428,0.058,0.017,0.925,0.607444444444
sp_P15391_CD19_HUMAN,537,P,E,0.484,0.018,0.019,0.964,0.585666666667
sp_P15391_CD19_HUMAN,538,D,E,0.708,0.018,0.019,0.964,0.585111111111
sp_P15391_CD19_HUMAN,539,G,E,0.558,0.018,0.019,0.964,0.588555555556
sp_P15391_CD19_HUMAN,540,P,E,0.525,0.018,0.019,0.964,0.582888888889
sp_P15391_CD19_HUMAN,541,D,E,0.569,0.018,0.019,0.964,0.578444444444
sp_P15391_CD19_HUMAN,542,P,B,0.25,0.018,0.019,0.964,0.566666666667
sp_P15391_CD19_HUMAN,543,A,E,0.453,0.053,0.043,0.903,0.565111111111
sp_P15391_CD19_HUMAN,544,W,B,0.165,0.052,0.084,0.864,0.565333333333
sp_P15391_CD19_HUMAN,545,G,E,0.373,0.052,0.084,0.864,0.570444444444
sp_P15391_CD19_HUMAN,546,G,E,0.306,0.056,0.142,0.802,0.566111111111
sp_P15391_CD19_HUMAN,547,G,B,0.284,0.018,0.141,0.840,0.561444444444
sp_P15391_CD19_HUMAN,548,G,B,0.147,0.020,0.205,0.775,0.550666666667
sp_P15391_CD19_HUMAN,549,R,B,0.232,0.022,0.359,0.619,0.540222222222
sp_P15391_CD19_HUMAN,550,M,B,0.154,0.021,0.279,0.699,0.542333333333
sp_P15391_CD19_HUMAN,551,G,B,0.23,0.020,0.205,0.775,0.542777777778
sp_P15391_CD19_HUMAN,552,T,E,0.329,0.021,0.279,0.699,0.547777777778
sp_P15391_CD19_HUMAN,553,W,B,0.205,0.022,0.359,0.619,0.485666666667
sp_P15391_CD19_HUMAN,554,S,E,0.483,0.021,0.279,0.699,0.422
sp_P15391_CD19_HUMAN,555,T,E,0.564,0.018,0.088,0.893,0.364222222222
sp_P15391_CD19_HUMAN,556,R,E,0.717,0.003,0.003,0.994,0.305333333333
