Entry,Position,AminoAcid,Exposed/Buried,RelativeSurfaceAccessilibity,HelixProbability,SheetProbability,CoilProbability,EpitopeProbability
sp_P20138_CD33_HUMAN,1,M,E,0.59,0.016,0.005,0.979,0.179666666667
sp_P20138_CD33_HUMAN,2,P,E,0.294,0.660,0.049,0.291,0.203222222222
sp_P20138_CD33_HUMAN,3,L,B,0.216,0.878,0.010,0.111,0.226333333333
sp_P20138_CD33_HUMAN,4,L,E,0.232,0.938,0.007,0.055,0.252555555556
sp_P20138_CD33_HUMAN,5,L,E,0.264,0.938,0.007,0.055,0.279888888889
sp_P20138_CD33_HUMAN,6,L,B,0.124,0.938,0.007,0.055,0.274888888889
sp_P20138_CD33_HUMAN,7,L,B,0.134,0.938,0.007,0.055,0.274777777778
sp_P20138_CD33_HUMAN,8,P,B,0.18,0.938,0.007,0.055,0.264666666667
sp_P20138_CD33_HUMAN,9,L,B,0.118,0.878,0.010,0.111,0.260666666667
sp_P20138_CD33_HUMAN,10,L,B,0.087,0.878,0.010,0.111,0.263444444444
sp_P20138_CD33_HUMAN,11,W,B,0.087,0.694,0.003,0.303,0.285111111111
sp_P20138_CD33_HUMAN,12,A,B,0.075,0.502,0.002,0.495,0.31
sp_P20138_CD33_HUMAN,13,G,B,0.067,0.430,0.016,0.555,0.348111111111
sp_P20138_CD33_HUMAN,14,A,B,0.058,0.268,0.043,0.689,0.381666666667
sp_P20138_CD33_HUMAN,15,L,B,0.147,0.113,0.043,0.844,0.411777777778
sp_P20138_CD33_HUMAN,16,A,B,0.196,0.058,0.017,0.925,0.443777777778
sp_P20138_CD33_HUMAN,17,M,E,0.392,0.018,0.019,0.964,0.466555555556
sp_P20138_CD33_HUMAN,18,D,E,0.409,0.018,0.047,0.935,0.482777777778
sp_P20138_CD33_HUMAN,19,P,E,0.42,0.005,0.045,0.951,0.484444444444
sp_P20138_CD33_HUMAN,20,N,E,0.489,0.004,0.336,0.660,0.495222222222
sp_P20138_CD33_HUMAN,21,F,B,0.139,0.003,0.718,0.279,0.509
sp_P20138_CD33_HUMAN,22,W,E,0.409,0.001,0.900,0.099,0.506666666667
sp_P20138_CD33_HUMAN,23,L,B,0.092,0.001,0.900,0.099,0.507222222222
sp_P20138_CD33_HUMAN,24,Q,E,0.547,0.001,0.900,0.099,0.511
sp_P20138_CD33_HUMAN,25,V,E,0.266,0.004,0.420,0.576,0.477888888889
sp_P20138_CD33_HUMAN,26,Q,E,0.376,0.004,0.085,0.910,0.469555555556
sp_P20138_CD33_HUMAN,27,E,E,0.608,0.004,0.263,0.733,0.444111111111
sp_P20138_CD33_HUMAN,28,S,E,0.567,0.002,0.816,0.182,0.448777777778
sp_P20138_CD33_HUMAN,29,V,B,0.07,0.001,0.900,0.099,0.452555555556
sp_P20138_CD33_HUMAN,30,T,E,0.425,0.011,0.918,0.071,0.444666666667
sp_P20138_CD33_HUMAN,31,V,B,0.059,0.001,0.900,0.099,0.442
sp_P20138_CD33_HUMAN,32,Q,E,0.384,0.002,0.816,0.182,0.440777777778
sp_P20138_CD33_HUMAN,33,E,E,0.43,0.004,0.420,0.576,0.431
sp_P20138_CD33_HUMAN,34,G,E,0.614,0.005,0.045,0.951,0.441888888889
sp_P20138_CD33_HUMAN,35,L,E,0.437,0.004,0.085,0.910,0.423111111111
sp_P20138_CD33_HUMAN,36,C,E,0.462,0.003,0.718,0.279,0.435
sp_P20138_CD33_HUMAN,37,V,B,0.035,0.001,0.900,0.099,0.418555555556
sp_P20138_CD33_HUMAN,38,L,E,0.376,0.001,0.959,0.040,0.410666666667
sp_P20138_CD33_HUMAN,39,V,B,0.038,0.001,0.959,0.040,0.391222222222
sp_P20138_CD33_HUMAN,40,P,E,0.271,0.001,0.900,0.099,0.384444444444
sp_P20138_CD33_HUMAN,41,C,B,0.018,0.002,0.816,0.182,0.384555555556
sp_P20138_CD33_HUMAN,42,T,E,0.333,0.002,0.816,0.182,0.397
sp_P20138_CD33_HUMAN,43,F,B,0.078,0.002,0.816,0.182,0.423777777778
sp_P20138_CD33_HUMAN,44,F,E,0.35,0.003,0.718,0.279,0.468222222222
sp_P20138_CD33_HUMAN,45,H,B,0.23,0.021,0.279,0.699,0.493888888889
sp_P20138_CD33_HUMAN,46,P,E,0.414,0.018,0.047,0.935,0.538666666667
sp_P20138_CD33_HUMAN,47,I,E,0.457,0.018,0.088,0.893,0.559777777778
sp_P20138_CD33_HUMAN,48,P,E,0.55,0.020,0.205,0.775,0.596111111111
sp_P20138_CD33_HUMAN,49,Y,E,0.487,0.020,0.205,0.775,0.615111111111
sp_P20138_CD33_HUMAN,50,Y,E,0.414,0.018,0.088,0.893,0.614777777778
sp_P20138_CD33_HUMAN,51,D,E,0.441,0.018,0.088,0.893,0.603555555556
sp_P20138_CD33_HUMAN,52,K,E,0.583,0.018,0.088,0.893,0.576
sp_P20138_CD33_HUMAN,53,N,E,0.408,0.004,0.085,0.910,0.551
sp_P20138_CD33_HUMAN,54,S,E,0.504,0.004,0.263,0.733,0.517444444444
sp_P20138_CD33_HUMAN,55,P,E,0.344,0.004,0.616,0.381,0.484
sp_P20138_CD33_HUMAN,56,V,B,0.102,0.001,0.900,0.099,0.450888888889
sp_P20138_CD33_HUMAN,57,H,B,0.182,0.001,0.959,0.040,0.421222222222
sp_P20138_CD33_HUMAN,58,G,B,0.024,0.001,0.959,0.040,0.393333333333
sp_P20138_CD33_HUMAN,59,Y,B,0.085,0.001,0.959,0.040,0.397888888889
sp_P20138_CD33_HUMAN,60,W,B,0.018,0.001,0.900,0.099,0.408222222222
sp_P20138_CD33_HUMAN,61,F,B,0.084,0.001,0.959,0.040,0.433222222222
sp_P20138_CD33_HUMAN,62,R,B,0.148,0.002,0.816,0.182,0.463444444444
sp_P20138_CD33_HUMAN,63,E,E,0.409,0.021,0.452,0.528,0.505333333333
sp_P20138_CD33_HUMAN,64,G,E,0.527,0.018,0.088,0.893,0.524111111111
sp_P20138_CD33_HUMAN,65,A,E,0.525,0.018,0.047,0.935,0.554555555556
sp_P20138_CD33_HUMAN,66,I,E,0.676,0.018,0.047,0.935,0.570444444444
sp_P20138_CD33_HUMAN,67,I,E,0.487,0.018,0.047,0.935,0.577555555556
sp_P20138_CD33_HUMAN,68,S,E,0.384,0.018,0.088,0.893,0.560444444444
sp_P20138_CD33_HUMAN,69,R,E,0.444,0.020,0.205,0.775,0.539444444444
sp_P20138_CD33_HUMAN,70,D,E,0.326,0.004,0.263,0.733,0.518222222222
sp_P20138_CD33_HUMAN,71,S,B,0.173,0.004,0.420,0.576,0.481111111111
sp_P20138_CD33_HUMAN,72,P,B,0.151,0.003,0.718,0.279,0.464222222222
sp_P20138_CD33_HUMAN,73,V,B,0.094,0.001,0.900,0.099,0.469555555556
sp_P20138_CD33_HUMAN,74,A,B,0.131,0.001,0.900,0.099,0.471222222222
sp_P20138_CD33_HUMAN,75,T,B,0.131,0.021,0.756,0.223,0.477222222222
sp_P20138_CD33_HUMAN,76,N,B,0.279,0.004,0.420,0.576,0.486444444444
sp_P20138_CD33_HUMAN,77,K,E,0.448,0.005,0.045,0.951,0.502444444444
sp_P20138_CD33_HUMAN,78,L,E,0.542,0.018,0.019,0.964,0.524111111111
sp_P20138_CD33_HUMAN,79,D,E,0.64,0.018,0.047,0.935,0.547222222222
sp_P20138_CD33_HUMAN,80,Q,E,0.4,0.021,0.279,0.699,0.587888888889
sp_P20138_CD33_HUMAN,81,E,E,0.567,0.024,0.655,0.322,0.597555555556
sp_P20138_CD33_HUMAN,82,V,E,0.292,0.024,0.655,0.322,0.584111111111
sp_P20138_CD33_HUMAN,83,Q,E,0.426,0.022,0.552,0.426,0.571777777778
sp_P20138_CD33_HUMAN,84,E,E,0.523,0.004,0.420,0.576,0.564111111111
sp_P20138_CD33_HUMAN,85,E,E,0.557,0.004,0.420,0.576,0.562
sp_P20138_CD33_HUMAN,86,T,B,0.263,0.004,0.420,0.576,0.534111111111
sp_P20138_CD33_HUMAN,87,Q,E,0.475,0.004,0.336,0.660,0.523666666667
sp_P20138_CD33_HUMAN,88,G,E,0.281,0.004,0.514,0.481,0.488444444444
sp_P20138_CD33_HUMAN,89,R,B,0.174,0.002,0.816,0.182,0.458666666667
sp_P20138_CD33_HUMAN,90,F,B,0.053,0.001,0.900,0.099,0.443222222222
sp_P20138_CD33_HUMAN,91,R,E,0.268,0.001,0.959,0.040,0.458111111111
sp_P20138_CD33_HUMAN,92,L,B,0.068,0.001,0.900,0.099,0.464
sp_P20138_CD33_HUMAN,93,L,B,0.219,0.002,0.816,0.182,0.484
sp_P20138_CD33_HUMAN,94,G,B,0.288,0.004,0.616,0.381,0.492
sp_P20138_CD33_HUMAN,95,D,E,0.441,0.004,0.336,0.660,0.523666666667
sp_P20138_CD33_HUMAN,96,P,E,0.374,0.004,0.197,0.799,0.531555555556
sp_P20138_CD33_HUMAN,97,S,E,0.592,0.004,0.197,0.799,0.533333333333
sp_P20138_CD33_HUMAN,98,R,E,0.563,0.004,0.138,0.858,0.534222222222
sp_P20138_CD33_HUMAN,99,N,E,0.515,0.004,0.197,0.799,0.503666666667
sp_P20138_CD33_HUMAN,100,N,E,0.446,0.004,0.420,0.576,0.486555555556
sp_P20138_CD33_HUMAN,101,C,B,0.053,0.002,0.816,0.182,0.452777777778
sp_P20138_CD33_HUMAN,102,S,B,0.129,0.001,0.900,0.099,0.435111111111
sp_P20138_CD33_HUMAN,103,L,B,0.028,0.001,0.959,0.040,0.423222222222
sp_P20138_CD33_HUMAN,104,S,B,0.207,0.001,0.959,0.040,0.399333333333
sp_P20138_CD33_HUMAN,105,I,B,0.029,0.001,0.900,0.099,0.406111111111
sp_P20138_CD33_HUMAN,106,V,E,0.385,0.003,0.718,0.279,0.448222222222
sp_P20138_CD33_HUMAN,107,D,E,0.501,0.004,0.514,0.481,0.470555555556
sp_P20138_CD33_HUMAN,108,A,B,0.071,0.004,0.263,0.733,0.506333333333
sp_P20138_CD33_HUMAN,109,R,E,0.466,0.004,0.420,0.576,0.509222222222
sp_P20138_CD33_HUMAN,110,R,E,0.549,0.004,0.420,0.576,0.534666666667
sp_P20138_CD33_HUMAN,111,R,E,0.58,0.004,0.197,0.799,0.526
sp_P20138_CD33_HUMAN,112,D,B,0.284,0.004,0.085,0.910,0.511555555556
sp_P20138_CD33_HUMAN,113,N,E,0.61,0.004,0.138,0.858,0.516444444444
sp_P20138_CD33_HUMAN,114,G,B,0.158,0.002,0.816,0.182,0.486222222222
sp_P20138_CD33_HUMAN,115,S,E,0.335,0.001,0.959,0.040,0.460333333333
sp_P20138_CD33_HUMAN,116,Y,B,0.03,0.001,0.959,0.040,0.427666666667
sp_P20138_CD33_HUMAN,117,F,B,0.156,0.001,0.959,0.040,0.424666666667
sp_P20138_CD33_HUMAN,118,F,B,0.013,0.001,0.959,0.040,0.425111111111
sp_P20138_CD33_HUMAN,119,R,B,0.163,0.001,0.959,0.040,0.427222222222
sp_P20138_CD33_HUMAN,120,M,B,0.03,0.001,0.959,0.040,0.439555555556
sp_P20138_CD33_HUMAN,121,E,E,0.291,0.001,0.959,0.040,0.472888888889
sp_P20138_CD33_HUMAN,122,R,E,0.326,0.001,0.900,0.099,0.494444444444
sp_P20138_CD33_HUMAN,123,G,E,0.453,0.004,0.263,0.733,0.522222222222
sp_P20138_CD33_HUMAN,124,S,E,0.673,0.004,0.085,0.910,0.532555555556
sp_P20138_CD33_HUMAN,125,T,E,0.444,0.004,0.263,0.733,0.552555555556
sp_P20138_CD33_HUMAN,126,K,E,0.587,0.004,0.263,0.733,0.564222222222
sp_P20138_CD33_HUMAN,127,Y,E,0.334,0.004,0.263,0.733,0.571666666667
sp_P20138_CD33_HUMAN,128,S,E,0.49,0.004,0.336,0.660,0.559555555556
sp_P20138_CD33_HUMAN,129,Y,B,0.222,0.004,0.514,0.481,0.549555555556
sp_P20138_CD33_HUMAN,130,K,E,0.442,0.004,0.616,0.381,0.502888888889
sp_P20138_CD33_HUMAN,131,S,E,0.388,0.004,0.616,0.381,0.464777777778
sp_P20138_CD33_HUMAN,132,P,E,0.378,0.003,0.718,0.279,0.419111111111
sp_P20138_CD33_HUMAN,133,Q,E,0.296,0.001,0.900,0.099,0.406222222222
sp_P20138_CD33_HUMAN,134,L,B,0.044,0.001,0.959,0.040,0.382444444444
sp_P20138_CD33_HUMAN,135,S,B,0.243,0.001,0.959,0.040,0.373777777778
sp_P20138_CD33_HUMAN,136,V,B,0.021,0.001,0.959,0.040,0.366111111111
sp_P20138_CD33_HUMAN,137,H,B,0.199,0.006,0.962,0.032,0.393333333333
sp_P20138_CD33_HUMAN,138,V,B,0.028,0.011,0.918,0.071,0.41
sp_P20138_CD33_HUMAN,139,T,B,0.236,0.001,0.900,0.099,0.450111111111
sp_P20138_CD33_HUMAN,140,D,E,0.339,0.004,0.616,0.381,0.485111111111
sp_P20138_CD33_HUMAN,141,L,E,0.314,0.004,0.138,0.858,0.518444444444
sp_P20138_CD33_HUMAN,142,T,E,0.498,0.005,0.045,0.951,0.537333333333
sp_P20138_CD33_HUMAN,143,H,E,0.526,0.004,0.138,0.858,0.557555555556
sp_P20138_CD33_HUMAN,144,R,E,0.484,0.004,0.263,0.733,0.566777777778
sp_P20138_CD33_HUMAN,145,P,B,0.215,0.004,0.336,0.660,0.570444444444
sp_P20138_CD33_HUMAN,146,K,E,0.561,0.022,0.552,0.426,0.554888888889
sp_P20138_CD33_HUMAN,147,I,B,0.153,0.004,0.616,0.381,0.547555555556
sp_P20138_CD33_HUMAN,148,L,E,0.454,0.021,0.452,0.528,0.541666666667
sp_P20138_CD33_HUMAN,149,I,B,0.283,0.021,0.279,0.699,0.540666666667
sp_P20138_CD33_HUMAN,150,P,E,0.511,0.018,0.141,0.840,0.560888888889
sp_P20138_CD33_HUMAN,151,G,E,0.402,0.018,0.141,0.840,0.564555555556
sp_P20138_CD33_HUMAN,152,T,E,0.499,0.022,0.359,0.619,0.569555555556
sp_P20138_CD33_HUMAN,153,L,E,0.288,0.021,0.452,0.528,0.565555555556
sp_P20138_CD33_HUMAN,154,E,E,0.46,0.004,0.420,0.576,0.566333333333
sp_P20138_CD33_HUMAN,155,P,E,0.601,0.004,0.138,0.858,0.552555555556
sp_P20138_CD33_HUMAN,156,G,E,0.75,0.005,0.045,0.951,0.538222222222
sp_P20138_CD33_HUMAN,157,H,E,0.459,0.004,0.085,0.910,0.500333333333
sp_P20138_CD33_HUMAN,158,S,E,0.516,0.004,0.420,0.576,0.471888888889
sp_P20138_CD33_HUMAN,159,K,B,0.071,0.002,0.816,0.182,0.427444444444
sp_P20138_CD33_HUMAN,160,N,E,0.358,0.001,0.900,0.099,0.396333333333
sp_P20138_CD33_HUMAN,161,L,B,0.034,0.001,0.900,0.099,0.363555555556
sp_P20138_CD33_HUMAN,162,T,B,0.193,0.001,0.900,0.099,0.348111111111
sp_P20138_CD33_HUMAN,163,C,B,0.012,0.011,0.918,0.071,0.349333333333
sp_P20138_CD33_HUMAN,164,S,B,0.196,0.001,0.900,0.099,0.363888888889
sp_P20138_CD33_HUMAN,165,V,B,0.03,0.002,0.816,0.182,0.375555555556
sp_P20138_CD33_HUMAN,166,S,E,0.269,0.024,0.655,0.322,0.425888888889
sp_P20138_CD33_HUMAN,167,W,B,0.151,0.021,0.452,0.528,0.456333333333
sp_P20138_CD33_HUMAN,168,A,B,0.338,0.022,0.359,0.619,0.490333333333
sp_P20138_CD33_HUMAN,169,C,B,0.252,0.018,0.088,0.893,0.508444444444
sp_P20138_CD33_HUMAN,170,E,E,0.631,0.005,0.015,0.979,0.538444444444
sp_P20138_CD33_HUMAN,171,Q,E,0.694,0.003,0.003,0.994,0.540444444444
sp_P20138_CD33_HUMAN,172,G,E,0.49,0.003,0.003,0.994,0.534222222222
sp_P20138_CD33_HUMAN,173,T,E,0.328,0.005,0.015,0.979,0.501555555556
sp_P20138_CD33_HUMAN,174,P,E,0.36,0.004,0.197,0.799,0.487555555556
sp_P20138_CD33_HUMAN,175,P,B,0.059,0.004,0.616,0.381,0.449111111111
sp_P20138_CD33_HUMAN,176,I,E,0.257,0.001,0.900,0.099,0.435
sp_P20138_CD33_HUMAN,177,F,B,0.04,0.001,0.959,0.040,0.428
sp_P20138_CD33_HUMAN,178,S,B,0.206,0.001,0.959,0.040,0.431777777778
sp_P20138_CD33_HUMAN,179,W,B,0.037,0.001,0.900,0.099,0.431222222222
sp_P20138_CD33_HUMAN,180,L,E,0.259,0.002,0.816,0.182,0.457333333333
sp_P20138_CD33_HUMAN,181,S,E,0.347,0.004,0.514,0.481,0.476
sp_P20138_CD33_HUMAN,182,A,E,0.474,0.018,0.141,0.840,0.518
sp_P20138_CD33_HUMAN,183,A,E,0.514,0.018,0.141,0.840,0.553111111111
sp_P20138_CD33_HUMAN,184,P,B,0.297,0.020,0.205,0.775,0.593111111111
sp_P20138_CD33_HUMAN,185,T,E,0.48,0.020,0.205,0.775,0.607444444444
sp_P20138_CD33_HUMAN,186,S,E,0.432,0.018,0.141,0.840,0.629222222222
sp_P20138_CD33_HUMAN,187,L,E,0.461,0.018,0.088,0.893,0.627888888889
sp_P20138_CD33_HUMAN,188,G,E,0.501,0.018,0.088,0.893,0.629111111111
sp_P20138_CD33_HUMAN,189,P,E,0.487,0.004,0.197,0.799,0.614666666667
sp_P20138_CD33_HUMAN,190,R,E,0.486,0.004,0.336,0.660,0.593333333333
sp_P20138_CD33_HUMAN,191,T,E,0.388,0.004,0.514,0.481,0.569
sp_P20138_CD33_HUMAN,192,T,E,0.383,0.004,0.616,0.381,0.529222222222
sp_P20138_CD33_HUMAN,193,H,E,0.357,0.004,0.514,0.481,0.478
sp_P20138_CD33_HUMAN,194,S,E,0.303,0.004,0.420,0.576,0.455222222222
sp_P20138_CD33_HUMAN,195,S,B,0.163,0.004,0.514,0.481,0.414444444444
sp_P20138_CD33_HUMAN,196,V,B,0.243,0.001,0.900,0.099,0.402333333333
sp_P20138_CD33_HUMAN,197,L,B,0.05,0.001,0.900,0.099,0.395333333333
sp_P20138_CD33_HUMAN,198,I,B,0.231,0.001,0.900,0.099,0.393555555556
sp_P20138_CD33_HUMAN,199,I,B,0.055,0.001,0.959,0.040,0.407111111111
sp_P20138_CD33_HUMAN,200,T,E,0.327,0.001,0.900,0.099,0.441666666667
sp_P20138_CD33_HUMAN,201,P,E,0.331,0.002,0.816,0.182,0.476777777778
sp_P20138_CD33_HUMAN,202,R,E,0.279,0.003,0.718,0.279,0.525777777778
sp_P20138_CD33_HUMAN,203,P,E,0.448,0.004,0.616,0.381,0.550111111111
sp_P20138_CD33_HUMAN,204,Q,E,0.476,0.004,0.263,0.733,0.575444444444
sp_P20138_CD33_HUMAN,205,D,E,0.553,0.004,0.138,0.858,0.585666666667
sp_P20138_CD33_HUMAN,206,H,E,0.543,0.005,0.045,0.951,0.566555555556
sp_P20138_CD33_HUMAN,207,G,E,0.711,0.005,0.015,0.979,0.557666666667
sp_P20138_CD33_HUMAN,208,T,E,0.293,0.004,0.420,0.576,0.522111111111
sp_P20138_CD33_HUMAN,209,N,E,0.396,0.002,0.816,0.182,0.480333333333
sp_P20138_CD33_HUMAN,210,L,B,0.046,0.001,0.959,0.040,0.435888888889
sp_P20138_CD33_HUMAN,211,T,B,0.184,0.001,0.959,0.040,0.413333333333
sp_P20138_CD33_HUMAN,212,C,B,0.013,0.001,0.959,0.040,0.386333333333
sp_P20138_CD33_HUMAN,213,Q,B,0.199,0.001,0.959,0.040,0.380222222222
sp_P20138_CD33_HUMAN,214,V,B,0.036,0.001,0.900,0.099,0.383777777778
sp_P20138_CD33_HUMAN,215,K,E,0.36,0.001,0.900,0.099,0.411777777778
sp_P20138_CD33_HUMAN,216,F,B,0.124,0.004,0.616,0.381,0.432222222222
sp_P20138_CD33_HUMAN,217,A,E,0.605,0.004,0.085,0.910,0.465555555556
sp_P20138_CD33_HUMAN,218,G,E,0.502,0.004,0.085,0.910,0.484888888889
sp_P20138_CD33_HUMAN,219,A,E,0.512,0.004,0.138,0.858,0.517
sp_P20138_CD33_HUMAN,220,G,E,0.61,0.004,0.263,0.733,0.526555555556
sp_P20138_CD33_HUMAN,221,V,E,0.477,0.004,0.420,0.576,0.54
sp_P20138_CD33_HUMAN,222,T,E,0.502,0.004,0.616,0.381,0.530666666667
sp_P20138_CD33_HUMAN,223,T,E,0.384,0.004,0.616,0.381,0.517444444444
sp_P20138_CD33_HUMAN,224,E,E,0.589,0.003,0.718,0.279,0.504111111111
sp_P20138_CD33_HUMAN,225,R,E,0.356,0.003,0.718,0.279,0.467
sp_P20138_CD33_HUMAN,226,T,E,0.461,0.002,0.816,0.182,0.439888888889
sp_P20138_CD33_HUMAN,227,I,B,0.282,0.001,0.900,0.099,0.413222222222
sp_P20138_CD33_HUMAN,228,Q,E,0.412,0.001,0.900,0.099,0.396555555556
sp_P20138_CD33_HUMAN,229,L,B,0.069,0.001,0.900,0.099,0.39
sp_P20138_CD33_HUMAN,230,N,E,0.419,0.001,0.900,0.099,0.392111111111
sp_P20138_CD33_HUMAN,231,V,B,0.062,0.001,0.900,0.099,0.410888888889
sp_P20138_CD33_HUMAN,232,T,E,0.426,0.002,0.816,0.182,0.434555555556
sp_P20138_CD33_HUMAN,233,Y,B,0.18,0.004,0.514,0.481,0.450333333333
sp_P20138_CD33_HUMAN,234,V,E,0.339,0.004,0.085,0.910,0.474444444444
sp_P20138_CD33_HUMAN,235,P,B,0.195,0.005,0.015,0.979,0.495777777778
sp_P20138_CD33_HUMAN,236,Q,E,0.574,0.018,0.088,0.893,0.516555555556
sp_P20138_CD33_HUMAN,237,N,E,0.511,0.004,0.197,0.799,0.522111111111
sp_P20138_CD33_HUMAN,238,P,B,0.199,0.004,0.420,0.576,0.519666666667
sp_P20138_CD33_HUMAN,239,T,E,0.447,0.003,0.718,0.279,0.518888888889
sp_P20138_CD33_HUMAN,240,T,B,0.168,0.018,0.846,0.136,0.530111111111
sp_P20138_CD33_HUMAN,241,G,E,0.351,0.024,0.655,0.322,0.529888888889
sp_P20138_CD33_HUMAN,242,I,B,0.183,0.022,0.552,0.426,0.534666666667
sp_P20138_CD33_HUMAN,243,F,B,0.281,0.022,0.552,0.426,0.554666666667
sp_P20138_CD33_HUMAN,244,P,B,0.341,0.020,0.205,0.775,0.577333333333
sp_P20138_CD33_HUMAN,245,G,E,0.54,0.018,0.047,0.935,0.596444444444
sp_P20138_CD33_HUMAN,246,D,E,0.474,0.052,0.084,0.864,0.616
sp_P20138_CD33_HUMAN,247,G,E,0.399,0.020,0.205,0.775,0.634777777778
sp_P20138_CD33_HUMAN,248,S,E,0.436,0.020,0.205,0.775,0.636666666667
sp_P20138_CD33_HUMAN,249,G,E,0.505,0.020,0.205,0.775,0.613888888889
sp_P20138_CD33_HUMAN,250,K,E,0.474,0.020,0.205,0.775,0.589
sp_P20138_CD33_HUMAN,251,Q,E,0.55,0.004,0.420,0.576,0.566222222222
sp_P20138_CD33_HUMAN,252,E,B,0.162,0.004,0.616,0.381,0.535
sp_P20138_CD33_HUMAN,253,T,E,0.436,0.003,0.718,0.279,0.503444444444
sp_P20138_CD33_HUMAN,254,R,B,0.121,0.003,0.718,0.279,0.474222222222
sp_P20138_CD33_HUMAN,255,A,E,0.381,0.004,0.616,0.381,0.452
sp_P20138_CD33_HUMAN,256,G,B,0.115,0.022,0.552,0.426,0.428888888889
sp_P20138_CD33_HUMAN,257,V,B,0.235,0.021,0.756,0.223,0.409777777778
sp_P20138_CD33_HUMAN,258,V,B,0.118,0.021,0.756,0.223,0.410222222222
sp_P20138_CD33_HUMAN,259,H,E,0.262,0.024,0.655,0.322,0.418555555556
sp_P20138_CD33_HUMAN,260,G,B,0.175,0.024,0.655,0.322,0.417333333333
sp_P20138_CD33_HUMAN,261,A,B,0.087,0.074,0.484,0.442,0.427111111111
sp_P20138_CD33_HUMAN,262,I,B,0.189,0.125,0.227,0.648,0.431222222222
sp_P20138_CD33_HUMAN,263,G,B,0.25,0.353,0.048,0.598,0.420555555556
sp_P20138_CD33_HUMAN,264,G,B,0.175,0.430,0.016,0.555,0.409
sp_P20138_CD33_HUMAN,265,A,B,0.196,0.622,0.015,0.363,0.394444444444
sp_P20138_CD33_HUMAN,266,G,B,0.179,0.701,0.107,0.192,0.374222222222
sp_P20138_CD33_HUMAN,267,V,B,0.075,0.779,0.101,0.120,0.342222222222
sp_P20138_CD33_HUMAN,268,T,B,0.205,0.917,0.063,0.019,0.307111111111
sp_P20138_CD33_HUMAN,269,A,B,0.09,0.950,0.028,0.022,0.285333333333
sp_P20138_CD33_HUMAN,270,L,B,0.142,0.975,0.003,0.022,0.244888888889
sp_P20138_CD33_HUMAN,271,L,B,0.079,0.975,0.003,0.022,0.216777777778
sp_P20138_CD33_HUMAN,272,A,B,0.11,0.975,0.003,0.022,0.203666666667
sp_P20138_CD33_HUMAN,273,L,B,0.16,0.975,0.003,0.022,0.188555555556
sp_P20138_CD33_HUMAN,274,C,B,0.136,0.975,0.003,0.022,0.180888888889
sp_P20138_CD33_HUMAN,275,L,B,0.113,0.970,0.001,0.029,0.189888888889
sp_P20138_CD33_HUMAN,276,C,B,0.115,0.970,0.001,0.029,0.199333333333
sp_P20138_CD33_HUMAN,277,L,B,0.153,0.970,0.001,0.029,0.202111111111
sp_P20138_CD33_HUMAN,278,I,B,0.133,0.970,0.001,0.029,0.210888888889
sp_P20138_CD33_HUMAN,279,F,B,0.117,0.975,0.003,0.022,0.243444444444
sp_P20138_CD33_HUMAN,280,F,B,0.137,0.938,0.007,0.055,0.265777777778
sp_P20138_CD33_HUMAN,281,I,B,0.129,0.938,0.007,0.055,0.307555555556
sp_P20138_CD33_HUMAN,282,V,B,0.087,0.878,0.010,0.111,0.347888888889
sp_P20138_CD33_HUMAN,283,K,B,0.19,0.911,0.033,0.057,0.399444444444
sp_P20138_CD33_HUMAN,284,T,B,0.235,0.802,0.014,0.185,0.449111111111
sp_P20138_CD33_HUMAN,285,H,B,0.284,0.831,0.044,0.125,0.492555555556
sp_P20138_CD33_HUMAN,286,R,E,0.322,0.701,0.107,0.192,0.536444444444
sp_P20138_CD33_HUMAN,287,R,E,0.588,0.502,0.102,0.396,0.584777777778
sp_P20138_CD33_HUMAN,288,K,E,0.566,0.386,0.097,0.517,0.606111111111
sp_P20138_CD33_HUMAN,289,A,E,0.494,0.191,0.086,0.723,0.634
sp_P20138_CD33_HUMAN,290,A,E,0.562,0.113,0.087,0.800,0.645666666667
sp_P20138_CD33_HUMAN,291,R,E,0.485,0.118,0.150,0.732,0.650333333333
sp_P20138_CD33_HUMAN,292,T,E,0.494,0.056,0.142,0.802,0.650444444444
sp_P20138_CD33_HUMAN,293,A,E,0.438,0.118,0.150,0.732,0.640888888889
sp_P20138_CD33_HUMAN,294,V,E,0.605,0.113,0.087,0.800,0.640444444444
sp_P20138_CD33_HUMAN,295,G,E,0.554,0.113,0.087,0.800,0.639666666667
sp_P20138_CD33_HUMAN,296,R,E,0.494,0.113,0.043,0.844,0.641666666667
sp_P20138_CD33_HUMAN,297,N,E,0.638,0.113,0.087,0.800,0.648777777778
sp_P20138_CD33_HUMAN,298,D,E,0.478,0.113,0.043,0.844,0.655888888889
sp_P20138_CD33_HUMAN,299,T,E,0.57,0.113,0.043,0.844,0.659666666667
sp_P20138_CD33_HUMAN,300,H,E,0.467,0.053,0.043,0.903,0.665444444444
sp_P20138_CD33_HUMAN,301,P,E,0.493,0.056,0.142,0.802,0.666222222222
sp_P20138_CD33_HUMAN,302,T,E,0.442,0.064,0.216,0.721,0.672666666667
sp_P20138_CD33_HUMAN,303,T,E,0.523,0.064,0.216,0.721,0.678222222222
sp_P20138_CD33_HUMAN,304,G,E,0.42,0.056,0.142,0.802,0.690555555556
sp_P20138_CD33_HUMAN,305,S,E,0.447,0.052,0.084,0.864,0.688444444444
sp_P20138_CD33_HUMAN,306,A,E,0.329,0.113,0.043,0.844,0.690111111111
sp_P20138_CD33_HUMAN,307,S,E,0.347,0.113,0.043,0.844,0.695
sp_P20138_CD33_HUMAN,308,P,E,0.485,0.113,0.043,0.844,0.698444444444
sp_P20138_CD33_HUMAN,309,K,E,0.524,0.058,0.017,0.925,0.703
sp_P20138_CD33_HUMAN,310,H,E,0.447,0.052,0.084,0.864,0.704777777778
sp_P20138_CD33_HUMAN,311,Q,E,0.526,0.020,0.205,0.775,0.709777777778
sp_P20138_CD33_HUMAN,312,K,E,0.484,0.022,0.359,0.619,0.703444444444
sp_P20138_CD33_HUMAN,313,K,E,0.487,0.021,0.279,0.699,0.700111111111
sp_P20138_CD33_HUMAN,314,S,E,0.315,0.020,0.205,0.775,0.677555555556
sp_P20138_CD33_HUMAN,315,K,E,0.489,0.020,0.205,0.775,0.661888888889
sp_P20138_CD33_HUMAN,316,L,E,0.36,0.018,0.141,0.840,0.642111111111
sp_P20138_CD33_HUMAN,317,H,E,0.674,0.018,0.088,0.893,0.625
sp_P20138_CD33_HUMAN,318,G,E,0.361,0.018,0.047,0.935,0.605666666667
sp_P20138_CD33_HUMAN,319,P,E,0.421,0.018,0.019,0.964,0.583555555556
sp_P20138_CD33_HUMAN,320,T,E,0.665,0.058,0.017,0.925,0.566333333333
sp_P20138_CD33_HUMAN,321,E,E,0.687,0.018,0.019,0.964,0.558
sp_P20138_CD33_HUMAN,322,T,E,0.652,0.058,0.017,0.925,0.551444444444
sp_P20138_CD33_HUMAN,323,S,E,0.508,0.018,0.019,0.964,0.563333333333
sp_P20138_CD33_HUMAN,324,S,E,0.414,0.018,0.019,0.964,0.567
sp_P20138_CD33_HUMAN,325,C,E,0.358,0.053,0.043,0.903,0.568333333333
sp_P20138_CD33_HUMAN,326,S,E,0.567,0.018,0.047,0.935,0.562888888889
sp_P20138_CD33_HUMAN,327,G,E,0.513,0.018,0.047,0.935,0.559222222222
sp_P20138_CD33_HUMAN,328,A,B,0.29,0.018,0.088,0.893,0.568888888889
sp_P20138_CD33_HUMAN,329,A,E,0.452,0.018,0.047,0.935,0.570555555556
sp_P20138_CD33_HUMAN,330,P,B,0.242,0.018,0.047,0.935,0.579777777778
sp_P20138_CD33_HUMAN,331,T,E,0.384,0.018,0.047,0.935,0.570111111111
sp_P20138_CD33_HUMAN,332,V,E,0.58,0.018,0.019,0.964,0.562333333333
sp_P20138_CD33_HUMAN,333,E,E,0.63,0.058,0.017,0.925,0.56
sp_P20138_CD33_HUMAN,334,M,E,0.583,0.053,0.043,0.903,0.535222222222
sp_P20138_CD33_HUMAN,335,D,E,0.607,0.053,0.043,0.903,0.540333333333
sp_P20138_CD33_HUMAN,336,E,E,0.529,0.052,0.084,0.864,0.529
sp_P20138_CD33_HUMAN,337,E,E,0.408,0.020,0.205,0.775,0.494666666667
sp_P20138_CD33_HUMAN,338,L,B,0.093,0.024,0.655,0.322,0.477222222222
sp_P20138_CD33_HUMAN,339,H,B,0.29,0.018,0.846,0.136,0.443
sp_P20138_CD33_HUMAN,340,Y,B,0.124,0.018,0.846,0.136,0.429222222222
sp_P20138_CD33_HUMAN,341,A,B,0.069,0.018,0.846,0.136,0.417888888889
sp_P20138_CD33_HUMAN,342,S,B,0.145,0.018,0.846,0.136,0.425777777778
sp_P20138_CD33_HUMAN,343,L,B,0.085,0.021,0.756,0.223,0.455222222222
sp_P20138_CD33_HUMAN,344,N,E,0.366,0.024,0.655,0.322,0.456
sp_P20138_CD33_HUMAN,345,F,B,0.131,0.022,0.359,0.619,0.478888888889
sp_P20138_CD33_HUMAN,346,H,E,0.56,0.018,0.141,0.840,0.509777777778
sp_P20138_CD33_HUMAN,347,G,E,0.703,0.018,0.088,0.893,0.524888888889
sp_P20138_CD33_HUMAN,348,M,E,0.303,0.018,0.088,0.893,0.567888888889
sp_P20138_CD33_HUMAN,349,N,E,0.539,0.018,0.047,0.935,0.595333333333
sp_P20138_CD33_HUMAN,350,P,E,0.358,0.018,0.019,0.964,0.616555555556
sp_P20138_CD33_HUMAN,351,S,E,0.553,0.018,0.019,0.964,0.618888888889
sp_P20138_CD33_HUMAN,352,K,E,0.607,0.018,0.019,0.964,0.613222222222
sp_P20138_CD33_HUMAN,353,D,E,0.563,0.018,0.019,0.964,0.622444444444
sp_P20138_CD33_HUMAN,354,T,E,0.543,0.018,0.019,0.964,0.612555555556
sp_P20138_CD33_HUMAN,355,S,E,0.591,0.018,0.019,0.964,0.613888888889
sp_P20138_CD33_HUMAN,356,T,B,0.258,0.018,0.047,0.935,0.608777777778
sp_P20138_CD33_HUMAN,357,E,E,0.48,0.056,0.142,0.802,0.578111111111
sp_P20138_CD33_HUMAN,358,Y,B,0.277,0.020,0.205,0.775,0.566111111111
sp_P20138_CD33_HUMAN,359,S,B,0.264,0.022,0.359,0.619,0.563666666667
sp_P20138_CD33_HUMAN,360,E,E,0.357,0.022,0.552,0.426,0.552222222222
sp_P20138_CD33_HUMAN,361,V,B,0.141,0.021,0.756,0.223,0.486888888889
sp_P20138_CD33_HUMAN,362,R,E,0.4,0.021,0.756,0.223,0.416666666667
sp_P20138_CD33_HUMAN,363,T,E,0.472,0.024,0.655,0.322,0.361
sp_P20138_CD33_HUMAN,364,Q,E,0.763,0.005,0.015,0.979,0.297666666667
