Entry,Position,AminoAcid,Exposed/Buried,RelativeSurfaceAccessilibity,HelixProbability,SheetProbability,CoilProbability,EpitopeProbability
sp_P28906_CD34_HUMAN,1,M,E,0.722,0.003,0.003,0.994,0.285111111111
sp_P28906_CD34_HUMAN,2,L,E,0.432,0.053,0.043,0.903,0.359666666667
sp_P28906_CD34_HUMAN,3,V,E,0.454,0.052,0.084,0.864,0.430444444444
sp_P28906_CD34_HUMAN,4,R,E,0.431,0.056,0.142,0.802,0.510333333333
sp_P28906_CD34_HUMAN,5,R,E,0.449,0.113,0.087,0.800,0.582
sp_P28906_CD34_HUMAN,6,G,B,0.323,0.113,0.087,0.800,0.607888888889
sp_P28906_CD34_HUMAN,7,A,B,0.292,0.113,0.087,0.800,0.641444444444
sp_P28906_CD34_HUMAN,8,R,E,0.523,0.113,0.087,0.800,0.673777777778
sp_P28906_CD34_HUMAN,9,A,E,0.424,0.113,0.087,0.800,0.663555555556
sp_P28906_CD34_HUMAN,10,G,E,0.416,0.053,0.043,0.903,0.646
sp_P28906_CD34_HUMAN,11,P,E,0.44,0.018,0.047,0.935,0.642666666667
sp_P28906_CD34_HUMAN,12,R,E,0.475,0.018,0.047,0.935,0.630444444444
sp_P28906_CD34_HUMAN,13,M,B,0.186,0.018,0.088,0.893,0.602111111111
sp_P28906_CD34_HUMAN,14,P,B,0.249,0.018,0.088,0.893,0.572888888889
sp_P28906_CD34_HUMAN,15,R,E,0.33,0.052,0.084,0.864,0.546555555556
sp_P28906_CD34_HUMAN,16,G,B,0.189,0.113,0.087,0.800,0.523555555556
sp_P28906_CD34_HUMAN,17,W,B,0.162,0.191,0.086,0.723,0.490444444444
sp_P28906_CD34_HUMAN,18,T,B,0.117,0.199,0.152,0.649,0.475333333333
sp_P28906_CD34_HUMAN,19,A,B,0.14,0.307,0.165,0.527,0.465222222222
sp_P28906_CD34_HUMAN,20,L,B,0.137,0.321,0.252,0.427,0.450777777778
sp_P28906_CD34_HUMAN,21,C,B,0.061,0.307,0.165,0.527,0.453666666667
sp_P28906_CD34_HUMAN,22,L,B,0.163,0.199,0.152,0.649,0.460333333333
sp_P28906_CD34_HUMAN,23,L,B,0.169,0.199,0.152,0.649,0.476
sp_P28906_CD34_HUMAN,24,S,B,0.254,0.113,0.087,0.800,0.492666666667
sp_P28906_CD34_HUMAN,25,L,B,0.29,0.113,0.043,0.844,0.502777777778
sp_P28906_CD34_HUMAN,26,L,B,0.237,0.053,0.043,0.903,0.530444444444
sp_P28906_CD34_HUMAN,27,P,B,0.287,0.018,0.019,0.964,0.565111111111
sp_P28906_CD34_HUMAN,28,S,E,0.487,0.018,0.047,0.935,0.577555555556
sp_P28906_CD34_HUMAN,29,G,E,0.548,0.018,0.047,0.935,0.589222222222
sp_P28906_CD34_HUMAN,30,F,E,0.449,0.018,0.019,0.964,0.599333333333
sp_P28906_CD34_HUMAN,31,M,E,0.386,0.018,0.019,0.964,0.618111111111
sp_P28906_CD34_HUMAN,32,S,E,0.561,0.018,0.019,0.964,0.637333333333
sp_P28906_CD34_HUMAN,33,L,E,0.51,0.018,0.019,0.964,0.651333333333
sp_P28906_CD34_HUMAN,34,D,E,0.46,0.018,0.019,0.964,0.667333333333
sp_P28906_CD34_HUMAN,35,N,E,0.601,0.018,0.019,0.964,0.657555555556
sp_P28906_CD34_HUMAN,36,N,E,0.573,0.018,0.047,0.935,0.635888888889
sp_P28906_CD34_HUMAN,37,G,E,0.604,0.018,0.047,0.935,0.637222222222
sp_P28906_CD34_HUMAN,38,T,E,0.458,0.018,0.088,0.893,0.644222222222
sp_P28906_CD34_HUMAN,39,A,E,0.341,0.018,0.088,0.893,0.643555555556
sp_P28906_CD34_HUMAN,40,T,E,0.472,0.018,0.088,0.893,0.641666666667
sp_P28906_CD34_HUMAN,41,P,E,0.522,0.018,0.088,0.893,0.630555555556
sp_P28906_CD34_HUMAN,42,E,E,0.609,0.018,0.047,0.935,0.629
sp_P28906_CD34_HUMAN,43,L,E,0.511,0.018,0.047,0.935,0.620777777778
sp_P28906_CD34_HUMAN,44,P,E,0.436,0.018,0.047,0.935,0.622555555556
sp_P28906_CD34_HUMAN,45,T,E,0.505,0.018,0.047,0.935,0.641111111111
sp_P28906_CD34_HUMAN,46,Q,E,0.558,0.018,0.047,0.935,0.646666666667
sp_P28906_CD34_HUMAN,47,G,E,0.563,0.018,0.047,0.935,0.640222222222
sp_P28906_CD34_HUMAN,48,T,E,0.409,0.018,0.088,0.893,0.641666666667
sp_P28906_CD34_HUMAN,49,F,E,0.573,0.018,0.088,0.893,0.638333333333
sp_P28906_CD34_HUMAN,50,S,E,0.537,0.005,0.045,0.951,0.642888888889
sp_P28906_CD34_HUMAN,51,N,E,0.487,0.018,0.047,0.935,0.644
sp_P28906_CD34_HUMAN,52,V,E,0.464,0.018,0.047,0.935,0.649666666667
sp_P28906_CD34_HUMAN,53,S,E,0.552,0.018,0.088,0.893,0.653333333333
sp_P28906_CD34_HUMAN,54,T,E,0.378,0.018,0.047,0.935,0.650666666667
sp_P28906_CD34_HUMAN,55,N,E,0.557,0.018,0.047,0.935,0.667777777778
sp_P28906_CD34_HUMAN,56,V,E,0.494,0.018,0.047,0.935,0.674444444444
sp_P28906_CD34_HUMAN,57,S,E,0.486,0.005,0.045,0.951,0.668777777778
sp_P28906_CD34_HUMAN,58,Y,E,0.47,0.005,0.045,0.951,0.675333333333
sp_P28906_CD34_HUMAN,59,Q,E,0.547,0.005,0.045,0.951,0.675666666667
sp_P28906_CD34_HUMAN,60,E,E,0.567,0.005,0.045,0.951,0.668
sp_P28906_CD34_HUMAN,61,T,E,0.458,0.018,0.047,0.935,0.659
sp_P28906_CD34_HUMAN,62,T,E,0.476,0.018,0.047,0.935,0.652111111111
sp_P28906_CD34_HUMAN,63,T,E,0.479,0.018,0.019,0.964,0.654
sp_P28906_CD34_HUMAN,64,P,E,0.495,0.018,0.019,0.964,0.641777777778
sp_P28906_CD34_HUMAN,65,S,E,0.631,0.018,0.019,0.964,0.631111111111
sp_P28906_CD34_HUMAN,66,T,E,0.429,0.018,0.019,0.964,0.632888888889
sp_P28906_CD34_HUMAN,67,L,E,0.536,0.018,0.019,0.964,0.637
sp_P28906_CD34_HUMAN,68,G,E,0.609,0.005,0.015,0.979,0.636222222222
sp_P28906_CD34_HUMAN,69,S,E,0.517,0.005,0.015,0.979,0.647777777778
sp_P28906_CD34_HUMAN,70,T,E,0.453,0.005,0.015,0.979,0.657111111111
sp_P28906_CD34_HUMAN,71,S,E,0.521,0.005,0.015,0.979,0.661
sp_P28906_CD34_HUMAN,72,L,E,0.511,0.005,0.045,0.951,0.662111111111
sp_P28906_CD34_HUMAN,73,H,E,0.447,0.005,0.045,0.951,0.672888888889
sp_P28906_CD34_HUMAN,74,P,E,0.522,0.005,0.045,0.951,0.683111111111
sp_P28906_CD34_HUMAN,75,V,E,0.538,0.005,0.045,0.951,0.684222222222
sp_P28906_CD34_HUMAN,76,S,E,0.433,0.005,0.015,0.979,0.680888888889
sp_P28906_CD34_HUMAN,77,Q,E,0.594,0.005,0.015,0.979,0.684
sp_P28906_CD34_HUMAN,78,H,E,0.652,0.005,0.015,0.979,0.666666666667
sp_P28906_CD34_HUMAN,79,G,E,0.487,0.005,0.015,0.979,0.665222222222
sp_P28906_CD34_HUMAN,80,N,E,0.576,0.005,0.015,0.979,0.664222222222
sp_P28906_CD34_HUMAN,81,E,E,0.577,0.005,0.045,0.951,0.657444444444
sp_P28906_CD34_HUMAN,82,A,E,0.476,0.005,0.045,0.951,0.638222222222
sp_P28906_CD34_HUMAN,83,T,E,0.378,0.004,0.085,0.910,0.627888888889
sp_P28906_CD34_HUMAN,84,T,E,0.512,0.005,0.045,0.951,0.625888888889
sp_P28906_CD34_HUMAN,85,N,E,0.681,0.005,0.045,0.951,0.608444444444
sp_P28906_CD34_HUMAN,86,I,E,0.45,0.005,0.015,0.979,0.600444444444
sp_P28906_CD34_HUMAN,87,T,E,0.497,0.005,0.015,0.979,0.614
sp_P28906_CD34_HUMAN,88,E,E,0.646,0.005,0.045,0.951,0.618
sp_P28906_CD34_HUMAN,89,T,E,0.514,0.004,0.085,0.910,0.625777777778
sp_P28906_CD34_HUMAN,90,T,E,0.515,0.004,0.085,0.910,0.635
sp_P28906_CD34_HUMAN,91,V,E,0.497,0.004,0.085,0.910,0.640111111111
sp_P28906_CD34_HUMAN,92,K,E,0.589,0.005,0.045,0.951,0.637
sp_P28906_CD34_HUMAN,93,F,E,0.504,0.005,0.045,0.951,0.643333333333
sp_P28906_CD34_HUMAN,94,T,E,0.568,0.018,0.019,0.964,0.651
sp_P28906_CD34_HUMAN,95,S,E,0.512,0.018,0.019,0.964,0.654222222222
sp_P28906_CD34_HUMAN,96,T,E,0.371,0.018,0.047,0.935,0.648111111111
sp_P28906_CD34_HUMAN,97,S,E,0.492,0.018,0.088,0.893,0.635111111111
sp_P28906_CD34_HUMAN,98,V,E,0.605,0.018,0.088,0.893,0.631666666667
sp_P28906_CD34_HUMAN,99,I,E,0.505,0.018,0.047,0.935,0.638333333333
sp_P28906_CD34_HUMAN,100,T,E,0.444,0.018,0.047,0.935,0.645444444444
sp_P28906_CD34_HUMAN,101,S,E,0.514,0.018,0.047,0.935,0.657
sp_P28906_CD34_HUMAN,102,V,E,0.442,0.018,0.047,0.935,0.659888888889
sp_P28906_CD34_HUMAN,103,Y,E,0.481,0.005,0.015,0.979,0.669444444444
sp_P28906_CD34_HUMAN,104,G,E,0.591,0.018,0.019,0.964,0.674555555556
sp_P28906_CD34_HUMAN,105,N,E,0.508,0.018,0.019,0.964,0.687111111111
sp_P28906_CD34_HUMAN,106,T,E,0.451,0.018,0.019,0.964,0.706555555556
sp_P28906_CD34_HUMAN,107,N,E,0.547,0.018,0.047,0.935,0.719222222222
sp_P28906_CD34_HUMAN,108,S,E,0.373,0.018,0.047,0.935,0.708333333333
sp_P28906_CD34_HUMAN,109,S,E,0.48,0.018,0.047,0.935,0.712
sp_P28906_CD34_HUMAN,110,V,E,0.594,0.018,0.047,0.935,0.710444444444
sp_P28906_CD34_HUMAN,111,Q,E,0.552,0.018,0.088,0.893,0.714777777778
sp_P28906_CD34_HUMAN,112,S,E,0.472,0.018,0.047,0.935,0.706777777778
sp_P28906_CD34_HUMAN,113,Q,E,0.451,0.018,0.088,0.893,0.698
sp_P28906_CD34_HUMAN,114,T,E,0.494,0.018,0.047,0.935,0.681333333333
sp_P28906_CD34_HUMAN,115,S,E,0.399,0.018,0.047,0.935,0.658555555556
sp_P28906_CD34_HUMAN,116,V,E,0.562,0.018,0.047,0.935,0.636444444444
sp_P28906_CD34_HUMAN,117,I,E,0.548,0.018,0.088,0.893,0.636222222222
sp_P28906_CD34_HUMAN,118,S,E,0.439,0.018,0.141,0.840,0.625777777778
sp_P28906_CD34_HUMAN,119,T,E,0.558,0.018,0.141,0.840,0.613777777778
sp_P28906_CD34_HUMAN,120,V,E,0.495,0.018,0.088,0.893,0.6
sp_P28906_CD34_HUMAN,121,F,E,0.408,0.018,0.047,0.935,0.593
sp_P28906_CD34_HUMAN,122,T,E,0.582,0.018,0.047,0.935,0.591
sp_P28906_CD34_HUMAN,123,T,E,0.471,0.018,0.019,0.964,0.586444444444
sp_P28906_CD34_HUMAN,124,P,E,0.426,0.018,0.019,0.964,0.598444444444
sp_P28906_CD34_HUMAN,125,A,E,0.569,0.018,0.019,0.964,0.600111111111
sp_P28906_CD34_HUMAN,126,N,E,0.546,0.018,0.019,0.964,0.595
sp_P28906_CD34_HUMAN,127,V,E,0.363,0.018,0.047,0.935,0.599222222222
sp_P28906_CD34_HUMAN,128,S,E,0.523,0.018,0.047,0.935,0.604555555556
sp_P28906_CD34_HUMAN,129,T,E,0.446,0.018,0.047,0.935,0.607
sp_P28906_CD34_HUMAN,130,P,E,0.418,0.018,0.088,0.893,0.625888888889
sp_P28906_CD34_HUMAN,131,E,E,0.565,0.018,0.141,0.840,0.642666666667
sp_P28906_CD34_HUMAN,132,T,E,0.527,0.018,0.141,0.840,0.649777777778
sp_P28906_CD34_HUMAN,133,T,E,0.371,0.018,0.141,0.840,0.654666666667
sp_P28906_CD34_HUMAN,134,L,E,0.489,0.018,0.088,0.893,0.668333333333
sp_P28906_CD34_HUMAN,135,K,E,0.585,0.018,0.047,0.935,0.678222222222
sp_P28906_CD34_HUMAN,136,P,E,0.468,0.018,0.047,0.935,0.682333333333
sp_P28906_CD34_HUMAN,137,S,E,0.487,0.018,0.047,0.935,0.695333333333
sp_P28906_CD34_HUMAN,138,L,E,0.495,0.018,0.047,0.935,0.699555555556
sp_P28906_CD34_HUMAN,139,S,E,0.423,0.018,0.047,0.935,0.680555555556
sp_P28906_CD34_HUMAN,140,P,E,0.413,0.005,0.045,0.951,0.678777777778
sp_P28906_CD34_HUMAN,141,G,E,0.529,0.004,0.085,0.910,0.688
sp_P28906_CD34_HUMAN,142,N,E,0.571,0.004,0.085,0.910,0.68
sp_P28906_CD34_HUMAN,143,V,E,0.449,0.018,0.047,0.935,0.677555555556
sp_P28906_CD34_HUMAN,144,S,E,0.555,0.018,0.047,0.935,0.669666666667
sp_P28906_CD34_HUMAN,145,D,E,0.598,0.018,0.019,0.964,0.657888888889
sp_P28906_CD34_HUMAN,146,L,E,0.501,0.018,0.047,0.935,0.648888888889
sp_P28906_CD34_HUMAN,147,S,E,0.478,0.018,0.047,0.935,0.644888888889
sp_P28906_CD34_HUMAN,148,T,E,0.379,0.018,0.047,0.935,0.658777777778
sp_P28906_CD34_HUMAN,149,T,E,0.562,0.018,0.047,0.935,0.653111111111
sp_P28906_CD34_HUMAN,150,S,E,0.452,0.018,0.047,0.935,0.65
sp_P28906_CD34_HUMAN,151,T,E,0.467,0.018,0.047,0.935,0.651777777778
sp_P28906_CD34_HUMAN,152,S,E,0.609,0.018,0.047,0.935,0.639333333333
sp_P28906_CD34_HUMAN,153,L,E,0.516,0.018,0.047,0.935,0.636444444444
sp_P28906_CD34_HUMAN,154,A,E,0.542,0.018,0.047,0.935,0.645888888889
sp_P28906_CD34_HUMAN,155,T,E,0.536,0.018,0.047,0.935,0.653888888889
sp_P28906_CD34_HUMAN,156,S,E,0.432,0.018,0.019,0.964,0.643222222222
sp_P28906_CD34_HUMAN,157,P,E,0.424,0.018,0.047,0.935,0.637333333333
sp_P28906_CD34_HUMAN,158,T,E,0.546,0.018,0.047,0.935,0.643777777778
sp_P28906_CD34_HUMAN,159,K,E,0.623,0.005,0.045,0.951,0.635666666667
sp_P28906_CD34_HUMAN,160,P,E,0.441,0.005,0.045,0.951,0.644555555556
sp_P28906_CD34_HUMAN,161,Y,E,0.53,0.005,0.045,0.951,0.653666666667
sp_P28906_CD34_HUMAN,162,T,E,0.511,0.018,0.047,0.935,0.670888888889
sp_P28906_CD34_HUMAN,163,S,E,0.359,0.018,0.047,0.935,0.672111111111
sp_P28906_CD34_HUMAN,164,S,E,0.561,0.018,0.047,0.935,0.657
sp_P28906_CD34_HUMAN,165,S,E,0.497,0.018,0.047,0.935,0.658555555556
sp_P28906_CD34_HUMAN,166,P,E,0.443,0.018,0.047,0.935,0.652666666667
sp_P28906_CD34_HUMAN,167,I,E,0.449,0.018,0.019,0.964,0.639777777778
sp_P28906_CD34_HUMAN,168,L,E,0.553,0.018,0.019,0.964,0.635888888889
sp_P28906_CD34_HUMAN,169,S,E,0.552,0.018,0.047,0.935,0.613888888889
sp_P28906_CD34_HUMAN,170,D,E,0.553,0.018,0.047,0.935,0.603888888889
sp_P28906_CD34_HUMAN,171,I,E,0.343,0.018,0.088,0.893,0.567444444444
sp_P28906_CD34_HUMAN,172,K,E,0.707,0.018,0.141,0.840,0.555333333333
sp_P28906_CD34_HUMAN,173,A,E,0.43,0.020,0.205,0.775,0.543222222222
sp_P28906_CD34_HUMAN,174,E,E,0.578,0.021,0.279,0.699,0.546111111111
sp_P28906_CD34_HUMAN,175,I,B,0.11,0.022,0.359,0.619,0.536
sp_P28906_CD34_HUMAN,176,K,E,0.615,0.021,0.279,0.699,0.515111111111
sp_P28906_CD34_HUMAN,177,C,B,0.281,0.018,0.088,0.893,0.516
sp_P28906_CD34_HUMAN,178,S,E,0.644,0.018,0.047,0.935,0.519444444444
sp_P28906_CD34_HUMAN,179,G,E,0.581,0.018,0.047,0.935,0.507777777778
sp_P28906_CD34_HUMAN,180,I,B,0.132,0.020,0.205,0.775,0.528666666667
sp_P28906_CD34_HUMAN,181,R,E,0.527,0.021,0.452,0.528,0.529444444444
sp_P28906_CD34_HUMAN,182,E,E,0.62,0.022,0.552,0.426,0.531333333333
sp_P28906_CD34_HUMAN,183,V,B,0.153,0.021,0.452,0.528,0.523888888889
sp_P28906_CD34_HUMAN,184,K,E,0.535,0.021,0.279,0.699,0.512111111111
sp_P28906_CD34_HUMAN,185,L,B,0.311,0.056,0.142,0.802,0.503222222222
sp_P28906_CD34_HUMAN,186,T,E,0.437,0.020,0.205,0.775,0.464444444444
sp_P28906_CD34_HUMAN,187,Q,E,0.271,0.022,0.359,0.619,0.427777777778
sp_P28906_CD34_HUMAN,188,G,B,0.086,0.024,0.655,0.322,0.420444444444
sp_P28906_CD34_HUMAN,189,I,B,0.057,0.018,0.846,0.136,0.408333333333
sp_P28906_CD34_HUMAN,190,C,B,0.075,0.018,0.846,0.136,0.409222222222
sp_P28906_CD34_HUMAN,191,L,B,0.056,0.021,0.756,0.223,0.428111111111
sp_P28906_CD34_HUMAN,192,E,E,0.317,0.024,0.655,0.322,0.437111111111
sp_P28906_CD34_HUMAN,193,Q,B,0.236,0.074,0.484,0.442,0.466444444444
sp_P28906_CD34_HUMAN,194,N,E,0.436,0.064,0.216,0.721,0.482222222222
sp_P28906_CD34_HUMAN,195,K,E,0.532,0.056,0.142,0.802,0.505222222222
sp_P28906_CD34_HUMAN,196,T,E,0.466,0.118,0.150,0.732,0.542444444444
sp_P28906_CD34_HUMAN,197,S,E,0.316,0.118,0.150,0.732,0.562444444444
sp_P28906_CD34_HUMAN,198,S,E,0.385,0.191,0.086,0.723,0.558333333333
sp_P28906_CD34_HUMAN,199,C,B,0.08,0.268,0.043,0.689,0.557333333333
sp_P28906_CD34_HUMAN,200,A,E,0.623,0.353,0.048,0.598,0.551111111111
sp_P28906_CD34_HUMAN,201,E,E,0.621,0.353,0.048,0.598,0.552333333333
sp_P28906_CD34_HUMAN,202,F,B,0.159,0.257,0.016,0.727,0.538222222222
sp_P28906_CD34_HUMAN,203,K,E,0.453,0.116,0.016,0.868,0.545222222222
sp_P28906_CD34_HUMAN,204,K,E,0.585,0.181,0.017,0.803,0.561333333333
sp_P28906_CD34_HUMAN,205,D,E,0.61,0.257,0.016,0.727,0.561444444444
sp_P28906_CD34_HUMAN,206,R,E,0.494,0.406,0.004,0.591,0.549222222222
sp_P28906_CD34_HUMAN,207,G,E,0.336,0.694,0.003,0.303,0.546222222222
sp_P28906_CD34_HUMAN,208,E,E,0.639,0.782,0.003,0.215,0.545666666667
sp_P28906_CD34_HUMAN,209,G,E,0.425,0.878,0.010,0.111,0.531888888889
sp_P28906_CD34_HUMAN,210,L,B,0.045,0.878,0.010,0.111,0.496
sp_P28906_CD34_HUMAN,211,A,B,0.135,0.911,0.033,0.057,0.466333333333
sp_P28906_CD34_HUMAN,212,R,E,0.446,0.870,0.077,0.053,0.468666666667
sp_P28906_CD34_HUMAN,213,V,B,0.124,0.870,0.077,0.053,0.466666666667
sp_P28906_CD34_HUMAN,214,L,B,0.071,0.725,0.163,0.112,0.477888888889
sp_P28906_CD34_HUMAN,215,C,B,0.077,0.538,0.173,0.289,0.499
sp_P28906_CD34_HUMAN,216,G,E,0.516,0.386,0.097,0.517,0.525333333333
sp_P28906_CD34_HUMAN,217,E,E,0.483,0.278,0.093,0.628,0.536777777778
sp_P28906_CD34_HUMAN,218,E,E,0.528,0.278,0.093,0.628,0.560222222222
sp_P28906_CD34_HUMAN,219,Q,E,0.576,0.191,0.086,0.723,0.605444444444
sp_P28906_CD34_HUMAN,220,A,B,0.229,0.113,0.087,0.800,0.653222222222
sp_P28906_CD34_HUMAN,221,D,E,0.513,0.113,0.087,0.800,0.661444444444
sp_P28906_CD34_HUMAN,222,A,E,0.364,0.191,0.086,0.723,0.654333333333
sp_P28906_CD34_HUMAN,223,D,E,0.574,0.113,0.043,0.844,0.643444444444
sp_P28906_CD34_HUMAN,224,A,E,0.543,0.113,0.043,0.844,0.626888888889
sp_P28906_CD34_HUMAN,225,G,E,0.426,0.058,0.017,0.925,0.587444444444
sp_P28906_CD34_HUMAN,226,A,E,0.434,0.053,0.043,0.903,0.560777777778
sp_P28906_CD34_HUMAN,227,Q,E,0.529,0.052,0.084,0.864,0.502555555556
sp_P28906_CD34_HUMAN,228,V,E,0.273,0.066,0.296,0.638,0.472222222222
sp_P28906_CD34_HUMAN,229,C,B,0.036,0.022,0.552,0.426,0.420555555556
sp_P28906_CD34_HUMAN,230,S,B,0.216,0.021,0.756,0.223,0.396111111111
sp_P28906_CD34_HUMAN,231,L,B,0.051,0.018,0.846,0.136,0.405666666667
sp_P28906_CD34_HUMAN,232,L,B,0.23,0.018,0.846,0.136,0.404333333333
sp_P28906_CD34_HUMAN,233,L,B,0.075,0.021,0.756,0.223,0.422666666667
sp_P28906_CD34_HUMAN,234,A,B,0.162,0.022,0.552,0.426,0.457
sp_P28906_CD34_HUMAN,235,Q,E,0.394,0.069,0.386,0.545,0.476333333333
sp_P28906_CD34_HUMAN,236,S,B,0.282,0.135,0.317,0.548,0.516111111111
sp_P28906_CD34_HUMAN,237,E,E,0.557,0.216,0.235,0.548,0.521444444444
sp_P28906_CD34_HUMAN,238,V,E,0.338,0.278,0.093,0.628,0.525777777778
sp_P28906_CD34_HUMAN,239,R,E,0.389,0.184,0.043,0.773,0.511333333333
sp_P28906_CD34_HUMAN,240,P,E,0.349,0.502,0.102,0.396,0.463333333333
sp_P28906_CD34_HUMAN,241,Q,E,0.274,0.453,0.248,0.299,0.421888888889
sp_P28906_CD34_HUMAN,242,C,B,0.024,0.391,0.466,0.143,0.371444444444
sp_P28906_CD34_HUMAN,243,L,B,0.047,0.273,0.587,0.140,0.324777777778
sp_P28906_CD34_HUMAN,244,L,B,0.037,0.264,0.692,0.044,0.294555555556
sp_P28906_CD34_HUMAN,245,L,B,0.062,0.265,0.667,0.069,0.294333333333
sp_P28906_CD34_HUMAN,246,V,B,0.046,0.265,0.667,0.069,0.314
sp_P28906_CD34_HUMAN,247,L,B,0.048,0.273,0.587,0.140,0.350555555556
sp_P28906_CD34_HUMAN,248,A,B,0.14,0.231,0.330,0.439,0.391
sp_P28906_CD34_HUMAN,249,N,E,0.332,0.052,0.084,0.864,0.435777777778
sp_P28906_CD34_HUMAN,250,R,E,0.555,0.018,0.019,0.964,0.479444444444
sp_P28906_CD34_HUMAN,251,T,E,0.332,0.018,0.019,0.964,0.516555555556
sp_P28906_CD34_HUMAN,252,E,E,0.553,0.058,0.017,0.925,0.556
sp_P28906_CD34_HUMAN,253,I,B,0.261,0.257,0.016,0.727,0.565666666667
sp_P28906_CD34_HUMAN,254,S,B,0.271,0.502,0.002,0.495,0.571111111111
sp_P28906_CD34_HUMAN,255,S,E,0.399,0.717,0.014,0.269,0.554222222222
sp_P28906_CD34_HUMAN,256,K,E,0.327,0.802,0.014,0.185,0.542222222222
sp_P28906_CD34_HUMAN,257,L,B,0.128,0.802,0.014,0.185,0.541666666667
sp_P28906_CD34_HUMAN,258,Q,E,0.443,0.802,0.014,0.185,0.543111111111
sp_P28906_CD34_HUMAN,259,L,E,0.314,0.878,0.010,0.111,0.546666666667
sp_P28906_CD34_HUMAN,260,M,B,0.165,0.802,0.014,0.185,0.544666666667
sp_P28906_CD34_HUMAN,261,K,E,0.573,0.802,0.014,0.185,0.541222222222
sp_P28906_CD34_HUMAN,262,K,E,0.617,0.717,0.014,0.269,0.549888888889
sp_P28906_CD34_HUMAN,263,H,E,0.337,0.522,0.016,0.462,0.529333333333
sp_P28906_CD34_HUMAN,264,Q,B,0.264,0.522,0.016,0.462,0.548444444444
sp_P28906_CD34_HUMAN,265,S,E,0.555,0.522,0.016,0.462,0.562333333333
sp_P28906_CD34_HUMAN,266,D,E,0.411,0.717,0.014,0.269,0.552
sp_P28906_CD34_HUMAN,267,L,B,0.071,0.717,0.014,0.269,0.560333333333
sp_P28906_CD34_HUMAN,268,K,E,0.535,0.717,0.014,0.269,0.541555555556
sp_P28906_CD34_HUMAN,269,K,E,0.634,0.717,0.014,0.269,0.548222222222
sp_P28906_CD34_HUMAN,270,L,E,0.27,0.522,0.016,0.462,0.554444444444
sp_P28906_CD34_HUMAN,271,G,E,0.496,0.257,0.016,0.727,0.550222222222
sp_P28906_CD34_HUMAN,272,I,B,0.109,0.339,0.016,0.645,0.583666666667
sp_P28906_CD34_HUMAN,273,L,E,0.573,0.257,0.016,0.727,0.568555555556
sp_P28906_CD34_HUMAN,274,D,E,0.543,0.268,0.043,0.689,0.565888888889
sp_P28906_CD34_HUMAN,275,F,B,0.108,0.268,0.043,0.689,0.573222222222
sp_P28906_CD34_HUMAN,276,T,E,0.567,0.268,0.043,0.689,0.556666666667
sp_P28906_CD34_HUMAN,277,E,E,0.536,0.561,0.047,0.393,0.582333333333
sp_P28906_CD34_HUMAN,278,Q,E,0.539,0.561,0.047,0.393,0.584666666667
sp_P28906_CD34_HUMAN,279,D,E,0.394,0.561,0.047,0.393,0.586
sp_P28906_CD34_HUMAN,280,V,B,0.158,0.522,0.016,0.462,0.605666666667
sp_P28906_CD34_HUMAN,281,A,E,0.482,0.430,0.016,0.555,0.595666666667
sp_P28906_CD34_HUMAN,282,S,E,0.546,0.339,0.016,0.645,0.603666666667
sp_P28906_CD34_HUMAN,283,H,B,0.298,0.339,0.016,0.645,0.605666666667
sp_P28906_CD34_HUMAN,284,Q,E,0.44,0.430,0.016,0.555,0.596666666667
sp_P28906_CD34_HUMAN,285,S,E,0.531,0.455,0.046,0.498,0.598666666667
sp_P28906_CD34_HUMAN,286,Y,B,0.283,0.561,0.047,0.393,0.583333333333
sp_P28906_CD34_HUMAN,287,S,B,0.231,0.561,0.047,0.393,0.543888888889
sp_P28906_CD34_HUMAN,288,Q,E,0.312,0.717,0.014,0.269,0.511444444444
sp_P28906_CD34_HUMAN,289,K,E,0.397,0.802,0.014,0.185,0.455666666667
sp_P28906_CD34_HUMAN,290,T,B,0.111,0.911,0.033,0.057,0.402444444444
sp_P28906_CD34_HUMAN,291,L,B,0.039,0.911,0.033,0.057,0.349333333333
sp_P28906_CD34_HUMAN,292,I,B,0.084,0.938,0.007,0.055,0.308111111111
sp_P28906_CD34_HUMAN,293,A,B,0.071,0.938,0.007,0.055,0.276666666667
sp_P28906_CD34_HUMAN,294,L,B,0.045,0.938,0.007,0.055,0.243333333333
sp_P28906_CD34_HUMAN,295,V,B,0.069,0.938,0.007,0.055,0.211666666667
sp_P28906_CD34_HUMAN,296,T,B,0.125,0.923,0.002,0.076,0.199444444444
sp_P28906_CD34_HUMAN,297,S,B,0.117,0.923,0.002,0.076,0.186777777778
sp_P28906_CD34_HUMAN,298,G,B,0.099,0.923,0.002,0.076,0.187555555556
sp_P28906_CD34_HUMAN,299,A,B,0.096,0.970,0.001,0.029,0.192777777778
sp_P28906_CD34_HUMAN,300,L,B,0.067,0.970,0.001,0.029,0.197111111111
sp_P28906_CD34_HUMAN,301,L,B,0.073,0.970,0.001,0.029,0.195555555556
sp_P28906_CD34_HUMAN,302,A,B,0.087,0.970,0.001,0.029,0.189777777778
sp_P28906_CD34_HUMAN,303,V,B,0.096,0.970,0.001,0.029,0.196222222222
sp_P28906_CD34_HUMAN,304,L,B,0.068,0.923,0.002,0.076,0.200666666667
sp_P28906_CD34_HUMAN,305,G,B,0.104,0.859,0.002,0.139,0.214
sp_P28906_CD34_HUMAN,306,I,B,0.1,0.782,0.003,0.215,0.225
sp_P28906_CD34_HUMAN,307,T,B,0.102,0.717,0.014,0.269,0.239888888889
sp_P28906_CD34_HUMAN,308,G,B,0.056,0.561,0.047,0.393,0.270111111111
sp_P28906_CD34_HUMAN,309,Y,B,0.097,0.606,0.105,0.289,0.319111111111
sp_P28906_CD34_HUMAN,310,F,B,0.08,0.649,0.163,0.188,0.353666666667
sp_P28906_CD34_HUMAN,311,L,B,0.066,0.538,0.173,0.289,0.410888888889
sp_P28906_CD34_HUMAN,312,M,B,0.106,0.307,0.165,0.527,0.453666666667
sp_P28906_CD34_HUMAN,313,N,E,0.323,0.199,0.152,0.649,0.484111111111
sp_P28906_CD34_HUMAN,314,R,B,0.259,0.118,0.150,0.732,0.523
sp_P28906_CD34_HUMAN,315,R,E,0.356,0.118,0.150,0.732,0.557888888889
sp_P28906_CD34_HUMAN,316,S,E,0.342,0.056,0.142,0.802,0.597111111111
sp_P28906_CD34_HUMAN,317,W,B,0.141,0.052,0.084,0.864,0.627444444444
sp_P28906_CD34_HUMAN,318,S,E,0.336,0.018,0.047,0.935,0.645111111111
sp_P28906_CD34_HUMAN,319,P,E,0.352,0.113,0.043,0.844,0.657111111111
sp_P28906_CD34_HUMAN,320,T,E,0.471,0.116,0.016,0.868,0.641
sp_P28906_CD34_HUMAN,321,G,E,0.385,0.113,0.043,0.844,0.634333333333
sp_P28906_CD34_HUMAN,322,E,E,0.484,0.191,0.086,0.723,0.640444444444
sp_P28906_CD34_HUMAN,323,R,E,0.36,0.199,0.152,0.649,0.633555555556
sp_P28906_CD34_HUMAN,324,L,B,0.171,0.113,0.087,0.800,0.625444444444
sp_P28906_CD34_HUMAN,325,G,E,0.431,0.052,0.084,0.864,0.616777777778
sp_P28906_CD34_HUMAN,326,E,E,0.589,0.052,0.084,0.864,0.594888888889
sp_P28906_CD34_HUMAN,327,D,E,0.466,0.018,0.047,0.935,0.564
sp_P28906_CD34_HUMAN,328,P,B,0.324,0.018,0.141,0.840,0.562777777778
sp_P28906_CD34_HUMAN,329,Y,B,0.269,0.022,0.552,0.426,0.565333333333
sp_P28906_CD34_HUMAN,330,Y,B,0.195,0.021,0.756,0.223,0.572555555556
sp_P28906_CD34_HUMAN,331,T,E,0.295,0.024,0.655,0.322,0.579222222222
sp_P28906_CD34_HUMAN,332,E,E,0.453,0.022,0.552,0.426,0.586
sp_P28906_CD34_HUMAN,333,N,E,0.483,0.021,0.279,0.699,0.596666666667
sp_P28906_CD34_HUMAN,334,G,E,0.459,0.018,0.047,0.935,0.594333333333
sp_P28906_CD34_HUMAN,335,G,E,0.7,0.018,0.019,0.964,0.609888888889
sp_P28906_CD34_HUMAN,336,G,E,0.507,0.018,0.047,0.935,0.637888888889
sp_P28906_CD34_HUMAN,337,Q,E,0.536,0.020,0.205,0.775,0.646555555556
sp_P28906_CD34_HUMAN,338,G,E,0.355,0.022,0.359,0.619,0.656444444444
sp_P28906_CD34_HUMAN,339,Y,E,0.361,0.022,0.359,0.619,0.667555555556
sp_P28906_CD34_HUMAN,340,S,E,0.373,0.018,0.141,0.840,0.668444444444
sp_P28906_CD34_HUMAN,341,S,E,0.485,0.018,0.047,0.935,0.669333333333
sp_P28906_CD34_HUMAN,342,G,E,0.384,0.018,0.047,0.935,0.663444444444
sp_P28906_CD34_HUMAN,343,P,E,0.438,0.018,0.047,0.935,0.676222222222
sp_P28906_CD34_HUMAN,344,G,E,0.487,0.018,0.047,0.935,0.684111111111
sp_P28906_CD34_HUMAN,345,T,E,0.33,0.018,0.047,0.935,0.677777777778
sp_P28906_CD34_HUMAN,346,S,E,0.338,0.018,0.047,0.935,0.687555555556
sp_P28906_CD34_HUMAN,347,P,E,0.467,0.053,0.043,0.903,0.688555555556
sp_P28906_CD34_HUMAN,348,E,E,0.52,0.113,0.043,0.844,0.688111111111
sp_P28906_CD34_HUMAN,349,A,E,0.386,0.184,0.043,0.773,0.689888888889
sp_P28906_CD34_HUMAN,350,Q,E,0.566,0.184,0.043,0.773,0.699666666667
sp_P28906_CD34_HUMAN,351,G,E,0.578,0.184,0.043,0.773,0.710333333333
sp_P28906_CD34_HUMAN,352,K,E,0.518,0.268,0.043,0.689,0.720777777778
sp_P28906_CD34_HUMAN,353,A,E,0.384,0.278,0.093,0.628,0.728666666667
sp_P28906_CD34_HUMAN,354,S,E,0.497,0.386,0.097,0.517,0.731666666667
sp_P28906_CD34_HUMAN,355,V,E,0.359,0.278,0.093,0.628,0.718444444444
sp_P28906_CD34_HUMAN,356,N,E,0.481,0.278,0.093,0.628,0.728222222222
sp_P28906_CD34_HUMAN,357,R,E,0.459,0.268,0.043,0.689,0.728777777778
sp_P28906_CD34_HUMAN,358,G,E,0.372,0.278,0.093,0.628,0.728333333333
sp_P28906_CD34_HUMAN,359,A,E,0.326,0.278,0.093,0.628,0.723666666667
sp_P28906_CD34_HUMAN,360,Q,E,0.502,0.307,0.165,0.527,0.726666666667
sp_P28906_CD34_HUMAN,361,E,E,0.586,0.199,0.152,0.649,0.707
sp_P28906_CD34_HUMAN,362,N,E,0.521,0.113,0.087,0.800,0.691888888889
sp_P28906_CD34_HUMAN,363,G,E,0.323,0.052,0.084,0.864,0.684888888889
sp_P28906_CD34_HUMAN,364,T,E,0.547,0.056,0.142,0.802,0.683888888889
sp_P28906_CD34_HUMAN,365,G,E,0.411,0.064,0.216,0.721,0.669666666667
sp_P28906_CD34_HUMAN,366,Q,E,0.512,0.066,0.296,0.638,0.676
sp_P28906_CD34_HUMAN,367,A,E,0.309,0.074,0.484,0.442,0.687666666667
sp_P28906_CD34_HUMAN,368,T,E,0.463,0.074,0.484,0.442,0.694
sp_P28906_CD34_HUMAN,369,S,E,0.393,0.066,0.296,0.638,0.691888888889
sp_P28906_CD34_HUMAN,370,R,E,0.549,0.056,0.142,0.802,0.706444444444
sp_P28906_CD34_HUMAN,371,N,E,0.538,0.053,0.043,0.903,0.709888888889
sp_P28906_CD34_HUMAN,372,G,E,0.393,0.053,0.043,0.903,0.722333333333
sp_P28906_CD34_HUMAN,373,H,E,0.383,0.052,0.084,0.864,0.729333333333
sp_P28906_CD34_HUMAN,374,S,E,0.37,0.056,0.142,0.802,0.734777777778
sp_P28906_CD34_HUMAN,375,A,E,0.413,0.056,0.142,0.802,0.704555555556
sp_P28906_CD34_HUMAN,376,R,E,0.448,0.118,0.150,0.732,0.678222222222
sp_P28906_CD34_HUMAN,377,Q,E,0.551,0.056,0.142,0.802,0.658666666667
sp_P28906_CD34_HUMAN,378,H,E,0.454,0.064,0.216,0.721,0.648444444444
sp_P28906_CD34_HUMAN,379,V,E,0.34,0.066,0.296,0.638,0.628555555556
sp_P28906_CD34_HUMAN,380,V,B,0.228,0.066,0.296,0.638,0.627777777778
sp_P28906_CD34_HUMAN,381,A,E,0.464,0.064,0.216,0.721,0.597777777778
sp_P28906_CD34_HUMAN,382,D,E,0.6,0.056,0.142,0.802,0.516222222222
sp_P28906_CD34_HUMAN,383,T,E,0.498,0.052,0.084,0.864,0.439444444444
sp_P28906_CD34_HUMAN,384,E,E,0.654,0.052,0.084,0.864,0.377555555556
sp_P28906_CD34_HUMAN,385,L,E,0.657,0.003,0.003,0.994,0.314888888889
