Entry,Position,AminoAcid,Exposed/Buried,RelativeSurfaceAccessilibity,HelixProbability,SheetProbability,CoilProbability,EpitopeProbability
sp_P28907_CD38_HUMAN,1,M,E,0.749,0.003,0.003,0.994,0.286111111111
sp_P28907_CD38_HUMAN,2,A,E,0.495,0.018,0.019,0.964,0.333444444444
sp_P28907_CD38_HUMAN,3,N,E,0.659,0.018,0.047,0.935,0.397888888889
sp_P28907_CD38_HUMAN,4,C,B,0.274,0.018,0.141,0.840,0.467222222222
sp_P28907_CD38_HUMAN,5,E,E,0.635,0.021,0.279,0.699,0.531666666667
sp_P28907_CD38_HUMAN,6,F,B,0.136,0.022,0.359,0.619,0.537666666667
sp_P28907_CD38_HUMAN,7,S,E,0.42,0.021,0.279,0.699,0.548777777778
sp_P28907_CD38_HUMAN,8,P,E,0.468,0.020,0.205,0.775,0.561666666667
sp_P28907_CD38_HUMAN,9,V,E,0.341,0.018,0.141,0.840,0.574777777778
sp_P28907_CD38_HUMAN,10,S,E,0.546,0.052,0.084,0.864,0.568222222222
sp_P28907_CD38_HUMAN,11,G,E,0.534,0.018,0.047,0.935,0.578888888889
sp_P28907_CD38_HUMAN,12,D,E,0.611,0.018,0.047,0.935,0.570777777778
sp_P28907_CD38_HUMAN,13,K,E,0.501,0.018,0.047,0.935,0.568555555556
sp_P28907_CD38_HUMAN,14,P,B,0.292,0.053,0.043,0.903,0.555888888889
sp_P28907_CD38_HUMAN,15,C,B,0.242,0.053,0.043,0.903,0.551777777778
sp_P28907_CD38_HUMAN,16,C,B,0.158,0.113,0.087,0.800,0.550444444444
sp_P28907_CD38_HUMAN,17,R,E,0.402,0.191,0.086,0.723,0.539555555556
sp_P28907_CD38_HUMAN,18,L,B,0.089,0.268,0.043,0.689,0.527555555556
sp_P28907_CD38_HUMAN,19,S,E,0.314,0.353,0.048,0.598,0.523
sp_P28907_CD38_HUMAN,20,R,E,0.471,0.622,0.015,0.363,0.503111111111
sp_P28907_CD38_HUMAN,21,R,E,0.365,0.717,0.014,0.269,0.469555555556
sp_P28907_CD38_HUMAN,22,A,B,0.169,0.717,0.014,0.269,0.426333333333
sp_P28907_CD38_HUMAN,23,Q,B,0.234,0.751,0.050,0.199,0.390555555556
sp_P28907_CD38_HUMAN,24,L,B,0.096,0.751,0.050,0.199,0.345444444444
sp_P28907_CD38_HUMAN,25,C,B,0.036,0.831,0.044,0.125,0.296666666667
sp_P28907_CD38_HUMAN,26,L,B,0.052,0.911,0.033,0.057,0.265555555556
sp_P28907_CD38_HUMAN,27,G,B,0.04,0.911,0.033,0.057,0.234333333333
sp_P28907_CD38_HUMAN,28,V,B,0.054,0.938,0.007,0.055,0.204333333333
sp_P28907_CD38_HUMAN,29,S,B,0.065,0.975,0.003,0.022,0.179444444444
sp_P28907_CD38_HUMAN,30,I,B,0.083,0.975,0.003,0.022,0.173555555556
sp_P28907_CD38_HUMAN,31,L,B,0.104,0.970,0.001,0.029,0.164333333333
sp_P28907_CD38_HUMAN,32,V,B,0.135,0.970,0.001,0.029,0.159888888889
sp_P28907_CD38_HUMAN,33,L,B,0.096,0.970,0.001,0.029,0.161111111111
sp_P28907_CD38_HUMAN,34,I,B,0.143,0.970,0.001,0.029,0.158111111111
sp_P28907_CD38_HUMAN,35,L,B,0.141,0.970,0.001,0.029,0.155555555556
sp_P28907_CD38_HUMAN,36,V,B,0.15,0.970,0.001,0.029,0.157
sp_P28907_CD38_HUMAN,37,V,B,0.134,0.923,0.002,0.076,0.154666666667
sp_P28907_CD38_HUMAN,38,V,B,0.129,0.938,0.007,0.055,0.170222222222
sp_P28907_CD38_HUMAN,39,L,B,0.162,0.878,0.010,0.111,0.194333333333
sp_P28907_CD38_HUMAN,40,A,B,0.107,0.831,0.044,0.125,0.230222222222
sp_P28907_CD38_HUMAN,41,V,B,0.079,0.701,0.107,0.192,0.279666666667
sp_P28907_CD38_HUMAN,42,V,B,0.084,0.578,0.229,0.194,0.336222222222
sp_P28907_CD38_HUMAN,43,V,B,0.083,0.453,0.248,0.299,0.398222222222
sp_P28907_CD38_HUMAN,44,P,B,0.12,0.321,0.252,0.427,0.459111111111
sp_P28907_CD38_HUMAN,45,R,E,0.305,0.199,0.152,0.649,0.511222222222
sp_P28907_CD38_HUMAN,46,W,B,0.29,0.191,0.086,0.723,0.559555555556
sp_P28907_CD38_HUMAN,47,R,E,0.517,0.053,0.043,0.903,0.613222222222
sp_P28907_CD38_HUMAN,48,Q,E,0.52,0.053,0.043,0.903,0.640666666667
sp_P28907_CD38_HUMAN,49,Q,E,0.518,0.052,0.084,0.864,0.635555555556
sp_P28907_CD38_HUMAN,50,W,B,0.204,0.052,0.084,0.864,0.617222222222
sp_P28907_CD38_HUMAN,51,S,E,0.57,0.018,0.088,0.893,0.605
sp_P28907_CD38_HUMAN,52,G,E,0.521,0.018,0.019,0.964,0.580111111111
sp_P28907_CD38_HUMAN,53,P,E,0.615,0.018,0.019,0.964,0.564333333333
sp_P28907_CD38_HUMAN,54,G,E,0.32,0.018,0.019,0.964,0.557444444444
sp_P28907_CD38_HUMAN,55,T,E,0.295,0.018,0.019,0.964,0.537555555556
sp_P28907_CD38_HUMAN,56,T,B,0.244,0.018,0.019,0.964,0.521444444444
sp_P28907_CD38_HUMAN,57,K,E,0.554,0.181,0.017,0.803,0.513888888889
sp_P28907_CD38_HUMAN,58,R,E,0.438,0.321,0.003,0.675,0.513
sp_P28907_CD38_HUMAN,59,F,B,0.05,0.694,0.003,0.303,0.509888888889
sp_P28907_CD38_HUMAN,60,P,E,0.44,0.782,0.003,0.215,0.496777777778
sp_P28907_CD38_HUMAN,61,E,E,0.459,0.878,0.010,0.111,0.478222222222
sp_P28907_CD38_HUMAN,62,T,B,0.083,0.911,0.033,0.057,0.449
sp_P28907_CD38_HUMAN,63,V,B,0.056,0.831,0.044,0.125,0.399777777778
sp_P28907_CD38_HUMAN,64,L,B,0.188,0.831,0.044,0.125,0.398444444444
sp_P28907_CD38_HUMAN,65,A,B,0.142,0.779,0.101,0.120,0.389222222222
sp_P28907_CD38_HUMAN,66,R,B,0.172,0.701,0.107,0.192,0.385555555556
sp_P28907_CD38_HUMAN,67,C,B,0.026,0.649,0.163,0.188,0.396777777778
sp_P28907_CD38_HUMAN,68,V,B,0.244,0.725,0.163,0.112,0.424888888889
sp_P28907_CD38_HUMAN,69,K,E,0.359,0.701,0.107,0.192,0.442333333333
sp_P28907_CD38_HUMAN,70,Y,B,0.086,0.779,0.101,0.120,0.466777777778
sp_P28907_CD38_HUMAN,71,T,E,0.287,0.779,0.101,0.120,0.517222222222
sp_P28907_CD38_HUMAN,72,E,E,0.566,0.701,0.107,0.192,0.584555555556
sp_P28907_CD38_HUMAN,73,I,B,0.171,0.502,0.102,0.396,0.602666666667
sp_P28907_CD38_HUMAN,74,H,B,0.235,0.184,0.043,0.773,0.615111111111
sp_P28907_CD38_HUMAN,75,P,E,0.423,0.116,0.016,0.868,0.636444444444
sp_P28907_CD38_HUMAN,76,E,E,0.67,0.058,0.017,0.925,0.640333333333
sp_P28907_CD38_HUMAN,77,M,B,0.243,0.053,0.043,0.903,0.634777777778
sp_P28907_CD38_HUMAN,78,R,E,0.486,0.052,0.084,0.864,0.619888888889
sp_P28907_CD38_HUMAN,79,H,E,0.625,0.018,0.088,0.893,0.630444444444
sp_P28907_CD38_HUMAN,80,V,E,0.292,0.052,0.084,0.864,0.596444444444
sp_P28907_CD38_HUMAN,81,D,E,0.373,0.113,0.087,0.800,0.529888888889
sp_P28907_CD38_HUMAN,82,C,B,0.025,0.878,0.010,0.111,0.513222222222
sp_P28907_CD38_HUMAN,83,Q,E,0.525,0.970,0.001,0.029,0.479666666667
sp_P28907_CD38_HUMAN,84,S,E,0.476,0.970,0.001,0.029,0.452333333333
sp_P28907_CD38_HUMAN,85,V,B,0.04,0.970,0.001,0.029,0.424555555556
sp_P28907_CD38_HUMAN,86,W,B,0.081,0.970,0.001,0.029,0.427888888889
sp_P28907_CD38_HUMAN,87,D,E,0.573,0.970,0.001,0.029,0.430111111111
sp_P28907_CD38_HUMAN,88,A,B,0.219,0.970,0.001,0.029,0.402222222222
sp_P28907_CD38_HUMAN,89,F,B,0.038,0.970,0.001,0.029,0.396222222222
sp_P28907_CD38_HUMAN,90,K,E,0.307,0.970,0.001,0.029,0.435888888889
sp_P28907_CD38_HUMAN,91,G,E,0.529,0.923,0.002,0.076,0.452222222222
sp_P28907_CD38_HUMAN,92,A,B,0.096,0.859,0.002,0.139,0.485777777778
sp_P28907_CD38_HUMAN,93,F,B,0.107,0.802,0.014,0.185,0.504333333333
sp_P28907_CD38_HUMAN,94,I,E,0.34,0.561,0.047,0.393,0.541666666667
sp_P28907_CD38_HUMAN,95,S,E,0.585,0.268,0.043,0.689,0.521222222222
sp_P28907_CD38_HUMAN,96,K,E,0.41,0.053,0.043,0.903,0.526333333333
sp_P28907_CD38_HUMAN,97,H,E,0.564,0.018,0.019,0.964,0.537444444444
sp_P28907_CD38_HUMAN,98,P,E,0.393,0.018,0.019,0.964,0.523666666667
sp_P28907_CD38_HUMAN,99,C,B,0.126,0.018,0.088,0.893,0.521666666667
sp_P28907_CD38_HUMAN,100,N,E,0.552,0.018,0.141,0.840,0.520888888889
sp_P28907_CD38_HUMAN,101,I,B,0.115,0.004,0.085,0.910,0.520777777778
sp_P28907_CD38_HUMAN,102,T,E,0.393,0.005,0.045,0.951,0.507666666667
sp_P28907_CD38_HUMAN,103,E,E,0.521,0.406,0.004,0.591,0.525333333333
sp_P28907_CD38_HUMAN,104,E,E,0.723,0.502,0.002,0.495,0.565222222222
sp_P28907_CD38_HUMAN,105,D,B,0.213,0.406,0.004,0.591,0.543444444444
sp_P28907_CD38_HUMAN,106,Y,B,0.073,0.782,0.003,0.215,0.563888888889
sp_P28907_CD38_HUMAN,107,Q,E,0.49,0.859,0.002,0.139,0.615333333333
sp_P28907_CD38_HUMAN,108,P,E,0.41,0.859,0.002,0.139,0.643444444444
sp_P28907_CD38_HUMAN,109,L,B,0.048,0.923,0.002,0.076,0.651888888889
sp_P28907_CD38_HUMAN,110,M,B,0.084,0.878,0.010,0.111,0.673222222222
sp_P28907_CD38_HUMAN,111,K,E,0.473,0.878,0.010,0.111,0.707333333333
sp_P28907_CD38_HUMAN,112,L,B,0.135,0.717,0.014,0.269,0.708111111111
sp_P28907_CD38_HUMAN,113,G,B,0.131,0.522,0.016,0.462,0.709
sp_P28907_CD38_HUMAN,114,T,E,0.436,0.184,0.043,0.773,0.762111111111
sp_P28907_CD38_HUMAN,115,Q,E,0.353,0.052,0.084,0.864,0.776444444444
sp_P28907_CD38_HUMAN,116,T,E,0.552,0.053,0.043,0.903,0.745
sp_P28907_CD38_HUMAN,117,V,B,0.18,0.018,0.047,0.935,0.719111111111
sp_P28907_CD38_HUMAN,118,P,E,0.317,0.018,0.019,0.964,0.689444444444
sp_P28907_CD38_HUMAN,119,C,E,0.396,0.058,0.017,0.925,0.637777777778
sp_P28907_CD38_HUMAN,120,N,E,0.605,0.053,0.043,0.903,0.585333333333
sp_P28907_CD38_HUMAN,121,K,E,0.269,0.064,0.216,0.721,0.55
sp_P28907_CD38_HUMAN,122,I,B,0.154,0.079,0.592,0.329,0.516666666667
sp_P28907_CD38_HUMAN,123,L,B,0.078,0.085,0.775,0.140,0.479
sp_P28907_CD38_HUMAN,124,L,B,0.075,0.085,0.775,0.140,0.444444444444
sp_P28907_CD38_HUMAN,125,W,B,0.114,0.079,0.592,0.329,0.445888888889
sp_P28907_CD38_HUMAN,126,S,B,0.178,0.216,0.235,0.548,0.440888888889
sp_P28907_CD38_HUMAN,127,R,E,0.376,0.184,0.043,0.773,0.441222222222
sp_P28907_CD38_HUMAN,128,I,B,0.128,0.278,0.093,0.628,0.439555555556
sp_P28907_CD38_HUMAN,129,K,B,0.267,0.660,0.049,0.291,0.456222222222
sp_P28907_CD38_HUMAN,130,D,E,0.459,0.878,0.010,0.111,0.458888888889
sp_P28907_CD38_HUMAN,131,L,B,0.102,0.938,0.007,0.055,0.427444444444
sp_P28907_CD38_HUMAN,132,A,B,0.022,0.975,0.003,0.022,0.412666666667
sp_P28907_CD38_HUMAN,133,H,B,0.257,0.970,0.001,0.029,0.424444444444
sp_P28907_CD38_HUMAN,134,Q,E,0.295,0.970,0.001,0.029,0.433444444444
sp_P28907_CD38_HUMAN,135,F,B,0.064,0.970,0.001,0.029,0.436555555556
sp_P28907_CD38_HUMAN,136,T,B,0.048,0.970,0.001,0.029,0.467
sp_P28907_CD38_HUMAN,137,Q,E,0.621,0.923,0.002,0.076,0.496
sp_P28907_CD38_HUMAN,138,V,E,0.387,0.782,0.003,0.215,0.493444444444
sp_P28907_CD38_HUMAN,139,Q,B,0.265,0.406,0.004,0.591,0.494888888889
sp_P28907_CD38_HUMAN,140,R,E,0.563,0.053,0.004,0.942,0.528777777778
sp_P28907_CD38_HUMAN,141,D,E,0.455,0.053,0.043,0.903,0.532777777778
sp_P28907_CD38_HUMAN,142,M,B,0.088,0.066,0.296,0.638,0.518888888889
sp_P28907_CD38_HUMAN,143,F,B,0.132,0.069,0.386,0.545,0.495666666667
sp_P28907_CD38_HUMAN,144,T,B,0.121,0.252,0.423,0.325,0.502444444444
sp_P28907_CD38_HUMAN,145,L,B,0.046,0.453,0.248,0.299,0.459555555556
sp_P28907_CD38_HUMAN,146,E,B,0.136,0.386,0.097,0.517,0.447444444444
sp_P28907_CD38_HUMAN,147,D,B,0.167,0.455,0.046,0.498,0.418333333333
sp_P28907_CD38_HUMAN,148,T,B,0.084,0.561,0.047,0.393,0.385444444444
sp_P28907_CD38_HUMAN,149,L,B,0.051,0.561,0.047,0.393,0.359777777778
sp_P28907_CD38_HUMAN,150,L,B,0.086,0.561,0.047,0.393,0.362444444444
sp_P28907_CD38_HUMAN,151,G,B,0.057,0.561,0.047,0.393,0.374444444444
sp_P28907_CD38_HUMAN,152,Y,B,0.193,0.606,0.105,0.289,0.368444444444
sp_P28907_CD38_HUMAN,153,L,B,0.092,0.606,0.105,0.289,0.354888888889
sp_P28907_CD38_HUMAN,154,A,B,0.094,0.561,0.047,0.393,0.384555555556
sp_P28907_CD38_HUMAN,155,D,B,0.293,0.268,0.043,0.689,0.376444444444
sp_P28907_CD38_HUMAN,156,D,E,0.333,0.116,0.016,0.868,0.404888888889
sp_P28907_CD38_HUMAN,157,L,B,0.067,0.113,0.087,0.800,0.417666666667
sp_P28907_CD38_HUMAN,158,T,E,0.295,0.216,0.235,0.548,0.455888888889
sp_P28907_CD38_HUMAN,159,W,B,0.086,0.216,0.235,0.548,0.458666666667
sp_P28907_CD38_HUMAN,160,C,B,0.054,0.113,0.087,0.800,0.466666666667
sp_P28907_CD38_HUMAN,161,G,E,0.329,0.053,0.043,0.903,0.492111111111
sp_P28907_CD38_HUMAN,162,E,E,0.411,0.018,0.019,0.964,0.504222222222
sp_P28907_CD38_HUMAN,163,F,E,0.566,0.018,0.019,0.964,0.508555555556
sp_P28907_CD38_HUMAN,164,N,E,0.678,0.005,0.015,0.979,0.507222222222
sp_P28907_CD38_HUMAN,165,T,E,0.382,0.003,0.003,0.994,0.522666666667
sp_P28907_CD38_HUMAN,166,S,E,0.675,0.003,0.003,0.994,0.536555555556
sp_P28907_CD38_HUMAN,167,K,E,0.547,0.005,0.015,0.979,0.542777777778
sp_P28907_CD38_HUMAN,168,I,B,0.192,0.005,0.045,0.951,0.540111111111
sp_P28907_CD38_HUMAN,169,N,E,0.475,0.004,0.138,0.858,0.523111111111
sp_P28907_CD38_HUMAN,170,Y,B,0.23,0.004,0.263,0.733,0.495666666667
sp_P28907_CD38_HUMAN,171,Q,E,0.489,0.022,0.359,0.619,0.497222222222
sp_P28907_CD38_HUMAN,172,S,E,0.314,0.020,0.205,0.775,0.493222222222
sp_P28907_CD38_HUMAN,173,C,B,0.072,0.018,0.047,0.935,0.511777777778
sp_P28907_CD38_HUMAN,174,P,B,0.212,0.018,0.019,0.964,0.519777777778
sp_P28907_CD38_HUMAN,175,D,E,0.611,0.018,0.047,0.935,0.537222222222
sp_P28907_CD38_HUMAN,176,W,E,0.324,0.018,0.047,0.935,0.489222222222
sp_P28907_CD38_HUMAN,177,R,E,0.567,0.018,0.047,0.935,0.517555555556
sp_P28907_CD38_HUMAN,178,K,E,0.614,0.018,0.047,0.935,0.524333333333
sp_P28907_CD38_HUMAN,179,D,E,0.614,0.018,0.047,0.935,0.552333333333
sp_P28907_CD38_HUMAN,180,C,B,0.071,0.018,0.047,0.935,0.545444444444
sp_P28907_CD38_HUMAN,181,S,E,0.541,0.053,0.043,0.903,0.540444444444
sp_P28907_CD38_HUMAN,182,N,E,0.515,0.113,0.043,0.844,0.531555555556
sp_P28907_CD38_HUMAN,183,N,E,0.329,0.181,0.017,0.803,0.517111111111
sp_P28907_CD38_HUMAN,184,P,B,0.25,0.717,0.014,0.269,0.498111111111
sp_P28907_CD38_HUMAN,185,V,B,0.223,0.802,0.014,0.185,0.513111111111
sp_P28907_CD38_HUMAN,186,S,E,0.363,0.878,0.010,0.111,0.499555555556
sp_P28907_CD38_HUMAN,187,V,B,0.167,0.878,0.010,0.111,0.499555555556
sp_P28907_CD38_HUMAN,188,F,B,0.123,0.938,0.007,0.055,0.475
sp_P28907_CD38_HUMAN,189,W,B,0.108,0.878,0.010,0.111,0.463888888889
sp_P28907_CD38_HUMAN,190,K,E,0.456,0.878,0.010,0.111,0.500666666667
sp_P28907_CD38_HUMAN,191,T,E,0.383,0.878,0.010,0.111,0.533777777778
sp_P28907_CD38_HUMAN,192,V,B,0.074,0.938,0.007,0.055,0.552444444444
sp_P28907_CD38_HUMAN,193,S,B,0.08,0.938,0.007,0.055,0.538666666667
sp_P28907_CD38_HUMAN,194,R,E,0.469,0.938,0.007,0.055,0.587777777778
sp_P28907_CD38_HUMAN,195,R,E,0.45,0.878,0.010,0.111,0.614333333333
sp_P28907_CD38_HUMAN,196,F,B,0.09,0.878,0.010,0.111,0.580333333333
sp_P28907_CD38_HUMAN,197,A,B,0.083,0.878,0.010,0.111,0.621777777778
sp_P28907_CD38_HUMAN,198,E,E,0.556,0.802,0.014,0.185,0.629555555556
sp_P28907_CD38_HUMAN,199,A,E,0.495,0.622,0.015,0.363,0.582777777778
sp_P28907_CD38_HUMAN,200,A,B,0.124,0.184,0.043,0.773,0.520333333333
sp_P28907_CD38_HUMAN,201,C,E,0.365,0.018,0.088,0.893,0.483444444444
sp_P28907_CD38_HUMAN,202,D,E,0.326,0.004,0.263,0.733,0.462666666667
sp_P28907_CD38_HUMAN,203,V,B,0.252,0.003,0.718,0.279,0.397
sp_P28907_CD38_HUMAN,204,V,B,0.037,0.001,0.959,0.040,0.326888888889
sp_P28907_CD38_HUMAN,205,H,B,0.199,0.001,0.983,0.017,0.345777777778
sp_P28907_CD38_HUMAN,206,V,B,0.037,0.001,0.983,0.017,0.312444444444
sp_P28907_CD38_HUMAN,207,M,B,0.056,0.001,0.959,0.040,0.319111111111
sp_P28907_CD38_HUMAN,208,L,B,0.04,0.002,0.816,0.182,0.339888888889
sp_P28907_CD38_HUMAN,209,N,B,0.17,0.004,0.420,0.576,0.377
sp_P28907_CD38_HUMAN,210,G,B,0.149,0.018,0.088,0.893,0.399
sp_P28907_CD38_HUMAN,211,S,E,0.418,0.018,0.088,0.893,0.440888888889
sp_P28907_CD38_HUMAN,212,R,E,0.435,0.052,0.084,0.864,0.474555555556
sp_P28907_CD38_HUMAN,213,S,E,0.639,0.058,0.017,0.925,0.518222222222
sp_P28907_CD38_HUMAN,214,K,E,0.442,0.018,0.047,0.935,0.538555555556
sp_P28907_CD38_HUMAN,215,I,B,0.194,0.052,0.084,0.864,0.557777777778
sp_P28907_CD38_HUMAN,216,F,B,0.146,0.018,0.088,0.893,0.532444444444
sp_P28907_CD38_HUMAN,217,D,E,0.345,0.018,0.047,0.935,0.513333333333
sp_P28907_CD38_HUMAN,218,K,E,0.621,0.018,0.019,0.964,0.482555555556
sp_P28907_CD38_HUMAN,219,N,E,0.667,0.018,0.019,0.964,0.472111111111
sp_P28907_CD38_HUMAN,220,S,B,0.272,0.018,0.047,0.935,0.470555555556
sp_P28907_CD38_HUMAN,221,T,B,0.215,0.020,0.205,0.775,0.462111111111
sp_P28907_CD38_HUMAN,222,F,B,0.133,0.022,0.359,0.619,0.468
sp_P28907_CD38_HUMAN,223,G,B,0.157,0.021,0.452,0.528,0.451777777778
sp_P28907_CD38_HUMAN,224,S,E,0.396,0.024,0.655,0.322,0.461555555556
sp_P28907_CD38_HUMAN,225,V,B,0.179,0.021,0.756,0.223,0.497777777778
sp_P28907_CD38_HUMAN,226,E,E,0.346,0.024,0.655,0.322,0.505444444444
sp_P28907_CD38_HUMAN,227,V,B,0.097,0.022,0.359,0.619,0.546222222222
sp_P28907_CD38_HUMAN,228,H,E,0.39,0.018,0.141,0.840,0.548666666667
sp_P28907_CD38_HUMAN,229,N,E,0.486,0.018,0.088,0.893,0.582
sp_P28907_CD38_HUMAN,230,L,B,0.161,0.018,0.088,0.893,0.617555555556
sp_P28907_CD38_HUMAN,231,Q,E,0.616,0.005,0.045,0.951,0.601555555556
sp_P28907_CD38_HUMAN,232,P,E,0.399,0.018,0.047,0.935,0.609
sp_P28907_CD38_HUMAN,233,E,E,0.73,0.018,0.047,0.935,0.581
sp_P28907_CD38_HUMAN,234,K,E,0.39,0.020,0.205,0.775,0.544444444444
sp_P28907_CD38_HUMAN,235,V,B,0.055,0.004,0.514,0.481,0.539111111111
sp_P28907_CD38_HUMAN,236,Q,E,0.421,0.004,0.616,0.381,0.493888888889
sp_P28907_CD38_HUMAN,237,T,E,0.406,0.002,0.816,0.182,0.456222222222
sp_P28907_CD38_HUMAN,238,L,B,0.048,0.001,0.900,0.099,0.380555555556
sp_P28907_CD38_HUMAN,239,E,B,0.22,0.001,0.959,0.040,0.332111111111
sp_P28907_CD38_HUMAN,240,A,B,0.028,0.001,0.959,0.040,0.338777777778
sp_P28907_CD38_HUMAN,241,W,B,0.099,0.001,0.983,0.017,0.339111111111
sp_P28907_CD38_HUMAN,242,V,B,0.045,0.001,0.959,0.040,0.347111111111
sp_P28907_CD38_HUMAN,243,I,B,0.053,0.002,0.816,0.182,0.379666666667
sp_P28907_CD38_HUMAN,244,H,B,0.167,0.004,0.420,0.576,0.400111111111
sp_P28907_CD38_HUMAN,245,G,E,0.517,0.018,0.088,0.893,0.447555555556
sp_P28907_CD38_HUMAN,246,G,E,0.286,0.018,0.047,0.935,0.493666666667
sp_P28907_CD38_HUMAN,247,R,E,0.636,0.018,0.047,0.935,0.556
sp_P28907_CD38_HUMAN,248,E,E,0.506,0.018,0.019,0.964,0.598222222222
sp_P28907_CD38_HUMAN,249,D,E,0.578,0.018,0.019,0.964,0.613555555556
sp_P28907_CD38_HUMAN,250,S,E,0.517,0.058,0.017,0.925,0.605111111111
sp_P28907_CD38_HUMAN,251,R,E,0.503,0.053,0.043,0.903,0.616666666667
sp_P28907_CD38_HUMAN,252,D,E,0.476,0.053,0.043,0.903,0.611666666667
sp_P28907_CD38_HUMAN,253,L,E,0.297,0.053,0.043,0.903,0.592
sp_P28907_CD38_HUMAN,254,C,B,0.047,0.058,0.017,0.925,0.574444444444
sp_P28907_CD38_HUMAN,255,Q,E,0.477,0.058,0.017,0.925,0.553777777778
sp_P28907_CD38_HUMAN,256,D,E,0.574,0.246,0.004,0.750,0.544777777778
sp_P28907_CD38_HUMAN,257,P,E,0.422,0.502,0.002,0.495,0.493444444444
sp_P28907_CD38_HUMAN,258,T,B,0.137,0.717,0.014,0.269,0.466
sp_P28907_CD38_HUMAN,259,I,B,0.087,0.938,0.007,0.055,0.484111111111
sp_P28907_CD38_HUMAN,260,K,E,0.425,0.975,0.003,0.022,0.468
sp_P28907_CD38_HUMAN,261,E,E,0.379,0.975,0.003,0.022,0.469444444444
sp_P28907_CD38_HUMAN,262,L,B,0.024,0.975,0.003,0.022,0.457111111111
sp_P28907_CD38_HUMAN,263,E,E,0.315,0.975,0.003,0.022,0.452111111111
sp_P28907_CD38_HUMAN,264,S,E,0.619,0.975,0.003,0.022,0.470222222222
sp_P28907_CD38_HUMAN,265,I,B,0.202,0.938,0.007,0.055,0.465555555556
sp_P28907_CD38_HUMAN,266,I,B,0.059,0.859,0.002,0.139,0.467222222222
sp_P28907_CD38_HUMAN,267,S,E,0.636,0.782,0.003,0.215,0.472333333333
sp_P28907_CD38_HUMAN,268,K,E,0.706,0.502,0.002,0.495,0.461333333333
sp_P28907_CD38_HUMAN,269,R,E,0.342,0.116,0.016,0.868,0.458444444444
sp_P28907_CD38_HUMAN,270,N,E,0.748,0.005,0.045,0.951,0.417555555556
sp_P28907_CD38_HUMAN,271,I,B,0.083,0.004,0.138,0.858,0.412888888889
sp_P28907_CD38_HUMAN,272,Q,E,0.482,0.004,0.616,0.381,0.416333333333
sp_P28907_CD38_HUMAN,273,F,B,0.142,0.001,0.900,0.099,0.419333333333
sp_P28907_CD38_HUMAN,274,S,E,0.346,0.001,0.900,0.099,0.424444444444
sp_P28907_CD38_HUMAN,275,C,B,0.049,0.003,0.718,0.279,0.465555555556
sp_P28907_CD38_HUMAN,276,K,E,0.369,0.004,0.514,0.481,0.481888888889
sp_P28907_CD38_HUMAN,277,N,E,0.484,0.021,0.279,0.699,0.478333333333
sp_P28907_CD38_HUMAN,278,I,E,0.327,0.018,0.047,0.935,0.485666666667
sp_P28907_CD38_HUMAN,279,Y,E,0.34,0.113,0.043,0.844,0.519777777778
sp_P28907_CD38_HUMAN,280,R,E,0.417,0.184,0.043,0.773,0.530777777778
sp_P28907_CD38_HUMAN,281,P,E,0.311,0.191,0.086,0.723,0.503555555556
sp_P28907_CD38_HUMAN,282,D,B,0.097,0.231,0.330,0.439,0.493777777778
sp_P28907_CD38_HUMAN,283,K,E,0.278,0.169,0.612,0.219,0.459444444444
sp_P28907_CD38_HUMAN,284,F,B,0.114,0.172,0.690,0.138,0.427
sp_P28907_CD38_HUMAN,285,L,B,0.05,0.169,0.612,0.219,0.416777777778
sp_P28907_CD38_HUMAN,286,Q,B,0.118,0.268,0.505,0.227,0.416444444444
sp_P28907_CD38_HUMAN,287,C,B,0.029,0.252,0.423,0.325,0.428333333333
sp_P28907_CD38_HUMAN,288,V,B,0.066,0.135,0.317,0.548,0.433555555556
sp_P28907_CD38_HUMAN,289,K,E,0.498,0.020,0.205,0.775,0.448444444444
sp_P28907_CD38_HUMAN,290,N,E,0.266,0.005,0.045,0.951,0.478444444444
sp_P28907_CD38_HUMAN,291,P,E,0.567,0.005,0.015,0.979,0.476888888889
sp_P28907_CD38_HUMAN,292,E,E,0.794,0.003,0.003,0.994,0.496888888889
sp_P28907_CD38_HUMAN,293,D,E,0.27,0.053,0.004,0.942,0.513333333333
sp_P28907_CD38_HUMAN,294,S,E,0.721,0.109,0.005,0.886,0.514555555556
sp_P28907_CD38_HUMAN,295,S,E,0.512,0.109,0.005,0.886,0.523111111111
sp_P28907_CD38_HUMAN,296,C,B,0.086,0.181,0.017,0.803,0.504111111111
sp_P28907_CD38_HUMAN,297,T,E,0.515,0.181,0.017,0.803,0.442
sp_P28907_CD38_HUMAN,298,S,E,0.683,0.181,0.017,0.803,0.381666666667
sp_P28907_CD38_HUMAN,299,E,E,0.636,0.116,0.016,0.868,0.323444444444
sp_P28907_CD38_HUMAN,300,I,E,0.648,0.003,0.003,0.994,0.269333333333
