Entry,Position,AminoAcid,Exposed/Buried,RelativeSurfaceAccessilibity,HelixProbability,SheetProbability,CoilProbability,EpitopeProbability
sp_P09564_CD7_HUMAN,1,M,E,0.735,0.003,0.003,0.994,0.207
sp_P09564_CD7_HUMAN,2,A,E,0.547,0.018,0.019,0.964,0.267222222222
sp_P09564_CD7_HUMAN,3,G,B,0.285,0.058,0.017,0.925,0.313777777778
sp_P09564_CD7_HUMAN,4,P,E,0.315,0.246,0.004,0.750,0.343333333333
sp_P09564_CD7_HUMAN,5,P,B,0.144,0.502,0.002,0.495,0.377
sp_P09564_CD7_HUMAN,6,R,B,0.253,0.782,0.003,0.215,0.372222222222
sp_P09564_CD7_HUMAN,7,L,B,0.148,0.859,0.002,0.139,0.352222222222
sp_P09564_CD7_HUMAN,8,L,B,0.099,0.923,0.002,0.076,0.334
sp_P09564_CD7_HUMAN,9,L,B,0.116,0.923,0.002,0.076,0.311
sp_P09564_CD7_HUMAN,10,L,B,0.132,0.970,0.001,0.029,0.289222222222
sp_P09564_CD7_HUMAN,11,P,B,0.233,0.970,0.001,0.029,0.255555555556
sp_P09564_CD7_HUMAN,12,L,B,0.168,0.970,0.001,0.029,0.238
sp_P09564_CD7_HUMAN,13,L,B,0.176,0.970,0.001,0.029,0.240555555556
sp_P09564_CD7_HUMAN,14,L,B,0.167,0.970,0.001,0.029,0.255222222222
sp_P09564_CD7_HUMAN,15,A,B,0.136,0.970,0.001,0.029,0.273666666667
sp_P09564_CD7_HUMAN,16,L,B,0.146,0.923,0.002,0.076,0.285111111111
sp_P09564_CD7_HUMAN,17,A,B,0.129,0.923,0.002,0.076,0.317333333333
sp_P09564_CD7_HUMAN,18,R,B,0.109,0.859,0.002,0.139,0.349555555556
sp_P09564_CD7_HUMAN,19,G,B,0.097,0.782,0.003,0.215,0.360777777778
sp_P09564_CD7_HUMAN,20,L,B,0.057,0.522,0.016,0.462,0.386777777778
sp_P09564_CD7_HUMAN,21,P,B,0.211,0.246,0.004,0.750,0.406777777778
sp_P09564_CD7_HUMAN,22,G,B,0.192,0.116,0.016,0.868,0.423111111111
sp_P09564_CD7_HUMAN,23,A,B,0.049,0.058,0.017,0.925,0.426777777778
sp_P09564_CD7_HUMAN,24,L,B,0.216,0.018,0.088,0.893,0.431333333333
sp_P09564_CD7_HUMAN,25,A,B,0.088,0.004,0.197,0.799,0.429888888889
sp_P09564_CD7_HUMAN,26,A,E,0.334,0.004,0.336,0.660,0.432
sp_P09564_CD7_HUMAN,27,Q,B,0.162,0.003,0.718,0.279,0.427
sp_P09564_CD7_HUMAN,28,E,E,0.365,0.002,0.816,0.182,0.443777777778
sp_P09564_CD7_HUMAN,29,V,B,0.079,0.018,0.846,0.136,0.457555555556
sp_P09564_CD7_HUMAN,30,Q,E,0.39,0.021,0.756,0.223,0.472777777778
sp_P09564_CD7_HUMAN,31,Q,B,0.105,0.004,0.514,0.481,0.484666666667
sp_P09564_CD7_HUMAN,32,S,E,0.453,0.004,0.138,0.858,0.488666666667
sp_P09564_CD7_HUMAN,33,P,E,0.494,0.018,0.019,0.964,0.497555555556
sp_P09564_CD7_HUMAN,34,H,E,0.489,0.018,0.088,0.893,0.518111111111
sp_P09564_CD7_HUMAN,35,C,E,0.372,0.021,0.452,0.528,0.529666666667
sp_P09564_CD7_HUMAN,36,T,B,0.203,0.018,0.846,0.136,0.557
sp_P09564_CD7_HUMAN,37,T,E,0.411,0.018,0.846,0.136,0.558555555556
sp_P09564_CD7_HUMAN,38,V,B,0.226,0.021,0.756,0.223,0.548666666667
sp_P09564_CD7_HUMAN,39,P,E,0.443,0.004,0.336,0.660,0.542
sp_P09564_CD7_HUMAN,40,V,E,0.492,0.005,0.045,0.951,0.526222222222
sp_P09564_CD7_HUMAN,41,G,E,0.65,0.005,0.015,0.979,0.515333333333
sp_P09564_CD7_HUMAN,42,A,E,0.428,0.004,0.138,0.858,0.483111111111
sp_P09564_CD7_HUMAN,43,S,E,0.51,0.003,0.718,0.279,0.462444444444
sp_P09564_CD7_HUMAN,44,V,B,0.07,0.001,0.900,0.099,0.412
sp_P09564_CD7_HUMAN,45,N,E,0.427,0.001,0.959,0.040,0.377333333333
sp_P09564_CD7_HUMAN,46,I,B,0.055,0.001,0.959,0.040,0.367555555556
sp_P09564_CD7_HUMAN,47,T,E,0.331,0.001,0.959,0.040,0.368222222222
sp_P09564_CD7_HUMAN,48,C,B,0.04,0.001,0.900,0.099,0.365666666667
sp_P09564_CD7_HUMAN,49,S,E,0.42,0.002,0.816,0.182,0.384555555556
sp_P09564_CD7_HUMAN,50,T,B,0.283,0.004,0.616,0.381,0.396444444444
sp_P09564_CD7_HUMAN,51,S,E,0.364,0.004,0.263,0.733,0.424222222222
sp_P09564_CD7_HUMAN,52,G,E,0.55,0.018,0.019,0.964,0.448555555556
sp_P09564_CD7_HUMAN,53,G,E,0.38,0.018,0.047,0.935,0.460222222222
sp_P09564_CD7_HUMAN,54,L,B,0.193,0.021,0.452,0.528,0.465
sp_P09564_CD7_HUMAN,55,R,B,0.084,0.021,0.756,0.223,0.460111111111
sp_P09564_CD7_HUMAN,56,G,B,0.139,0.085,0.775,0.140,0.461333333333
sp_P09564_CD7_HUMAN,57,I,B,0.043,0.087,0.683,0.230,0.473555555556
sp_P09564_CD7_HUMAN,58,Y,B,0.062,0.085,0.775,0.140,0.483333333333
sp_P09564_CD7_HUMAN,59,L,B,0.177,0.085,0.775,0.140,0.490333333333
sp_P09564_CD7_HUMAN,60,R,B,0.127,0.021,0.452,0.528,0.505666666667
sp_P09564_CD7_HUMAN,61,Q,E,0.376,0.018,0.088,0.893,0.512777777778
sp_P09564_CD7_HUMAN,62,L,E,0.446,0.005,0.015,0.979,0.533777777778
sp_P09564_CD7_HUMAN,63,G,E,0.776,0.005,0.015,0.979,0.541111111111
sp_P09564_CD7_HUMAN,64,P,E,0.5,0.018,0.019,0.964,0.541333333333
sp_P09564_CD7_HUMAN,65,Q,E,0.323,0.053,0.043,0.903,0.518444444444
sp_P09564_CD7_HUMAN,66,P,B,0.108,0.056,0.142,0.802,0.484888888889
sp_P09564_CD7_HUMAN,67,Q,B,0.239,0.087,0.683,0.230,0.456666666667
sp_P09564_CD7_HUMAN,68,D,B,0.106,0.018,0.846,0.136,0.439
sp_P09564_CD7_HUMAN,69,I,B,0.019,0.011,0.918,0.071,0.434222222222
sp_P09564_CD7_HUMAN,70,I,B,0.018,0.006,0.962,0.032,0.436888888889
sp_P09564_CD7_HUMAN,71,Y,B,0.059,0.006,0.962,0.032,0.458333333333
sp_P09564_CD7_HUMAN,72,Y,B,0.108,0.011,0.918,0.071,0.479222222222
sp_P09564_CD7_HUMAN,73,E,B,0.13,0.021,0.452,0.528,0.510444444444
sp_P09564_CD7_HUMAN,74,D,B,0.259,0.020,0.205,0.775,0.541333333333
sp_P09564_CD7_HUMAN,75,G,E,0.574,0.018,0.088,0.893,0.566777777778
sp_P09564_CD7_HUMAN,76,V,E,0.393,0.018,0.047,0.935,0.580555555556
sp_P09564_CD7_HUMAN,77,V,E,0.542,0.018,0.047,0.935,0.593111111111
sp_P09564_CD7_HUMAN,78,P,E,0.531,0.018,0.088,0.893,0.598222222222
sp_P09564_CD7_HUMAN,79,T,E,0.551,0.018,0.088,0.893,0.602222222222
sp_P09564_CD7_HUMAN,80,T,E,0.377,0.018,0.047,0.935,0.572444444444
sp_P09564_CD7_HUMAN,81,D,E,0.488,0.018,0.019,0.964,0.568111111111
sp_P09564_CD7_HUMAN,82,R,E,0.644,0.018,0.047,0.935,0.543666666667
sp_P09564_CD7_HUMAN,83,R,E,0.319,0.004,0.263,0.733,0.530111111111
sp_P09564_CD7_HUMAN,84,F,B,0.082,0.004,0.514,0.481,0.531555555556
sp_P09564_CD7_HUMAN,85,R,E,0.335,0.003,0.718,0.279,0.532777777778
sp_P09564_CD7_HUMAN,86,G,B,0.206,0.002,0.816,0.182,0.526555555556
sp_P09564_CD7_HUMAN,87,R,E,0.376,0.001,0.900,0.099,0.529222222222
sp_P09564_CD7_HUMAN,88,I,B,0.259,0.001,0.959,0.040,0.527333333333
sp_P09564_CD7_HUMAN,89,D,E,0.38,0.001,0.900,0.099,0.547888888889
sp_P09564_CD7_HUMAN,90,F,E,0.333,0.002,0.816,0.182,0.552444444444
sp_P09564_CD7_HUMAN,91,S,E,0.426,0.004,0.514,0.481,0.557333333333
sp_P09564_CD7_HUMAN,92,G,E,0.547,0.004,0.197,0.799,0.565
sp_P09564_CD7_HUMAN,93,S,E,0.58,0.004,0.085,0.910,0.530333333333
sp_P09564_CD7_HUMAN,94,Q,E,0.601,0.005,0.045,0.951,0.516222222222
sp_P09564_CD7_HUMAN,95,D,E,0.379,0.004,0.263,0.733,0.485777777778
sp_P09564_CD7_HUMAN,96,N,E,0.33,0.002,0.816,0.182,0.472111111111
sp_P09564_CD7_HUMAN,97,L,B,0.054,0.001,0.900,0.099,0.435111111111
sp_P09564_CD7_HUMAN,98,T,B,0.179,0.001,0.959,0.040,0.431777777778
sp_P09564_CD7_HUMAN,99,I,B,0.027,0.001,0.959,0.040,0.430333333333
sp_P09564_CD7_HUMAN,100,T,B,0.201,0.001,0.959,0.040,0.426
sp_P09564_CD7_HUMAN,101,M,B,0.052,0.001,0.900,0.099,0.439555555556
sp_P09564_CD7_HUMAN,102,H,E,0.379,0.004,0.616,0.381,0.492777777778
sp_P09564_CD7_HUMAN,103,R,E,0.512,0.004,0.263,0.733,0.515222222222
sp_P09564_CD7_HUMAN,104,L,B,0.141,0.004,0.138,0.858,0.548
sp_P09564_CD7_HUMAN,105,Q,E,0.512,0.004,0.138,0.858,0.549666666667
sp_P09564_CD7_HUMAN,106,L,E,0.487,0.018,0.088,0.893,0.564111111111
sp_P09564_CD7_HUMAN,107,S,E,0.57,0.018,0.047,0.935,0.553111111111
sp_P09564_CD7_HUMAN,108,D,B,0.222,0.018,0.088,0.893,0.513444444444
sp_P09564_CD7_HUMAN,109,T,E,0.308,0.021,0.279,0.699,0.502666666667
sp_P09564_CD7_HUMAN,110,G,B,0.07,0.021,0.756,0.223,0.464333333333
sp_P09564_CD7_HUMAN,111,T,B,0.212,0.018,0.846,0.136,0.425777777778
sp_P09564_CD7_HUMAN,112,Y,B,0.042,0.011,0.918,0.071,0.390666666667
sp_P09564_CD7_HUMAN,113,T,B,0.083,0.018,0.846,0.136,0.385111111111
sp_P09564_CD7_HUMAN,114,C,B,0.018,0.018,0.846,0.136,0.396888888889
sp_P09564_CD7_HUMAN,115,Q,B,0.052,0.021,0.756,0.223,0.411888888889
sp_P09564_CD7_HUMAN,116,A,B,0.098,0.021,0.756,0.223,0.426666666667
sp_P09564_CD7_HUMAN,117,I,B,0.221,0.022,0.552,0.426,0.460555555556
sp_P09564_CD7_HUMAN,118,T,E,0.393,0.004,0.197,0.799,0.478333333333
sp_P09564_CD7_HUMAN,119,E,E,0.553,0.018,0.141,0.840,0.502555555556
sp_P09564_CD7_HUMAN,120,V,E,0.427,0.018,0.141,0.840,0.512555555556
sp_P09564_CD7_HUMAN,121,N,E,0.449,0.018,0.141,0.840,0.529666666667
sp_P09564_CD7_HUMAN,122,V,B,0.141,0.021,0.279,0.699,0.534666666667
sp_P09564_CD7_HUMAN,123,Y,B,0.123,0.004,0.336,0.660,0.511444444444
sp_P09564_CD7_HUMAN,124,G,B,0.124,0.004,0.197,0.799,0.500222222222
sp_P09564_CD7_HUMAN,125,S,E,0.418,0.004,0.085,0.910,0.459777777778
sp_P09564_CD7_HUMAN,126,G,B,0.187,0.004,0.197,0.799,0.437
sp_P09564_CD7_HUMAN,127,T,B,0.081,0.004,0.616,0.381,0.402
sp_P09564_CD7_HUMAN,128,L,E,0.333,0.001,0.900,0.099,0.391666666667
sp_P09564_CD7_HUMAN,129,V,B,0.046,0.001,0.959,0.040,0.400444444444
sp_P09564_CD7_HUMAN,130,L,B,0.191,0.001,0.900,0.099,0.418555555556
sp_P09564_CD7_HUMAN,131,V,B,0.052,0.001,0.900,0.099,0.435555555556
sp_P09564_CD7_HUMAN,132,T,E,0.301,0.002,0.816,0.182,0.461888888889
sp_P09564_CD7_HUMAN,133,E,E,0.376,0.004,0.420,0.576,0.483222222222
sp_P09564_CD7_HUMAN,134,E,E,0.642,0.018,0.141,0.840,0.53
sp_P09564_CD7_HUMAN,135,Q,E,0.617,0.018,0.047,0.935,0.552666666667
sp_P09564_CD7_HUMAN,136,S,E,0.53,0.018,0.019,0.964,0.602444444444
sp_P09564_CD7_HUMAN,137,Q,E,0.717,0.018,0.047,0.935,0.624
sp_P09564_CD7_HUMAN,138,G,E,0.415,0.018,0.047,0.935,0.618444444444
sp_P09564_CD7_HUMAN,139,W,E,0.537,0.018,0.047,0.935,0.625222222222
sp_P09564_CD7_HUMAN,140,H,E,0.423,0.018,0.141,0.840,0.628444444444
sp_P09564_CD7_HUMAN,141,R,E,0.505,0.020,0.205,0.775,0.633666666667
sp_P09564_CD7_HUMAN,142,C,B,0.269,0.004,0.263,0.733,0.636444444444
sp_P09564_CD7_HUMAN,143,S,E,0.445,0.004,0.263,0.733,0.642555555556
sp_P09564_CD7_HUMAN,144,D,E,0.317,0.004,0.197,0.799,0.662555555556
sp_P09564_CD7_HUMAN,145,A,B,0.298,0.004,0.085,0.910,0.650222222222
sp_P09564_CD7_HUMAN,146,P,E,0.343,0.018,0.047,0.935,0.655
sp_P09564_CD7_HUMAN,147,P,B,0.289,0.018,0.019,0.964,0.664
sp_P09564_CD7_HUMAN,148,R,E,0.442,0.018,0.047,0.935,0.660111111111
sp_P09564_CD7_HUMAN,149,A,E,0.554,0.018,0.047,0.935,0.658777777778
sp_P09564_CD7_HUMAN,150,S,E,0.434,0.052,0.084,0.864,0.638555555556
sp_P09564_CD7_HUMAN,151,A,E,0.455,0.052,0.084,0.864,0.632666666667
sp_P09564_CD7_HUMAN,152,L,E,0.45,0.018,0.088,0.893,0.615777777778
sp_P09564_CD7_HUMAN,153,P,E,0.588,0.018,0.047,0.935,0.587888888889
sp_P09564_CD7_HUMAN,154,A,E,0.485,0.018,0.047,0.935,0.582333333333
sp_P09564_CD7_HUMAN,155,P,E,0.617,0.018,0.047,0.935,0.563444444444
sp_P09564_CD7_HUMAN,156,P,E,0.611,0.018,0.047,0.935,0.543888888889
sp_P09564_CD7_HUMAN,157,T,E,0.484,0.004,0.085,0.910,0.521888888889
sp_P09564_CD7_HUMAN,158,G,E,0.282,0.004,0.263,0.733,0.498555555556
sp_P09564_CD7_HUMAN,159,S,E,0.32,0.004,0.514,0.481,0.503111111111
sp_P09564_CD7_HUMAN,160,A,B,0.081,0.004,0.616,0.381,0.497555555556
sp_P09564_CD7_HUMAN,161,L,B,0.241,0.004,0.616,0.381,0.503888888889
sp_P09564_CD7_HUMAN,162,P,B,0.117,0.004,0.514,0.481,0.509666666667
sp_P09564_CD7_HUMAN,163,D,E,0.3,0.021,0.279,0.699,0.518222222222
sp_P09564_CD7_HUMAN,164,P,B,0.257,0.018,0.141,0.840,0.536444444444
sp_P09564_CD7_HUMAN,165,Q,B,0.263,0.018,0.088,0.893,0.551777777778
sp_P09564_CD7_HUMAN,166,T,B,0.205,0.018,0.019,0.964,0.563777777778
sp_P09564_CD7_HUMAN,167,A,E,0.432,0.018,0.019,0.964,0.584444444444
sp_P09564_CD7_HUMAN,168,S,E,0.512,0.018,0.019,0.964,0.582555555556
sp_P09564_CD7_HUMAN,169,A,B,0.344,0.018,0.047,0.935,0.58
sp_P09564_CD7_HUMAN,170,L,B,0.233,0.018,0.141,0.840,0.582666666667
sp_P09564_CD7_HUMAN,171,P,E,0.403,0.018,0.141,0.840,0.588111111111
sp_P09564_CD7_HUMAN,172,D,B,0.29,0.018,0.141,0.840,0.581444444444
sp_P09564_CD7_HUMAN,173,P,E,0.371,0.018,0.088,0.893,0.577555555556
sp_P09564_CD7_HUMAN,174,P,B,0.223,0.018,0.141,0.840,0.582777777778
sp_P09564_CD7_HUMAN,175,A,E,0.397,0.018,0.141,0.840,0.570666666667
sp_P09564_CD7_HUMAN,176,A,B,0.289,0.018,0.141,0.840,0.56
sp_P09564_CD7_HUMAN,177,S,E,0.425,0.018,0.141,0.840,0.549444444444
sp_P09564_CD7_HUMAN,178,A,E,0.298,0.018,0.088,0.893,0.534111111111
sp_P09564_CD7_HUMAN,179,L,B,0.195,0.052,0.084,0.864,0.514111111111
sp_P09564_CD7_HUMAN,180,P,B,0.185,0.053,0.043,0.903,0.495
sp_P09564_CD7_HUMAN,181,A,B,0.134,0.113,0.087,0.800,0.479
sp_P09564_CD7_HUMAN,182,A,B,0.092,0.125,0.227,0.648,0.450666666667
sp_P09564_CD7_HUMAN,183,L,B,0.163,0.125,0.227,0.648,0.432111111111
sp_P09564_CD7_HUMAN,184,A,B,0.102,0.216,0.235,0.548,0.428222222222
sp_P09564_CD7_HUMAN,185,V,B,0.048,0.216,0.235,0.548,0.412777777778
sp_P09564_CD7_HUMAN,186,I,B,0.06,0.216,0.235,0.548,0.416222222222
sp_P09564_CD7_HUMAN,187,S,B,0.087,0.231,0.330,0.439,0.427666666667
sp_P09564_CD7_HUMAN,188,F,B,0.101,0.231,0.330,0.439,0.431111111111
sp_P09564_CD7_HUMAN,189,L,B,0.079,0.231,0.330,0.439,0.441555555556
sp_P09564_CD7_HUMAN,190,L,B,0.131,0.125,0.227,0.648,0.450777777778
sp_P09564_CD7_HUMAN,191,G,B,0.156,0.191,0.086,0.723,0.462777777778
sp_P09564_CD7_HUMAN,192,L,B,0.166,0.184,0.043,0.773,0.462444444444
sp_P09564_CD7_HUMAN,193,G,B,0.183,0.268,0.043,0.689,0.448888888889
sp_P09564_CD7_HUMAN,194,L,B,0.162,0.353,0.048,0.598,0.449
sp_P09564_CD7_HUMAN,195,G,B,0.236,0.561,0.047,0.393,0.439555555556
sp_P09564_CD7_HUMAN,196,V,B,0.128,0.660,0.049,0.291,0.415777777778
sp_P09564_CD7_HUMAN,197,A,B,0.128,0.701,0.107,0.192,0.409111111111
sp_P09564_CD7_HUMAN,198,C,B,0.251,0.725,0.163,0.112,0.411888888889
sp_P09564_CD7_HUMAN,199,V,B,0.225,0.779,0.101,0.120,0.414555555556
sp_P09564_CD7_HUMAN,200,L,B,0.132,0.701,0.107,0.192,0.433333333333
sp_P09564_CD7_HUMAN,201,A,E,0.371,0.660,0.049,0.291,0.442555555556
sp_P09564_CD7_HUMAN,202,R,E,0.469,0.561,0.047,0.393,0.482555555556
sp_P09564_CD7_HUMAN,203,T,B,0.214,0.181,0.017,0.803,0.505888888889
sp_P09564_CD7_HUMAN,204,Q,E,0.505,0.116,0.016,0.868,0.521555555556
sp_P09564_CD7_HUMAN,205,I,E,0.678,0.058,0.017,0.925,0.549444444444
sp_P09564_CD7_HUMAN,206,K,E,0.496,0.018,0.047,0.935,0.559333333333
sp_P09564_CD7_HUMAN,207,K,E,0.523,0.018,0.088,0.893,0.552
sp_P09564_CD7_HUMAN,208,L,B,0.097,0.021,0.279,0.699,0.563
sp_P09564_CD7_HUMAN,209,C,B,0.233,0.024,0.655,0.322,0.569333333333
sp_P09564_CD7_HUMAN,210,S,B,0.166,0.018,0.846,0.136,0.593
sp_P09564_CD7_HUMAN,211,W,E,0.325,0.018,0.846,0.136,0.599111111111
sp_P09564_CD7_HUMAN,212,R,B,0.287,0.021,0.756,0.223,0.612222222222
sp_P09564_CD7_HUMAN,213,D,E,0.576,0.021,0.452,0.528,0.619777777778
sp_P09564_CD7_HUMAN,214,K,E,0.438,0.004,0.263,0.733,0.620555555556
sp_P09564_CD7_HUMAN,215,N,E,0.424,0.004,0.138,0.858,0.617555555556
sp_P09564_CD7_HUMAN,216,S,E,0.439,0.005,0.045,0.951,0.615333333333
sp_P09564_CD7_HUMAN,217,A,E,0.566,0.018,0.019,0.964,0.601555555556
sp_P09564_CD7_HUMAN,218,A,B,0.256,0.018,0.047,0.935,0.572777777778
sp_P09564_CD7_HUMAN,219,C,E,0.313,0.021,0.279,0.699,0.559888888889
sp_P09564_CD7_HUMAN,220,V,B,0.206,0.024,0.655,0.322,0.556
sp_P09564_CD7_HUMAN,221,V,B,0.196,0.018,0.846,0.136,0.542333333333
sp_P09564_CD7_HUMAN,222,Y,B,0.23,0.018,0.846,0.136,0.553777777778
sp_P09564_CD7_HUMAN,223,E,E,0.409,0.024,0.655,0.322,0.564888888889
sp_P09564_CD7_HUMAN,224,D,E,0.383,0.021,0.279,0.699,0.587555555556
sp_P09564_CD7_HUMAN,225,M,E,0.319,0.018,0.141,0.840,0.605111111111
sp_P09564_CD7_HUMAN,226,S,E,0.519,0.018,0.141,0.840,0.608111111111
sp_P09564_CD7_HUMAN,227,H,E,0.373,0.018,0.088,0.893,0.619666666667
sp_P09564_CD7_HUMAN,228,S,E,0.602,0.018,0.047,0.935,0.609666666667
sp_P09564_CD7_HUMAN,229,R,E,0.509,0.004,0.085,0.910,0.585111111111
sp_P09564_CD7_HUMAN,230,C,E,0.365,0.004,0.336,0.660,0.576333333333
sp_P09564_CD7_HUMAN,231,N,B,0.26,0.004,0.616,0.381,0.569777777778
sp_P09564_CD7_HUMAN,232,T,E,0.334,0.004,0.616,0.381,0.565444444444
sp_P09564_CD7_HUMAN,233,L,B,0.141,0.004,0.514,0.481,0.565
sp_P09564_CD7_HUMAN,234,S,E,0.333,0.004,0.263,0.733,0.568444444444
sp_P09564_CD7_HUMAN,235,S,E,0.39,0.004,0.085,0.910,0.578888888889
sp_P09564_CD7_HUMAN,236,P,E,0.548,0.005,0.045,0.951,0.579555555556
sp_P09564_CD7_HUMAN,237,N,E,0.422,0.018,0.047,0.935,0.524666666667
sp_P09564_CD7_HUMAN,238,Q,E,0.602,0.018,0.141,0.840,0.475222222222
sp_P09564_CD7_HUMAN,239,Y,E,0.41,0.018,0.088,0.893,0.416555555556
sp_P09564_CD7_HUMAN,240,Q,E,0.816,0.003,0.003,0.994,0.346111111111
