Entry,Position,AminoAcid,Exposed/Buried,RelativeSurfaceAccessilibity,HelixProbability,SheetProbability,CoilProbability,EpitopeProbability
sp_P33681_CD80_HUMAN,1,M,E,0.541,0.003,0.003,0.994,0.300666666667
sp_P33681_CD80_HUMAN,2,G,E,0.555,0.005,0.045,0.951,0.379333333333
sp_P33681_CD80_HUMAN,3,H,B,0.231,0.018,0.088,0.893,0.465333333333
sp_P33681_CD80_HUMAN,4,T,E,0.568,0.018,0.141,0.840,0.538333333333
sp_P33681_CD80_HUMAN,5,R,E,0.384,0.018,0.088,0.893,0.602222222222
sp_P33681_CD80_HUMAN,6,R,E,0.424,0.018,0.047,0.935,0.617888888889
sp_P33681_CD80_HUMAN,7,Q,E,0.336,0.005,0.015,0.979,0.616333333333
sp_P33681_CD80_HUMAN,8,G,E,0.661,0.005,0.015,0.979,0.613666666667
sp_P33681_CD80_HUMAN,9,T,B,0.25,0.005,0.015,0.979,0.613888888889
sp_P33681_CD80_HUMAN,10,S,B,0.219,0.005,0.015,0.979,0.585666666667
sp_P33681_CD80_HUMAN,11,P,E,0.267,0.005,0.015,0.979,0.561222222222
sp_P33681_CD80_HUMAN,12,S,B,0.276,0.016,0.005,0.979,0.524666666667
sp_P33681_CD80_HUMAN,13,K,E,0.437,0.053,0.004,0.942,0.489111111111
sp_P33681_CD80_HUMAN,14,C,B,0.136,0.176,0.004,0.820,0.471666666667
sp_P33681_CD80_HUMAN,15,P,B,0.235,0.600,0.003,0.397,0.445
sp_P33681_CD80_HUMAN,16,Y,B,0.163,0.859,0.002,0.139,0.422222222222
sp_P33681_CD80_HUMAN,17,L,B,0.076,0.859,0.002,0.139,0.411
sp_P33681_CD80_HUMAN,18,N,B,0.187,0.923,0.002,0.076,0.376222222222
sp_P33681_CD80_HUMAN,19,F,B,0.122,0.938,0.007,0.055,0.354777777778
sp_P33681_CD80_HUMAN,20,F,B,0.105,0.938,0.007,0.055,0.327333333333
sp_P33681_CD80_HUMAN,21,Q,B,0.139,0.878,0.010,0.111,0.302666666667
sp_P33681_CD80_HUMAN,22,L,B,0.133,0.878,0.010,0.111,0.295666666667
sp_P33681_CD80_HUMAN,23,L,B,0.121,0.878,0.010,0.111,0.286
sp_P33681_CD80_HUMAN,24,V,B,0.098,0.878,0.010,0.111,0.294333333333
sp_P33681_CD80_HUMAN,25,L,B,0.106,0.802,0.014,0.185,0.321444444444
sp_P33681_CD80_HUMAN,26,A,B,0.161,0.717,0.014,0.269,0.343777777778
sp_P33681_CD80_HUMAN,27,G,B,0.129,0.522,0.016,0.462,0.376888888889
sp_P33681_CD80_HUMAN,28,L,B,0.144,0.339,0.016,0.645,0.401222222222
sp_P33681_CD80_HUMAN,29,S,B,0.186,0.268,0.043,0.689,0.434777777778
sp_P33681_CD80_HUMAN,30,H,E,0.326,0.199,0.152,0.649,0.471
sp_P33681_CD80_HUMAN,31,F,B,0.159,0.125,0.227,0.648,0.501444444444
sp_P33681_CD80_HUMAN,32,C,B,0.276,0.064,0.216,0.721,0.531666666667
sp_P33681_CD80_HUMAN,33,S,E,0.368,0.018,0.088,0.893,0.544
sp_P33681_CD80_HUMAN,34,G,E,0.564,0.018,0.088,0.893,0.522222222222
sp_P33681_CD80_HUMAN,35,V,E,0.536,0.004,0.138,0.858,0.502777777778
sp_P33681_CD80_HUMAN,36,I,E,0.469,0.004,0.336,0.660,0.493111111111
sp_P33681_CD80_HUMAN,37,H,E,0.51,0.003,0.718,0.279,0.501888888889
sp_P33681_CD80_HUMAN,38,V,B,0.094,0.001,0.900,0.099,0.506333333333
sp_P33681_CD80_HUMAN,39,T,E,0.452,0.001,0.959,0.040,0.506555555556
sp_P33681_CD80_HUMAN,40,K,B,0.083,0.001,0.959,0.040,0.510444444444
sp_P33681_CD80_HUMAN,41,E,E,0.408,0.001,0.900,0.099,0.499777777778
sp_P33681_CD80_HUMAN,42,V,E,0.412,0.004,0.420,0.576,0.491222222222
sp_P33681_CD80_HUMAN,43,K,E,0.71,0.005,0.045,0.951,0.500444444444
sp_P33681_CD80_HUMAN,44,E,E,0.573,0.005,0.045,0.951,0.479
sp_P33681_CD80_HUMAN,45,V,E,0.593,0.004,0.514,0.481,0.466666666667
sp_P33681_CD80_HUMAN,46,A,B,0.045,0.001,0.900,0.099,0.427888888889
sp_P33681_CD80_HUMAN,47,T,E,0.389,0.001,0.959,0.040,0.403444444444
sp_P33681_CD80_HUMAN,48,L,B,0.041,0.001,0.959,0.040,0.385666666667
sp_P33681_CD80_HUMAN,49,S,E,0.359,0.001,0.900,0.099,0.370111111111
sp_P33681_CD80_HUMAN,50,C,B,0.02,0.002,0.816,0.182,0.377555555556
sp_P33681_CD80_HUMAN,51,G,E,0.425,0.002,0.816,0.182,0.395777777778
sp_P33681_CD80_HUMAN,52,H,B,0.125,0.002,0.816,0.182,0.416444444444
sp_P33681_CD80_HUMAN,53,N,E,0.488,0.004,0.616,0.381,0.468222222222
sp_P33681_CD80_HUMAN,54,V,B,0.253,0.020,0.205,0.775,0.499888888889
sp_P33681_CD80_HUMAN,55,S,E,0.462,0.018,0.047,0.935,0.535555555556
sp_P33681_CD80_HUMAN,56,V,E,0.497,0.018,0.047,0.935,0.554777777778
sp_P33681_CD80_HUMAN,57,E,E,0.656,0.005,0.045,0.951,0.568777777778
sp_P33681_CD80_HUMAN,58,E,E,0.692,0.004,0.085,0.910,0.557777777778
sp_P33681_CD80_HUMAN,59,L,B,0.251,0.004,0.138,0.858,0.539888888889
sp_P33681_CD80_HUMAN,60,A,E,0.553,0.004,0.336,0.660,0.506333333333
sp_P33681_CD80_HUMAN,61,Q,E,0.459,0.003,0.718,0.279,0.492666666667
sp_P33681_CD80_HUMAN,62,T,B,0.114,0.002,0.816,0.182,0.452
sp_P33681_CD80_HUMAN,63,R,B,0.237,0.001,0.959,0.040,0.435555555556
sp_P33681_CD80_HUMAN,64,I,B,0.027,0.001,0.959,0.040,0.430222222222
sp_P33681_CD80_HUMAN,65,Y,B,0.138,0.001,0.959,0.040,0.431222222222
sp_P33681_CD80_HUMAN,66,W,B,0.033,0.001,0.959,0.040,0.431111111111
sp_P33681_CD80_HUMAN,67,Q,B,0.185,0.001,0.959,0.040,0.459111111111
sp_P33681_CD80_HUMAN,68,K,B,0.214,0.001,0.900,0.099,0.467222222222
sp_P33681_CD80_HUMAN,69,E,E,0.595,0.005,0.045,0.951,0.482222222222
sp_P33681_CD80_HUMAN,70,K,E,0.779,0.003,0.003,0.994,0.471888888889
sp_P33681_CD80_HUMAN,71,K,E,0.631,0.004,0.420,0.576,0.484555555556
sp_P33681_CD80_HUMAN,72,M,E,0.324,0.002,0.816,0.182,0.461444444444
sp_P33681_CD80_HUMAN,73,V,B,0.136,0.001,0.900,0.099,0.462777777778
sp_P33681_CD80_HUMAN,74,L,B,0.126,0.001,0.959,0.040,0.462222222222
sp_P33681_CD80_HUMAN,75,T,B,0.186,0.001,0.959,0.040,0.469111111111
sp_P33681_CD80_HUMAN,76,M,B,0.107,0.001,0.900,0.099,0.473
sp_P33681_CD80_HUMAN,77,M,E,0.3,0.002,0.816,0.182,0.488
sp_P33681_CD80_HUMAN,78,S,E,0.454,0.021,0.279,0.699,0.514333333333
sp_P33681_CD80_HUMAN,79,G,E,0.484,0.018,0.088,0.893,0.536444444444
sp_P33681_CD80_HUMAN,80,D,E,0.634,0.021,0.279,0.699,0.551333333333
sp_P33681_CD80_HUMAN,81,M,E,0.563,0.022,0.359,0.619,0.584222222222
sp_P33681_CD80_HUMAN,82,N,E,0.574,0.021,0.452,0.528,0.594555555556
sp_P33681_CD80_HUMAN,83,I,E,0.397,0.022,0.359,0.619,0.594555555556
sp_P33681_CD80_HUMAN,84,W,E,0.403,0.018,0.141,0.840,0.590222222222
sp_P33681_CD80_HUMAN,85,P,E,0.573,0.018,0.088,0.893,0.586333333333
sp_P33681_CD80_HUMAN,86,E,E,0.599,0.020,0.205,0.775,0.573777777778
sp_P33681_CD80_HUMAN,87,Y,B,0.12,0.004,0.420,0.576,0.557555555556
sp_P33681_CD80_HUMAN,88,K,E,0.464,0.004,0.514,0.481,0.543888888889
sp_P33681_CD80_HUMAN,89,N,E,0.41,0.004,0.616,0.381,0.531333333333
sp_P33681_CD80_HUMAN,90,R,B,0.202,0.002,0.816,0.182,0.520333333333
sp_P33681_CD80_HUMAN,91,T,B,0.129,0.001,0.900,0.099,0.521777777778
sp_P33681_CD80_HUMAN,92,I,E,0.369,0.001,0.900,0.099,0.525444444444
sp_P33681_CD80_HUMAN,93,F,B,0.232,0.001,0.900,0.099,0.522111111111
sp_P33681_CD80_HUMAN,94,D,B,0.245,0.004,0.616,0.381,0.518666666667
sp_P33681_CD80_HUMAN,95,I,E,0.532,0.004,0.336,0.660,0.499222222222
sp_P33681_CD80_HUMAN,96,T,E,0.66,0.004,0.085,0.910,0.499666666667
sp_P33681_CD80_HUMAN,97,N,E,0.624,0.005,0.045,0.951,0.468444444444
sp_P33681_CD80_HUMAN,98,N,E,0.508,0.004,0.138,0.858,0.474777777778
sp_P33681_CD80_HUMAN,99,L,B,0.097,0.003,0.718,0.279,0.452555555556
sp_P33681_CD80_HUMAN,100,S,B,0.19,0.001,0.900,0.099,0.448888888889
sp_P33681_CD80_HUMAN,101,I,B,0.028,0.001,0.959,0.040,0.436555555556
sp_P33681_CD80_HUMAN,102,V,E,0.27,0.001,0.959,0.040,0.424555555556
sp_P33681_CD80_HUMAN,103,I,B,0.024,0.001,0.900,0.099,0.420111111111
sp_P33681_CD80_HUMAN,104,L,E,0.416,0.002,0.816,0.182,0.452222222222
sp_P33681_CD80_HUMAN,105,A,E,0.53,0.004,0.420,0.576,0.452555555556
sp_P33681_CD80_HUMAN,106,L,B,0.108,0.004,0.336,0.660,0.483777777778
sp_P33681_CD80_HUMAN,107,R,E,0.486,0.004,0.420,0.576,0.492555555556
sp_P33681_CD80_HUMAN,108,P,E,0.454,0.004,0.420,0.576,0.521666666667
sp_P33681_CD80_HUMAN,109,S,E,0.578,0.004,0.263,0.733,0.508
sp_P33681_CD80_HUMAN,110,D,B,0.257,0.004,0.197,0.799,0.488888888889
sp_P33681_CD80_HUMAN,111,E,E,0.641,0.004,0.197,0.799,0.485222222222
sp_P33681_CD80_HUMAN,112,G,B,0.192,0.003,0.718,0.279,0.462333333333
sp_P33681_CD80_HUMAN,113,T,E,0.392,0.001,0.959,0.040,0.447888888889
sp_P33681_CD80_HUMAN,114,Y,B,0.037,0.001,0.959,0.040,0.426555555556
sp_P33681_CD80_HUMAN,115,E,B,0.248,0.001,0.959,0.040,0.434444444444
sp_P33681_CD80_HUMAN,116,C,B,0.014,0.001,0.959,0.040,0.422
sp_P33681_CD80_HUMAN,117,V,B,0.18,0.001,0.959,0.040,0.427777777778
sp_P33681_CD80_HUMAN,118,V,B,0.043,0.001,0.959,0.040,0.444111111111
sp_P33681_CD80_HUMAN,119,L,E,0.274,0.001,0.959,0.040,0.480222222222
sp_P33681_CD80_HUMAN,120,K,B,0.277,0.001,0.900,0.099,0.500222222222
sp_P33681_CD80_HUMAN,121,Y,E,0.394,0.004,0.420,0.576,0.525333333333
sp_P33681_CD80_HUMAN,122,E,E,0.646,0.004,0.085,0.910,0.537666666667
sp_P33681_CD80_HUMAN,123,K,E,0.627,0.005,0.045,0.951,0.567333333333
sp_P33681_CD80_HUMAN,124,D,E,0.535,0.004,0.085,0.910,0.578666666667
sp_P33681_CD80_HUMAN,125,A,E,0.542,0.004,0.263,0.733,0.586555555556
sp_P33681_CD80_HUMAN,126,F,E,0.278,0.004,0.420,0.576,0.581444444444
sp_P33681_CD80_HUMAN,127,K,E,0.326,0.004,0.616,0.381,0.571111111111
sp_P33681_CD80_HUMAN,128,R,E,0.317,0.003,0.718,0.279,0.558666666667
sp_P33681_CD80_HUMAN,129,E,E,0.381,0.002,0.816,0.182,0.548111111111
sp_P33681_CD80_HUMAN,130,H,E,0.336,0.002,0.816,0.182,0.536111111111
sp_P33681_CD80_HUMAN,131,L,E,0.382,0.002,0.816,0.182,0.518777777778
sp_P33681_CD80_HUMAN,132,A,B,0.268,0.002,0.816,0.182,0.503666666667
sp_P33681_CD80_HUMAN,133,E,E,0.402,0.001,0.900,0.099,0.491555555556
sp_P33681_CD80_HUMAN,134,V,B,0.138,0.001,0.900,0.099,0.498444444444
sp_P33681_CD80_HUMAN,135,T,E,0.375,0.001,0.900,0.099,0.510222222222
sp_P33681_CD80_HUMAN,136,L,B,0.193,0.002,0.816,0.182,0.524666666667
sp_P33681_CD80_HUMAN,137,S,E,0.357,0.024,0.655,0.322,0.538333333333
sp_P33681_CD80_HUMAN,138,V,E,0.329,0.021,0.452,0.528,0.557222222222
sp_P33681_CD80_HUMAN,139,K,E,0.451,0.021,0.279,0.699,0.580333333333
sp_P33681_CD80_HUMAN,140,A,E,0.496,0.021,0.279,0.699,0.588
sp_P33681_CD80_HUMAN,141,D,E,0.491,0.021,0.279,0.699,0.596
sp_P33681_CD80_HUMAN,142,F,E,0.421,0.021,0.279,0.699,0.592888888889
sp_P33681_CD80_HUMAN,143,P,E,0.471,0.022,0.359,0.619,0.576
sp_P33681_CD80_HUMAN,144,T,E,0.482,0.004,0.514,0.481,0.558555555556
sp_P33681_CD80_HUMAN,145,P,E,0.338,0.004,0.616,0.381,0.545555555556
sp_P33681_CD80_HUMAN,146,S,E,0.424,0.003,0.718,0.279,0.530777777778
sp_P33681_CD80_HUMAN,147,I,B,0.24,0.002,0.816,0.182,0.526222222222
sp_P33681_CD80_HUMAN,148,S,E,0.411,0.002,0.816,0.182,0.507555555556
sp_P33681_CD80_HUMAN,149,D,B,0.275,0.002,0.816,0.182,0.517777777778
sp_P33681_CD80_HUMAN,150,F,E,0.434,0.003,0.718,0.279,0.518111111111
sp_P33681_CD80_HUMAN,151,E,E,0.448,0.024,0.655,0.322,0.519
sp_P33681_CD80_HUMAN,152,I,B,0.228,0.004,0.514,0.481,0.530444444444
sp_P33681_CD80_HUMAN,153,P,E,0.584,0.004,0.420,0.576,0.529444444444
sp_P33681_CD80_HUMAN,154,T,E,0.63,0.004,0.138,0.858,0.520666666667
sp_P33681_CD80_HUMAN,155,S,E,0.672,0.005,0.015,0.979,0.516444444444
sp_P33681_CD80_HUMAN,156,N,E,0.588,0.004,0.085,0.910,0.484555555556
sp_P33681_CD80_HUMAN,157,I,E,0.511,0.004,0.616,0.381,0.473111111111
sp_P33681_CD80_HUMAN,158,R,B,0.095,0.001,0.900,0.099,0.431
sp_P33681_CD80_HUMAN,159,R,E,0.374,0.001,0.900,0.099,0.417777777778
sp_P33681_CD80_HUMAN,160,I,B,0.027,0.001,0.959,0.040,0.400555555556
sp_P33681_CD80_HUMAN,161,I,E,0.261,0.011,0.918,0.071,0.390666666667
sp_P33681_CD80_HUMAN,162,C,B,0.014,0.011,0.918,0.071,0.395
sp_P33681_CD80_HUMAN,163,S,E,0.322,0.001,0.959,0.040,0.413222222222
sp_P33681_CD80_HUMAN,164,T,B,0.052,0.001,0.900,0.099,0.420555555556
sp_P33681_CD80_HUMAN,165,S,E,0.484,0.004,0.420,0.576,0.446444444444
sp_P33681_CD80_HUMAN,166,G,E,0.703,0.005,0.045,0.951,0.456222222222
sp_P33681_CD80_HUMAN,167,G,E,0.408,0.005,0.045,0.951,0.482777777778
sp_P33681_CD80_HUMAN,168,F,E,0.429,0.004,0.085,0.910,0.488111111111
sp_P33681_CD80_HUMAN,169,P,B,0.244,0.004,0.138,0.858,0.482777777778
sp_P33681_CD80_HUMAN,170,E,E,0.518,0.004,0.197,0.799,0.465777777778
sp_P33681_CD80_HUMAN,171,P,B,0.103,0.004,0.420,0.576,0.435222222222
sp_P33681_CD80_HUMAN,172,H,E,0.386,0.001,0.900,0.099,0.417
sp_P33681_CD80_HUMAN,173,L,B,0.044,0.001,0.959,0.040,0.398
sp_P33681_CD80_HUMAN,174,S,E,0.309,0.006,0.962,0.032,0.384111111111
sp_P33681_CD80_HUMAN,175,W,B,0.033,0.011,0.918,0.071,0.392333333333
sp_P33681_CD80_HUMAN,176,L,E,0.296,0.001,0.900,0.099,0.408666666667
sp_P33681_CD80_HUMAN,177,E,E,0.36,0.004,0.616,0.381,0.414222222222
sp_P33681_CD80_HUMAN,178,N,E,0.651,0.018,0.019,0.964,0.426333333333
sp_P33681_CD80_HUMAN,179,G,E,0.777,0.018,0.019,0.964,0.458666666667
sp_P33681_CD80_HUMAN,180,E,E,0.579,0.004,0.420,0.576,0.501666666667
sp_P33681_CD80_HUMAN,181,E,E,0.549,0.004,0.514,0.481,0.513555555556
sp_P33681_CD80_HUMAN,182,L,B,0.166,0.021,0.452,0.528,0.534
sp_P33681_CD80_HUMAN,183,N,E,0.461,0.004,0.263,0.733,0.544444444444
sp_P33681_CD80_HUMAN,184,A,E,0.511,0.004,0.138,0.858,0.538222222222
sp_P33681_CD80_HUMAN,185,I,E,0.615,0.004,0.138,0.858,0.525222222222
sp_P33681_CD80_HUMAN,186,N,E,0.5,0.004,0.336,0.660,0.525555555556
sp_P33681_CD80_HUMAN,187,T,E,0.469,0.004,0.616,0.381,0.550444444444
sp_P33681_CD80_HUMAN,188,T,E,0.456,0.003,0.718,0.279,0.547444444444
sp_P33681_CD80_HUMAN,189,V,E,0.396,0.018,0.846,0.136,0.539666666667
sp_P33681_CD80_HUMAN,190,S,E,0.369,0.021,0.756,0.223,0.539222222222
sp_P33681_CD80_HUMAN,191,Q,E,0.447,0.003,0.718,0.279,0.536
sp_P33681_CD80_HUMAN,192,D,E,0.494,0.004,0.514,0.481,0.541777777778
sp_P33681_CD80_HUMAN,193,P,E,0.488,0.004,0.138,0.858,0.541444444444
sp_P33681_CD80_HUMAN,194,E,E,0.735,0.004,0.085,0.910,0.537888888889
sp_P33681_CD80_HUMAN,195,T,E,0.65,0.004,0.085,0.910,0.532444444444
sp_P33681_CD80_HUMAN,196,E,E,0.315,0.004,0.336,0.660,0.5
sp_P33681_CD80_HUMAN,197,L,E,0.265,0.002,0.816,0.182,0.479111111111
sp_P33681_CD80_HUMAN,198,Y,B,0.132,0.001,0.900,0.099,0.460555555556
sp_P33681_CD80_HUMAN,199,A,B,0.253,0.001,0.900,0.099,0.439888888889
sp_P33681_CD80_HUMAN,200,V,B,0.067,0.001,0.959,0.040,0.427333333333
sp_P33681_CD80_HUMAN,201,S,E,0.317,0.001,0.959,0.040,0.408222222222
sp_P33681_CD80_HUMAN,202,S,B,0.11,0.001,0.959,0.040,0.386888888889
sp_P33681_CD80_HUMAN,203,K,B,0.231,0.001,0.959,0.040,0.390555555556
sp_P33681_CD80_HUMAN,204,L,B,0.105,0.001,0.959,0.040,0.404666666667
sp_P33681_CD80_HUMAN,205,D,E,0.427,0.001,0.959,0.040,0.430888888889
sp_P33681_CD80_HUMAN,206,F,B,0.063,0.001,0.900,0.099,0.445555555556
sp_P33681_CD80_HUMAN,207,N,E,0.421,0.003,0.718,0.279,0.464777777778
sp_P33681_CD80_HUMAN,208,M,E,0.431,0.004,0.336,0.660,0.482222222222
sp_P33681_CD80_HUMAN,209,T,E,0.546,0.004,0.138,0.858,0.494111111111
sp_P33681_CD80_HUMAN,210,T,E,0.621,0.005,0.015,0.979,0.485
sp_P33681_CD80_HUMAN,211,N,E,0.652,0.005,0.015,0.979,0.498333333333
sp_P33681_CD80_HUMAN,212,H,E,0.402,0.004,0.197,0.799,0.473111111111
sp_P33681_CD80_HUMAN,213,S,E,0.404,0.002,0.816,0.182,0.450666666667
sp_P33681_CD80_HUMAN,214,F,B,0.048,0.001,0.959,0.040,0.424888888889
sp_P33681_CD80_HUMAN,215,M,B,0.199,0.001,0.959,0.040,0.412555555556
sp_P33681_CD80_HUMAN,216,C,B,0.013,0.001,0.959,0.040,0.404333333333
sp_P33681_CD80_HUMAN,217,L,B,0.168,0.001,0.959,0.040,0.399222222222
sp_P33681_CD80_HUMAN,218,I,B,0.024,0.001,0.959,0.040,0.407
sp_P33681_CD80_HUMAN,219,K,E,0.332,0.001,0.959,0.040,0.442222222222
sp_P33681_CD80_HUMAN,220,Y,B,0.116,0.003,0.718,0.279,0.465555555556
sp_P33681_CD80_HUMAN,221,G,E,0.623,0.004,0.085,0.910,0.496888888889
sp_P33681_CD80_HUMAN,222,H,E,0.476,0.004,0.085,0.910,0.511111111111
sp_P33681_CD80_HUMAN,223,L,E,0.482,0.004,0.263,0.733,0.526444444444
sp_P33681_CD80_HUMAN,224,R,E,0.629,0.004,0.263,0.733,0.524444444444
sp_P33681_CD80_HUMAN,225,V,E,0.536,0.004,0.514,0.481,0.510333333333
sp_P33681_CD80_HUMAN,226,N,E,0.578,0.004,0.616,0.381,0.504888888889
sp_P33681_CD80_HUMAN,227,Q,E,0.324,0.002,0.816,0.182,0.486111111111
sp_P33681_CD80_HUMAN,228,T,E,0.538,0.001,0.900,0.099,0.461
sp_P33681_CD80_HUMAN,229,F,B,0.093,0.001,0.900,0.099,0.438777777778
sp_P33681_CD80_HUMAN,230,N,E,0.427,0.001,0.900,0.099,0.429
sp_P33681_CD80_HUMAN,231,W,B,0.084,0.001,0.959,0.040,0.427555555556
sp_P33681_CD80_HUMAN,232,N,E,0.464,0.001,0.900,0.099,0.443111111111
sp_P33681_CD80_HUMAN,233,T,B,0.118,0.018,0.846,0.136,0.48
sp_P33681_CD80_HUMAN,234,T,E,0.485,0.024,0.655,0.322,0.510222222222
sp_P33681_CD80_HUMAN,235,K,B,0.213,0.022,0.359,0.619,0.531444444444
sp_P33681_CD80_HUMAN,236,Q,E,0.429,0.004,0.197,0.799,0.560555555556
sp_P33681_CD80_HUMAN,237,E,E,0.515,0.018,0.088,0.893,0.593222222222
sp_P33681_CD80_HUMAN,238,H,E,0.365,0.018,0.047,0.935,0.617222222222
sp_P33681_CD80_HUMAN,239,F,B,0.212,0.018,0.019,0.964,0.639666666667
sp_P33681_CD80_HUMAN,240,P,E,0.464,0.058,0.017,0.925,0.650444444444
sp_P33681_CD80_HUMAN,241,D,E,0.496,0.058,0.017,0.925,0.642
sp_P33681_CD80_HUMAN,242,N,E,0.463,0.058,0.017,0.925,0.621888888889
sp_P33681_CD80_HUMAN,243,L,E,0.383,0.116,0.016,0.868,0.607222222222
sp_P33681_CD80_HUMAN,244,L,B,0.31,0.339,0.016,0.645,0.590888888889
sp_P33681_CD80_HUMAN,245,P,E,0.336,0.600,0.003,0.397,0.571888888889
sp_P33681_CD80_HUMAN,246,S,E,0.307,0.782,0.003,0.215,0.540111111111
sp_P33681_CD80_HUMAN,247,W,B,0.304,0.923,0.002,0.076,0.516777777778
sp_P33681_CD80_HUMAN,248,A,B,0.273,0.923,0.002,0.076,0.487
sp_P33681_CD80_HUMAN,249,I,E,0.295,0.970,0.001,0.029,0.462555555556
sp_P33681_CD80_HUMAN,250,T,E,0.279,0.970,0.001,0.029,0.431888888889
sp_P33681_CD80_HUMAN,251,L,E,0.259,0.970,0.001,0.029,0.414333333333
sp_P33681_CD80_HUMAN,252,I,E,0.32,0.970,0.001,0.029,0.403888888889
sp_P33681_CD80_HUMAN,253,S,E,0.27,0.988,0.000,0.012,0.401888888889
sp_P33681_CD80_HUMAN,254,V,E,0.255,0.988,0.000,0.012,0.390555555556
sp_P33681_CD80_HUMAN,255,N,E,0.239,0.988,0.000,0.012,0.385333333333
sp_P33681_CD80_HUMAN,256,G,E,0.281,0.988,0.000,0.012,0.365666666667
sp_P33681_CD80_HUMAN,257,I,E,0.272,0.988,0.000,0.012,0.338888888889
sp_P33681_CD80_HUMAN,258,F,E,0.238,0.988,0.000,0.012,0.317111111111
sp_P33681_CD80_HUMAN,259,V,B,0.192,0.988,0.000,0.012,0.308111111111
sp_P33681_CD80_HUMAN,260,I,E,0.239,0.988,0.000,0.012,0.293222222222
sp_P33681_CD80_HUMAN,261,C,B,0.213,0.988,0.000,0.012,0.278555555556
sp_P33681_CD80_HUMAN,262,C,B,0.19,0.988,0.000,0.012,0.257444444444
sp_P33681_CD80_HUMAN,263,L,B,0.205,0.988,0.000,0.012,0.246666666667
sp_P33681_CD80_HUMAN,264,T,B,0.184,0.988,0.000,0.012,0.239555555556
sp_P33681_CD80_HUMAN,265,Y,B,0.148,0.988,0.000,0.012,0.256444444444
sp_P33681_CD80_HUMAN,266,C,B,0.115,0.988,0.000,0.012,0.286777777778
sp_P33681_CD80_HUMAN,267,F,B,0.107,0.988,0.000,0.012,0.308777777778
sp_P33681_CD80_HUMAN,268,A,B,0.202,0.970,0.001,0.029,0.344444444444
sp_P33681_CD80_HUMAN,269,P,B,0.186,0.923,0.002,0.076,0.372333333333
sp_P33681_CD80_HUMAN,270,R,B,0.196,0.923,0.002,0.076,0.399222222222
sp_P33681_CD80_HUMAN,271,C,B,0.144,0.878,0.010,0.111,0.437555555556
sp_P33681_CD80_HUMAN,272,R,E,0.427,0.878,0.010,0.111,0.470444444444
sp_P33681_CD80_HUMAN,273,E,E,0.466,0.802,0.014,0.185,0.504666666667
sp_P33681_CD80_HUMAN,274,R,E,0.462,0.802,0.014,0.185,0.532222222222
sp_P33681_CD80_HUMAN,275,R,E,0.579,0.717,0.014,0.269,0.558222222222
sp_P33681_CD80_HUMAN,276,R,E,0.575,0.622,0.015,0.363,0.575666666667
sp_P33681_CD80_HUMAN,277,N,E,0.552,0.522,0.016,0.462,0.592333333333
sp_P33681_CD80_HUMAN,278,E,E,0.613,0.522,0.016,0.462,0.601444444444
sp_P33681_CD80_HUMAN,279,R,E,0.62,0.522,0.016,0.462,0.616888888889
sp_P33681_CD80_HUMAN,280,L,E,0.257,0.339,0.016,0.645,0.622777777778
sp_P33681_CD80_HUMAN,281,R,E,0.62,0.339,0.016,0.645,0.615333333333
sp_P33681_CD80_HUMAN,282,R,E,0.504,0.257,0.016,0.727,0.620222222222
sp_P33681_CD80_HUMAN,283,E,E,0.474,0.181,0.017,0.803,0.610444444444
sp_P33681_CD80_HUMAN,284,S,E,0.695,0.113,0.043,0.844,0.577444444444
sp_P33681_CD80_HUMAN,285,V,E,0.319,0.053,0.043,0.903,0.517
sp_P33681_CD80_HUMAN,286,R,E,0.605,0.018,0.047,0.935,0.442333333333
sp_P33681_CD80_HUMAN,287,P,E,0.625,0.018,0.047,0.935,0.376888888889
sp_P33681_CD80_HUMAN,288,V,E,0.709,0.003,0.003,0.994,0.302666666667
