Entry,Position,AminoAcid,Exposed/Buried,RelativeSurfaceAccessilibity,HelixProbability,SheetProbability,CoilProbability,EpitopeProbability
sp_P56856-2_CLD18_HUMAN,1,M,E,0.696,0.016,0.005,0.979,0.206333333333
sp_P56856-2_CLD18_HUMAN,2,A,E,0.342,0.522,0.016,0.462,0.243444444444
sp_P56856-2_CLD18_HUMAN,3,V,E,0.397,0.802,0.014,0.185,0.286444444444
sp_P56856-2_CLD18_HUMAN,4,T,B,0.236,0.859,0.002,0.139,0.324
sp_P56856-2_CLD18_HUMAN,5,A,B,0.086,0.923,0.002,0.076,0.366222222222
sp_P56856-2_CLD18_HUMAN,6,C,B,0.107,0.938,0.007,0.055,0.368111111111
sp_P56856-2_CLD18_HUMAN,7,Q,B,0.145,0.970,0.001,0.029,0.368444444444
sp_P56856-2_CLD18_HUMAN,8,G,B,0.157,0.970,0.001,0.029,0.360444444444
sp_P56856-2_CLD18_HUMAN,9,L,B,0.139,0.970,0.001,0.029,0.346111111111
sp_P56856-2_CLD18_HUMAN,10,G,B,0.067,0.970,0.001,0.029,0.329444444444
sp_P56856-2_CLD18_HUMAN,11,F,B,0.144,0.970,0.001,0.029,0.328444444444
sp_P56856-2_CLD18_HUMAN,12,V,E,0.294,0.988,0.000,0.012,0.321777777778
sp_P56856-2_CLD18_HUMAN,13,V,B,0.125,0.988,0.000,0.012,0.314333333333
sp_P56856-2_CLD18_HUMAN,14,S,B,0.115,0.970,0.001,0.029,0.302333333333
sp_P56856-2_CLD18_HUMAN,15,L,E,0.31,0.988,0.000,0.012,0.308444444444
sp_P56856-2_CLD18_HUMAN,16,I,B,0.257,0.970,0.001,0.029,0.310444444444
sp_P56856-2_CLD18_HUMAN,17,G,B,0.154,0.970,0.001,0.029,0.292777777778
sp_P56856-2_CLD18_HUMAN,18,I,B,0.143,0.970,0.001,0.029,0.294444444444
sp_P56856-2_CLD18_HUMAN,19,A,B,0.204,0.970,0.001,0.029,0.287444444444
sp_P56856-2_CLD18_HUMAN,20,G,B,0.121,0.970,0.001,0.029,0.276888888889
sp_P56856-2_CLD18_HUMAN,21,I,B,0.078,0.970,0.001,0.029,0.268333333333
sp_P56856-2_CLD18_HUMAN,22,I,B,0.079,0.970,0.001,0.029,0.276666666667
sp_P56856-2_CLD18_HUMAN,23,A,B,0.06,0.938,0.007,0.055,0.296222222222
sp_P56856-2_CLD18_HUMAN,24,A,B,0.036,0.878,0.010,0.111,0.314666666667
sp_P56856-2_CLD18_HUMAN,25,T,B,0.044,0.802,0.014,0.185,0.325555555556
sp_P56856-2_CLD18_HUMAN,26,C,B,0.074,0.522,0.016,0.462,0.354111111111
sp_P56856-2_CLD18_HUMAN,27,M,B,0.05,0.181,0.017,0.803,0.376888888889
sp_P56856-2_CLD18_HUMAN,28,D,E,0.282,0.109,0.005,0.886,0.391666666667
sp_P56856-2_CLD18_HUMAN,29,Q,B,0.133,0.058,0.017,0.925,0.417777777778
sp_P56856-2_CLD18_HUMAN,30,W,B,0.033,0.056,0.142,0.802,0.444444444444
sp_P56856-2_CLD18_HUMAN,31,S,B,0.103,0.079,0.592,0.329,0.472111111111
sp_P56856-2_CLD18_HUMAN,32,T,B,0.07,0.085,0.775,0.140,0.496444444444
sp_P56856-2_CLD18_HUMAN,33,Q,B,0.081,0.085,0.775,0.140,0.510555555556
sp_P56856-2_CLD18_HUMAN,34,D,B,0.249,0.085,0.775,0.140,0.523444444444
sp_P56856-2_CLD18_HUMAN,35,L,B,0.23,0.021,0.452,0.528,0.542333333333
sp_P56856-2_CLD18_HUMAN,36,Y,E,0.415,0.018,0.141,0.840,0.537333333333
sp_P56856-2_CLD18_HUMAN,37,N,E,0.477,0.018,0.047,0.935,0.554555555556
sp_P56856-2_CLD18_HUMAN,38,N,E,0.385,0.056,0.142,0.802,0.561777777778
sp_P56856-2_CLD18_HUMAN,39,P,B,0.271,0.135,0.317,0.548,0.557666666667
sp_P56856-2_CLD18_HUMAN,40,V,B,0.126,0.148,0.418,0.435,0.546333333333
sp_P56856-2_CLD18_HUMAN,41,T,B,0.221,0.321,0.252,0.427,0.534333333333
sp_P56856-2_CLD18_HUMAN,42,A,B,0.179,0.386,0.097,0.517,0.507555555556
sp_P56856-2_CLD18_HUMAN,43,V,B,0.236,0.606,0.105,0.289,0.491444444444
sp_P56856-2_CLD18_HUMAN,44,F,B,0.187,0.649,0.163,0.188,0.466666666667
sp_P56856-2_CLD18_HUMAN,45,N,B,0.184,0.578,0.229,0.194,0.452333333333
sp_P56856-2_CLD18_HUMAN,46,Y,B,0.074,0.578,0.229,0.194,0.431666666667
sp_P56856-2_CLD18_HUMAN,47,Q,B,0.175,0.538,0.173,0.289,0.421777777778
sp_P56856-2_CLD18_HUMAN,48,G,B,0.077,0.502,0.102,0.396,0.422555555556
sp_P56856-2_CLD18_HUMAN,49,L,B,0.041,0.649,0.163,0.188,0.397666666667
sp_P56856-2_CLD18_HUMAN,50,W,B,0.03,0.725,0.163,0.112,0.371444444444
sp_P56856-2_CLD18_HUMAN,51,R,E,0.224,0.779,0.101,0.120,0.393111111111
sp_P56856-2_CLD18_HUMAN,52,S,B,0.184,0.779,0.101,0.120,0.408333333333
sp_P56856-2_CLD18_HUMAN,53,C,B,0.023,0.725,0.163,0.112,0.428666666667
sp_P56856-2_CLD18_HUMAN,54,V,B,0.087,0.662,0.225,0.114,0.459666666667
sp_P56856-2_CLD18_HUMAN,55,R,E,0.356,0.321,0.252,0.427,0.494444444444
sp_P56856-2_CLD18_HUMAN,56,E,E,0.374,0.118,0.150,0.732,0.502555555556
sp_P56856-2_CLD18_HUMAN,57,S,B,0.29,0.018,0.047,0.935,0.506333333333
sp_P56856-2_CLD18_HUMAN,58,S,E,0.436,0.018,0.047,0.935,0.525555555556
sp_P56856-2_CLD18_HUMAN,59,G,E,0.376,0.020,0.205,0.775,0.527555555556
sp_P56856-2_CLD18_HUMAN,60,F,E,0.295,0.004,0.514,0.481,0.524333333333
sp_P56856-2_CLD18_HUMAN,61,T,B,0.189,0.003,0.718,0.279,0.511
sp_P56856-2_CLD18_HUMAN,62,E,E,0.365,0.003,0.718,0.279,0.507777777778
sp_P56856-2_CLD18_HUMAN,63,C,B,0.035,0.024,0.655,0.322,0.505111111111
sp_P56856-2_CLD18_HUMAN,64,R,E,0.364,0.024,0.655,0.322,0.496444444444
sp_P56856-2_CLD18_HUMAN,65,G,E,0.421,0.022,0.552,0.426,0.491777777778
sp_P56856-2_CLD18_HUMAN,66,Y,B,0.185,0.021,0.279,0.699,0.500444444444
sp_P56856-2_CLD18_HUMAN,67,F,E,0.428,0.052,0.084,0.864,0.508222222222
sp_P56856-2_CLD18_HUMAN,68,T,B,0.244,0.113,0.087,0.800,0.522666666667
sp_P56856-2_CLD18_HUMAN,69,L,B,0.225,0.118,0.150,0.732,0.522
sp_P56856-2_CLD18_HUMAN,70,L,B,0.158,0.052,0.084,0.864,0.528
sp_P56856-2_CLD18_HUMAN,71,G,B,0.255,0.052,0.084,0.864,0.524222222222
sp_P56856-2_CLD18_HUMAN,72,L,B,0.159,0.113,0.043,0.844,0.491333333333
sp_P56856-2_CLD18_HUMAN,73,P,E,0.381,0.339,0.016,0.645,0.481222222222
sp_P56856-2_CLD18_HUMAN,74,A,E,0.381,0.782,0.003,0.215,0.458555555556
sp_P56856-2_CLD18_HUMAN,75,M,B,0.17,0.859,0.002,0.139,0.413222222222
sp_P56856-2_CLD18_HUMAN,76,L,B,0.035,0.938,0.007,0.055,0.397888888889
sp_P56856-2_CLD18_HUMAN,77,Q,B,0.193,0.923,0.002,0.076,0.382111111111
sp_P56856-2_CLD18_HUMAN,78,A,B,0.057,0.970,0.001,0.029,0.343
sp_P56856-2_CLD18_HUMAN,79,V,B,0.027,0.923,0.002,0.076,0.307666666667
sp_P56856-2_CLD18_HUMAN,80,R,B,0.11,0.923,0.002,0.076,0.280111111111
sp_P56856-2_CLD18_HUMAN,81,A,B,0.088,0.923,0.002,0.076,0.274666666667
sp_P56856-2_CLD18_HUMAN,82,L,B,0.067,0.923,0.002,0.076,0.239666666667
sp_P56856-2_CLD18_HUMAN,83,M,B,0.093,0.970,0.001,0.029,0.234777777778
sp_P56856-2_CLD18_HUMAN,84,I,B,0.096,0.970,0.001,0.029,0.247333333333
sp_P56856-2_CLD18_HUMAN,85,V,B,0.119,0.970,0.001,0.029,0.235888888889
sp_P56856-2_CLD18_HUMAN,86,G,B,0.065,0.970,0.001,0.029,0.223
sp_P56856-2_CLD18_HUMAN,87,I,B,0.135,0.970,0.001,0.029,0.229666666667
sp_P56856-2_CLD18_HUMAN,88,V,B,0.236,0.970,0.001,0.029,0.235888888889
sp_P56856-2_CLD18_HUMAN,89,L,B,0.174,0.970,0.001,0.029,0.241777777778
sp_P56856-2_CLD18_HUMAN,90,G,B,0.154,0.923,0.002,0.076,0.251222222222
sp_P56856-2_CLD18_HUMAN,91,A,B,0.225,0.923,0.002,0.076,0.262666666667
sp_P56856-2_CLD18_HUMAN,92,I,B,0.243,0.923,0.002,0.076,0.268888888889
sp_P56856-2_CLD18_HUMAN,93,G,B,0.126,0.970,0.001,0.029,0.267666666667
sp_P56856-2_CLD18_HUMAN,94,L,B,0.134,0.975,0.003,0.022,0.270777777778
sp_P56856-2_CLD18_HUMAN,95,L,B,0.155,0.938,0.007,0.055,0.277666666667
sp_P56856-2_CLD18_HUMAN,96,V,B,0.099,0.878,0.010,0.111,0.285888888889
sp_P56856-2_CLD18_HUMAN,97,S,B,0.081,0.911,0.033,0.057,0.289666666667
sp_P56856-2_CLD18_HUMAN,98,I,B,0.103,0.831,0.044,0.125,0.310444444444
sp_P56856-2_CLD18_HUMAN,99,F,B,0.072,0.660,0.049,0.291,0.318333333333
sp_P56856-2_CLD18_HUMAN,100,A,B,0.089,0.455,0.046,0.498,0.343555555556
sp_P56856-2_CLD18_HUMAN,101,L,B,0.05,0.353,0.048,0.598,0.374777777778
sp_P56856-2_CLD18_HUMAN,102,K,B,0.27,0.502,0.102,0.396,0.403
sp_P56856-2_CLD18_HUMAN,103,C,B,0.084,0.502,0.102,0.396,0.431222222222
sp_P56856-2_CLD18_HUMAN,104,I,B,0.115,0.386,0.097,0.517,0.469222222222
sp_P56856-2_CLD18_HUMAN,105,R,E,0.352,0.278,0.093,0.628,0.510111111111
sp_P56856-2_CLD18_HUMAN,106,I,B,0.133,0.199,0.152,0.649,0.547666666667
sp_P56856-2_CLD18_HUMAN,107,G,B,0.282,0.052,0.084,0.864,0.564
sp_P56856-2_CLD18_HUMAN,108,S,E,0.5,0.018,0.047,0.935,0.584333333333
sp_P56856-2_CLD18_HUMAN,109,M,E,0.536,0.018,0.019,0.964,0.582666666667
sp_P56856-2_CLD18_HUMAN,110,E,E,0.486,0.058,0.017,0.925,0.576
sp_P56856-2_CLD18_HUMAN,111,D,E,0.556,0.339,0.016,0.645,0.571888888889
sp_P56856-2_CLD18_HUMAN,112,S,E,0.462,0.430,0.016,0.555,0.552111111111
sp_P56856-2_CLD18_HUMAN,113,A,B,0.115,0.522,0.016,0.462,0.511888888889
sp_P56856-2_CLD18_HUMAN,114,K,B,0.249,0.622,0.015,0.363,0.462222222222
sp_P56856-2_CLD18_HUMAN,115,A,B,0.173,0.717,0.014,0.269,0.410222222222
sp_P56856-2_CLD18_HUMAN,116,N,B,0.108,0.802,0.014,0.185,0.367333333333
sp_P56856-2_CLD18_HUMAN,117,M,B,0.04,0.911,0.033,0.057,0.337333333333
sp_P56856-2_CLD18_HUMAN,118,T,B,0.038,0.917,0.063,0.019,0.313444444444
sp_P56856-2_CLD18_HUMAN,119,L,B,0.083,0.911,0.033,0.057,0.292333333333
sp_P56856-2_CLD18_HUMAN,120,T,B,0.063,0.911,0.033,0.057,0.267666666667
sp_P56856-2_CLD18_HUMAN,121,S,B,0.065,0.878,0.010,0.111,0.259666666667
sp_P56856-2_CLD18_HUMAN,122,G,B,0.096,0.859,0.002,0.139,0.255555555556
sp_P56856-2_CLD18_HUMAN,123,I,B,0.111,0.970,0.001,0.029,0.247555555556
sp_P56856-2_CLD18_HUMAN,124,M,B,0.093,0.970,0.001,0.029,0.254444444444
sp_P56856-2_CLD18_HUMAN,125,F,B,0.141,0.970,0.001,0.029,0.258888888889
sp_P56856-2_CLD18_HUMAN,126,I,B,0.157,0.970,0.001,0.029,0.253555555556
sp_P56856-2_CLD18_HUMAN,127,V,B,0.109,0.970,0.001,0.029,0.259
sp_P56856-2_CLD18_HUMAN,128,S,B,0.108,0.923,0.002,0.076,0.256555555556
sp_P56856-2_CLD18_HUMAN,129,G,B,0.166,0.923,0.002,0.076,0.249222222222
sp_P56856-2_CLD18_HUMAN,130,L,B,0.138,0.923,0.002,0.076,0.248
sp_P56856-2_CLD18_HUMAN,131,C,B,0.103,0.859,0.002,0.139,0.252333333333
sp_P56856-2_CLD18_HUMAN,132,A,B,0.128,0.878,0.010,0.111,0.257555555556
sp_P56856-2_CLD18_HUMAN,133,I,B,0.08,0.878,0.010,0.111,0.258777777778
sp_P56856-2_CLD18_HUMAN,134,A,B,0.095,0.878,0.010,0.111,0.251111111111
sp_P56856-2_CLD18_HUMAN,135,G,B,0.058,0.878,0.010,0.111,0.251666666667
sp_P56856-2_CLD18_HUMAN,136,V,B,0.067,0.831,0.044,0.125,0.243444444444
sp_P56856-2_CLD18_HUMAN,137,S,B,0.047,0.779,0.101,0.120,0.244
sp_P56856-2_CLD18_HUMAN,138,V,B,0.079,0.725,0.163,0.112,0.259
sp_P56856-2_CLD18_HUMAN,139,F,B,0.069,0.779,0.101,0.120,0.255555555556
sp_P56856-2_CLD18_HUMAN,140,A,B,0.055,0.751,0.050,0.199,0.260888888889
sp_P56856-2_CLD18_HUMAN,141,N,B,0.165,0.802,0.014,0.185,0.287111111111
sp_P56856-2_CLD18_HUMAN,142,M,B,0.191,0.878,0.010,0.111,0.309555555556
sp_P56856-2_CLD18_HUMAN,143,L,B,0.043,0.878,0.010,0.111,0.329444444444
sp_P56856-2_CLD18_HUMAN,144,V,B,0.061,0.802,0.014,0.185,0.355222222222
sp_P56856-2_CLD18_HUMAN,145,T,E,0.294,0.802,0.014,0.185,0.387444444444
sp_P56856-2_CLD18_HUMAN,146,N,E,0.333,0.622,0.015,0.363,0.416555555556
sp_P56856-2_CLD18_HUMAN,147,F,B,0.084,0.522,0.016,0.462,0.443555555556
sp_P56856-2_CLD18_HUMAN,148,W,B,0.174,0.339,0.016,0.645,0.470888888889
sp_P56856-2_CLD18_HUMAN,149,M,B,0.189,0.181,0.017,0.803,0.513444444444
sp_P56856-2_CLD18_HUMAN,150,S,E,0.486,0.116,0.016,0.868,0.534222222222
sp_P56856-2_CLD18_HUMAN,151,T,E,0.43,0.116,0.016,0.868,0.558555555556
sp_P56856-2_CLD18_HUMAN,152,A,B,0.155,0.113,0.043,0.844,0.602555555556
sp_P56856-2_CLD18_HUMAN,153,N,E,0.415,0.113,0.043,0.844,0.622333333333
sp_P56856-2_CLD18_HUMAN,154,M,E,0.482,0.113,0.043,0.844,0.637444444444
sp_P56856-2_CLD18_HUMAN,155,Y,E,0.396,0.116,0.016,0.868,0.651555555556
sp_P56856-2_CLD18_HUMAN,156,T,E,0.393,0.116,0.016,0.868,0.658666666667
sp_P56856-2_CLD18_HUMAN,157,G,E,0.434,0.113,0.043,0.844,0.660111111111
sp_P56856-2_CLD18_HUMAN,158,M,E,0.399,0.113,0.043,0.844,0.646888888889
sp_P56856-2_CLD18_HUMAN,159,G,E,0.336,0.113,0.087,0.800,0.647888888889
sp_P56856-2_CLD18_HUMAN,160,G,E,0.35,0.118,0.150,0.732,0.638888888889
sp_P56856-2_CLD18_HUMAN,161,M,E,0.351,0.056,0.142,0.802,0.617222222222
sp_P56856-2_CLD18_HUMAN,162,V,B,0.287,0.056,0.142,0.802,0.620777777778
sp_P56856-2_CLD18_HUMAN,163,Q,E,0.317,0.052,0.084,0.864,0.624111111111
sp_P56856-2_CLD18_HUMAN,164,T,E,0.504,0.113,0.087,0.800,0.622777777778
sp_P56856-2_CLD18_HUMAN,165,V,E,0.473,0.113,0.087,0.800,0.626444444444
sp_P56856-2_CLD18_HUMAN,166,Q,B,0.285,0.113,0.043,0.844,0.633888888889
sp_P56856-2_CLD18_HUMAN,167,T,E,0.376,0.118,0.150,0.732,0.627444444444
sp_P56856-2_CLD18_HUMAN,168,R,E,0.399,0.125,0.227,0.648,0.607777777778
sp_P56856-2_CLD18_HUMAN,169,Y,E,0.282,0.066,0.296,0.638,0.589555555556
sp_P56856-2_CLD18_HUMAN,170,T,E,0.303,0.135,0.317,0.548,0.563777777778
sp_P56856-2_CLD18_HUMAN,171,F,B,0.19,0.199,0.152,0.649,0.533666666667
sp_P56856-2_CLD18_HUMAN,172,G,B,0.162,0.278,0.093,0.628,0.498666666667
sp_P56856-2_CLD18_HUMAN,173,A,B,0.224,0.606,0.105,0.289,0.454555555556
sp_P56856-2_CLD18_HUMAN,174,A,B,0.041,0.725,0.163,0.112,0.409222222222
sp_P56856-2_CLD18_HUMAN,175,L,B,0.13,0.746,0.197,0.057,0.381444444444
sp_P56856-2_CLD18_HUMAN,176,F,B,0.175,0.807,0.137,0.056,0.357666666667
sp_P56856-2_CLD18_HUMAN,177,V,B,0.173,0.911,0.033,0.057,0.340444444444
sp_P56856-2_CLD18_HUMAN,178,G,B,0.102,0.938,0.007,0.055,0.325
sp_P56856-2_CLD18_HUMAN,179,W,B,0.206,0.975,0.003,0.022,0.320666666667
sp_P56856-2_CLD18_HUMAN,180,V,B,0.223,0.970,0.001,0.029,0.317888888889
sp_P56856-2_CLD18_HUMAN,181,A,B,0.175,0.970,0.001,0.029,0.317111111111
sp_P56856-2_CLD18_HUMAN,182,G,B,0.127,0.970,0.001,0.029,0.324444444444
sp_P56856-2_CLD18_HUMAN,183,G,B,0.231,0.970,0.001,0.029,0.325111111111
sp_P56856-2_CLD18_HUMAN,184,L,B,0.226,0.970,0.001,0.029,0.320111111111
sp_P56856-2_CLD18_HUMAN,185,T,B,0.121,0.970,0.001,0.029,0.316333333333
sp_P56856-2_CLD18_HUMAN,186,L,B,0.187,0.970,0.001,0.029,0.314333333333
sp_P56856-2_CLD18_HUMAN,187,I,B,0.233,0.970,0.001,0.029,0.309
sp_P56856-2_CLD18_HUMAN,188,G,B,0.185,0.923,0.002,0.076,0.302111111111
sp_P56856-2_CLD18_HUMAN,189,G,B,0.072,0.923,0.002,0.076,0.279333333333
sp_P56856-2_CLD18_HUMAN,190,V,B,0.129,0.938,0.007,0.055,0.269333333333
sp_P56856-2_CLD18_HUMAN,191,M,B,0.059,0.950,0.028,0.022,0.265888888889
sp_P56856-2_CLD18_HUMAN,192,M,B,0.05,0.911,0.033,0.057,0.270777777778
sp_P56856-2_CLD18_HUMAN,193,C,B,0.029,0.911,0.033,0.057,0.299222222222
sp_P56856-2_CLD18_HUMAN,194,I,B,0.057,0.779,0.101,0.120,0.336777777778
sp_P56856-2_CLD18_HUMAN,195,A,B,0.104,0.606,0.105,0.289,0.366111111111
sp_P56856-2_CLD18_HUMAN,196,C,B,0.051,0.386,0.097,0.517,0.411
sp_P56856-2_CLD18_HUMAN,197,R,B,0.246,0.191,0.086,0.723,0.450555555556
sp_P56856-2_CLD18_HUMAN,198,G,E,0.535,0.116,0.016,0.868,0.493666666667
sp_P56856-2_CLD18_HUMAN,199,L,E,0.542,0.058,0.017,0.925,0.532888888889
sp_P56856-2_CLD18_HUMAN,200,A,E,0.576,0.016,0.005,0.979,0.570888888889
sp_P56856-2_CLD18_HUMAN,201,P,E,0.565,0.016,0.005,0.979,0.612777777778
sp_P56856-2_CLD18_HUMAN,202,E,E,0.524,0.018,0.019,0.964,0.626555555556
sp_P56856-2_CLD18_HUMAN,203,E,E,0.548,0.018,0.019,0.964,0.637666666667
sp_P56856-2_CLD18_HUMAN,204,T,E,0.634,0.018,0.019,0.964,0.641
sp_P56856-2_CLD18_HUMAN,205,N,E,0.486,0.018,0.047,0.935,0.637222222222
sp_P56856-2_CLD18_HUMAN,206,Y,E,0.509,0.018,0.047,0.935,0.635666666667
sp_P56856-2_CLD18_HUMAN,207,K,E,0.521,0.018,0.047,0.935,0.640888888889
sp_P56856-2_CLD18_HUMAN,208,A,E,0.403,0.018,0.047,0.935,0.655
sp_P56856-2_CLD18_HUMAN,209,V,E,0.329,0.018,0.088,0.893,0.651666666667
sp_P56856-2_CLD18_HUMAN,210,S,E,0.437,0.018,0.141,0.840,0.650888888889
sp_P56856-2_CLD18_HUMAN,211,Y,B,0.273,0.018,0.141,0.840,0.648
sp_P56856-2_CLD18_HUMAN,212,H,E,0.456,0.018,0.141,0.840,0.642444444444
sp_P56856-2_CLD18_HUMAN,213,A,E,0.441,0.018,0.088,0.893,0.655333333333
sp_P56856-2_CLD18_HUMAN,214,S,E,0.467,0.018,0.047,0.935,0.661777777778
sp_P56856-2_CLD18_HUMAN,215,G,E,0.584,0.018,0.047,0.935,0.662777777778
sp_P56856-2_CLD18_HUMAN,216,H,E,0.462,0.018,0.047,0.935,0.672111111111
sp_P56856-2_CLD18_HUMAN,217,S,E,0.587,0.018,0.047,0.935,0.66
sp_P56856-2_CLD18_HUMAN,218,V,E,0.526,0.018,0.141,0.840,0.653222222222
sp_P56856-2_CLD18_HUMAN,219,A,E,0.595,0.018,0.141,0.840,0.645555555556
sp_P56856-2_CLD18_HUMAN,220,Y,E,0.334,0.018,0.141,0.840,0.647555555556
sp_P56856-2_CLD18_HUMAN,221,K,E,0.555,0.018,0.047,0.935,0.655777777778
sp_P56856-2_CLD18_HUMAN,222,P,E,0.366,0.018,0.019,0.964,0.652
sp_P56856-2_CLD18_HUMAN,223,G,E,0.557,0.018,0.019,0.964,0.639
sp_P56856-2_CLD18_HUMAN,224,G,E,0.456,0.018,0.047,0.935,0.644
sp_P56856-2_CLD18_HUMAN,225,F,E,0.509,0.018,0.141,0.840,0.644666666667
sp_P56856-2_CLD18_HUMAN,226,K,E,0.515,0.018,0.141,0.840,0.651666666667
sp_P56856-2_CLD18_HUMAN,227,A,E,0.297,0.018,0.088,0.893,0.668222222222
sp_P56856-2_CLD18_HUMAN,228,S,E,0.517,0.018,0.088,0.893,0.675
sp_P56856-2_CLD18_HUMAN,229,T,E,0.448,0.018,0.088,0.893,0.673222222222
sp_P56856-2_CLD18_HUMAN,230,G,E,0.542,0.018,0.088,0.893,0.667
sp_P56856-2_CLD18_HUMAN,231,F,E,0.428,0.018,0.088,0.893,0.666
sp_P56856-2_CLD18_HUMAN,232,G,E,0.37,0.020,0.205,0.775,0.681888888889
sp_P56856-2_CLD18_HUMAN,233,S,E,0.485,0.020,0.205,0.775,0.673555555556
sp_P56856-2_CLD18_HUMAN,234,N,E,0.498,0.020,0.205,0.775,0.677333333333
sp_P56856-2_CLD18_HUMAN,235,T,E,0.46,0.020,0.205,0.775,0.682666666667
sp_P56856-2_CLD18_HUMAN,236,K,E,0.498,0.018,0.141,0.840,0.681555555556
sp_P56856-2_CLD18_HUMAN,237,N,E,0.502,0.018,0.088,0.893,0.682222222222
sp_P56856-2_CLD18_HUMAN,238,K,E,0.328,0.018,0.088,0.893,0.679777777778
sp_P56856-2_CLD18_HUMAN,239,K,E,0.568,0.018,0.088,0.893,0.682111111111
sp_P56856-2_CLD18_HUMAN,240,I,E,0.472,0.018,0.141,0.840,0.681444444444
sp_P56856-2_CLD18_HUMAN,241,Y,E,0.453,0.018,0.141,0.840,0.672666666667
sp_P56856-2_CLD18_HUMAN,242,D,E,0.505,0.018,0.141,0.840,0.678111111111
sp_P56856-2_CLD18_HUMAN,243,G,E,0.537,0.018,0.088,0.893,0.663333333333
sp_P56856-2_CLD18_HUMAN,244,G,E,0.609,0.018,0.088,0.893,0.648
sp_P56856-2_CLD18_HUMAN,245,A,E,0.453,0.018,0.088,0.893,0.643888888889
sp_P56856-2_CLD18_HUMAN,246,R,E,0.33,0.018,0.141,0.840,0.644777777778
sp_P56856-2_CLD18_HUMAN,247,T,E,0.6,0.018,0.088,0.893,0.643111111111
sp_P56856-2_CLD18_HUMAN,248,E,E,0.542,0.018,0.088,0.893,0.650333333333
sp_P56856-2_CLD18_HUMAN,249,D,E,0.51,0.018,0.047,0.935,0.649666666667
sp_P56856-2_CLD18_HUMAN,250,E,E,0.498,0.018,0.088,0.893,0.652222222222
sp_P56856-2_CLD18_HUMAN,251,V,E,0.385,0.020,0.205,0.775,0.642
sp_P56856-2_CLD18_HUMAN,252,Q,B,0.286,0.021,0.279,0.699,0.631777777778
sp_P56856-2_CLD18_HUMAN,253,S,E,0.398,0.021,0.279,0.699,0.635888888889
sp_P56856-2_CLD18_HUMAN,254,Y,E,0.387,0.004,0.138,0.858,0.629111111111
sp_P56856-2_CLD18_HUMAN,255,P,B,0.222,0.004,0.085,0.910,0.624555555556
sp_P56856-2_CLD18_HUMAN,256,S,E,0.318,0.004,0.085,0.910,0.618444444444
sp_P56856-2_CLD18_HUMAN,257,K,E,0.555,0.018,0.141,0.840,0.593111111111
sp_P56856-2_CLD18_HUMAN,258,H,E,0.341,0.018,0.047,0.935,0.520111111111
sp_P56856-2_CLD18_HUMAN,259,D,E,0.608,0.018,0.047,0.935,0.448444444444
sp_P56856-2_CLD18_HUMAN,260,Y,E,0.483,0.018,0.047,0.935,0.388777777778
sp_P56856-2_CLD18_HUMAN,261,V,E,0.648,0.003,0.003,0.994,0.330777777778
