Entry,Position,AminoAcid,Exposed/Buried,RelativeSurfaceAccessilibity,HelixProbability,SheetProbability,CoilProbability,EpitopeProbability
sp_P16410_CTLA4_HUMAN,1,M,E,0.643,0.018,0.019,0.964,0.264222222222
sp_P16410_CTLA4_HUMAN,2,A,B,0.288,0.064,0.216,0.721,0.321111111111
sp_P16410_CTLA4_HUMAN,3,C,B,0.277,0.066,0.296,0.638,0.393444444444
sp_P16410_CTLA4_HUMAN,4,L,B,0.294,0.064,0.216,0.721,0.462222222222
sp_P16410_CTLA4_HUMAN,5,G,E,0.441,0.191,0.086,0.723,0.534777777778
sp_P16410_CTLA4_HUMAN,6,F,B,0.308,0.184,0.043,0.773,0.569333333333
sp_P16410_CTLA4_HUMAN,7,Q,E,0.508,0.278,0.093,0.628,0.592444444444
sp_P16410_CTLA4_HUMAN,8,R,E,0.37,0.386,0.097,0.517,0.620666666667
sp_P16410_CTLA4_HUMAN,9,H,B,0.31,0.386,0.097,0.517,0.636555555556
sp_P16410_CTLA4_HUMAN,10,K,E,0.361,0.278,0.093,0.628,0.653777777778
sp_P16410_CTLA4_HUMAN,11,A,E,0.461,0.278,0.093,0.628,0.664888888889
sp_P16410_CTLA4_HUMAN,12,Q,E,0.454,0.191,0.086,0.723,0.653
sp_P16410_CTLA4_HUMAN,13,L,E,0.294,0.113,0.087,0.800,0.645444444444
sp_P16410_CTLA4_HUMAN,14,N,E,0.495,0.053,0.043,0.903,0.635111111111
sp_P16410_CTLA4_HUMAN,15,L,B,0.177,0.018,0.047,0.935,0.611666666667
sp_P16410_CTLA4_HUMAN,16,A,E,0.312,0.018,0.019,0.964,0.586444444444
sp_P16410_CTLA4_HUMAN,17,T,E,0.329,0.116,0.016,0.868,0.555555555556
sp_P16410_CTLA4_HUMAN,18,R,B,0.21,0.181,0.017,0.803,0.515
sp_P16410_CTLA4_HUMAN,19,T,B,0.148,0.339,0.016,0.645,0.471555555556
sp_P16410_CTLA4_HUMAN,20,W,B,0.103,0.802,0.014,0.185,0.440444444444
sp_P16410_CTLA4_HUMAN,21,P,B,0.172,0.859,0.002,0.139,0.411222222222
sp_P16410_CTLA4_HUMAN,22,C,B,0.056,0.970,0.001,0.029,0.382
sp_P16410_CTLA4_HUMAN,23,T,B,0.096,0.970,0.001,0.029,0.346333333333
sp_P16410_CTLA4_HUMAN,24,L,B,0.122,0.988,0.000,0.012,0.307555555556
sp_P16410_CTLA4_HUMAN,25,L,B,0.094,0.988,0.000,0.012,0.276222222222
sp_P16410_CTLA4_HUMAN,26,F,B,0.097,0.970,0.001,0.029,0.249555555556
sp_P16410_CTLA4_HUMAN,27,F,B,0.117,0.970,0.001,0.029,0.239888888889
sp_P16410_CTLA4_HUMAN,28,L,B,0.087,0.923,0.002,0.076,0.247888888889
sp_P16410_CTLA4_HUMAN,29,L,B,0.075,0.938,0.007,0.055,0.264
sp_P16410_CTLA4_HUMAN,30,F,B,0.053,0.878,0.010,0.111,0.287555555556
sp_P16410_CTLA4_HUMAN,31,I,B,0.07,0.717,0.014,0.269,0.302777777778
sp_P16410_CTLA4_HUMAN,32,P,B,0.108,0.522,0.016,0.462,0.335
sp_P16410_CTLA4_HUMAN,33,V,B,0.178,0.430,0.016,0.555,0.365555555556
sp_P16410_CTLA4_HUMAN,34,F,B,0.164,0.353,0.048,0.598,0.382
sp_P16410_CTLA4_HUMAN,35,C,B,0.142,0.118,0.150,0.732,0.417888888889
sp_P16410_CTLA4_HUMAN,36,K,E,0.344,0.066,0.296,0.638,0.431777777778
sp_P16410_CTLA4_HUMAN,37,A,E,0.377,0.024,0.655,0.322,0.435777777778
sp_P16410_CTLA4_HUMAN,38,M,B,0.069,0.018,0.846,0.136,0.444222222222
sp_P16410_CTLA4_HUMAN,39,H,E,0.339,0.011,0.918,0.071,0.439888888889
sp_P16410_CTLA4_HUMAN,40,V,B,0.104,0.018,0.846,0.136,0.437555555556
sp_P16410_CTLA4_HUMAN,41,A,E,0.379,0.004,0.514,0.481,0.425
sp_P16410_CTLA4_HUMAN,42,Q,E,0.39,0.004,0.263,0.733,0.407555555556
sp_P16410_CTLA4_HUMAN,43,P,E,0.373,0.004,0.138,0.858,0.415
sp_P16410_CTLA4_HUMAN,44,A,B,0.187,0.022,0.552,0.426,0.386333333333
sp_P16410_CTLA4_HUMAN,45,V,B,0.193,0.001,0.959,0.040,0.396666666667
sp_P16410_CTLA4_HUMAN,46,V,B,0.085,0.001,0.959,0.040,0.413888888889
sp_P16410_CTLA4_HUMAN,47,L,B,0.16,0.001,0.959,0.040,0.411222222222
sp_P16410_CTLA4_HUMAN,48,A,B,0.059,0.001,0.959,0.040,0.423888888889
sp_P16410_CTLA4_HUMAN,49,S,E,0.287,0.002,0.816,0.182,0.439333333333
sp_P16410_CTLA4_HUMAN,50,S,E,0.555,0.004,0.336,0.660,0.438333333333
sp_P16410_CTLA4_HUMAN,51,R,E,0.637,0.005,0.045,0.951,0.460555555556
sp_P16410_CTLA4_HUMAN,52,G,E,0.434,0.004,0.138,0.858,0.45
sp_P16410_CTLA4_HUMAN,53,I,E,0.53,0.004,0.616,0.381,0.463777777778
sp_P16410_CTLA4_HUMAN,54,A,B,0.049,0.001,0.900,0.099,0.444888888889
sp_P16410_CTLA4_HUMAN,55,S,E,0.415,0.001,0.959,0.040,0.424
sp_P16410_CTLA4_HUMAN,56,F,B,0.062,0.001,0.959,0.040,0.414444444444
sp_P16410_CTLA4_HUMAN,57,V,E,0.302,0.001,0.900,0.099,0.407666666667
sp_P16410_CTLA4_HUMAN,58,C,B,0.024,0.001,0.900,0.099,0.407666666667
sp_P16410_CTLA4_HUMAN,59,E,E,0.393,0.002,0.816,0.182,0.429555555556
sp_P16410_CTLA4_HUMAN,60,Y,B,0.206,0.002,0.816,0.182,0.446666666667
sp_P16410_CTLA4_HUMAN,61,A,E,0.459,0.002,0.816,0.182,0.482888888889
sp_P16410_CTLA4_HUMAN,62,S,B,0.218,0.004,0.336,0.660,0.499444444444
sp_P16410_CTLA4_HUMAN,63,P,E,0.592,0.004,0.085,0.910,0.521888888889
sp_P16410_CTLA4_HUMAN,64,G,E,0.492,0.005,0.045,0.951,0.528777777778
sp_P16410_CTLA4_HUMAN,65,K,E,0.487,0.004,0.138,0.858,0.508333333333
sp_P16410_CTLA4_HUMAN,66,A,B,0.277,0.004,0.263,0.733,0.491777777778
sp_P16410_CTLA4_HUMAN,67,T,E,0.485,0.004,0.514,0.481,0.457
sp_P16410_CTLA4_HUMAN,68,E,E,0.37,0.002,0.816,0.182,0.433444444444
sp_P16410_CTLA4_HUMAN,69,V,B,0.069,0.001,0.959,0.040,0.395555555556
sp_P16410_CTLA4_HUMAN,70,R,B,0.193,0.001,0.959,0.040,0.375
sp_P16410_CTLA4_HUMAN,71,V,B,0.027,0.001,0.959,0.040,0.365444444444
sp_P16410_CTLA4_HUMAN,72,T,B,0.147,0.001,0.959,0.040,0.375777777778
sp_P16410_CTLA4_HUMAN,73,V,B,0.045,0.001,0.959,0.040,0.387888888889
sp_P16410_CTLA4_HUMAN,74,L,B,0.171,0.001,0.959,0.040,0.424666666667
sp_P16410_CTLA4_HUMAN,75,R,B,0.254,0.001,0.900,0.099,0.452222222222
sp_P16410_CTLA4_HUMAN,76,Q,E,0.312,0.004,0.514,0.481,0.497111111111
sp_P16410_CTLA4_HUMAN,77,A,E,0.463,0.004,0.138,0.858,0.504444444444
sp_P16410_CTLA4_HUMAN,78,D,E,0.677,0.005,0.045,0.951,0.532333333333
sp_P16410_CTLA4_HUMAN,79,S,E,0.704,0.005,0.045,0.951,0.542111111111
sp_P16410_CTLA4_HUMAN,80,Q,E,0.611,0.004,0.085,0.910,0.535777777778
sp_P16410_CTLA4_HUMAN,81,V,E,0.313,0.004,0.263,0.733,0.512
sp_P16410_CTLA4_HUMAN,82,T,E,0.501,0.003,0.718,0.279,0.494111111111
sp_P16410_CTLA4_HUMAN,83,E,E,0.389,0.001,0.900,0.099,0.463222222222
sp_P16410_CTLA4_HUMAN,84,V,E,0.283,0.001,0.900,0.099,0.448222222222
sp_P16410_CTLA4_HUMAN,85,C,B,0.097,0.001,0.900,0.099,0.445222222222
sp_P16410_CTLA4_HUMAN,86,A,B,0.129,0.001,0.900,0.099,0.466444444444
sp_P16410_CTLA4_HUMAN,87,A,B,0.051,0.002,0.816,0.182,0.485111111111
sp_P16410_CTLA4_HUMAN,88,T,E,0.282,0.003,0.718,0.279,0.498666666667
sp_P16410_CTLA4_HUMAN,89,Y,B,0.274,0.004,0.420,0.576,0.520111111111
sp_P16410_CTLA4_HUMAN,90,M,E,0.452,0.020,0.205,0.775,0.547444444444
sp_P16410_CTLA4_HUMAN,91,M,E,0.488,0.018,0.088,0.893,0.569222222222
sp_P16410_CTLA4_HUMAN,92,G,E,0.624,0.018,0.047,0.935,0.605777777778
sp_P16410_CTLA4_HUMAN,93,N,E,0.524,0.018,0.047,0.935,0.620444444444
sp_P16410_CTLA4_HUMAN,94,E,E,0.468,0.018,0.141,0.840,0.610222222222
sp_P16410_CTLA4_HUMAN,95,L,E,0.376,0.004,0.197,0.799,0.597
sp_P16410_CTLA4_HUMAN,96,T,E,0.46,0.004,0.420,0.576,0.570888888889
sp_P16410_CTLA4_HUMAN,97,F,E,0.345,0.004,0.514,0.481,0.552222222222
sp_P16410_CTLA4_HUMAN,98,L,E,0.439,0.004,0.514,0.481,0.535666666667
sp_P16410_CTLA4_HUMAN,99,D,E,0.547,0.004,0.336,0.660,0.508222222222
sp_P16410_CTLA4_HUMAN,100,D,E,0.406,0.004,0.420,0.576,0.489555555556
sp_P16410_CTLA4_HUMAN,101,S,B,0.135,0.002,0.816,0.182,0.459666666667
sp_P16410_CTLA4_HUMAN,102,I,B,0.269,0.001,0.900,0.099,0.443888888889
sp_P16410_CTLA4_HUMAN,103,C,B,0.042,0.001,0.959,0.040,0.443
sp_P16410_CTLA4_HUMAN,104,T,E,0.319,0.001,0.900,0.099,0.444333333333
sp_P16410_CTLA4_HUMAN,105,G,B,0.117,0.002,0.816,0.182,0.454111111111
sp_P16410_CTLA4_HUMAN,106,T,E,0.407,0.004,0.616,0.381,0.463111111111
sp_P16410_CTLA4_HUMAN,107,S,B,0.303,0.004,0.263,0.733,0.467111111111
sp_P16410_CTLA4_HUMAN,108,S,E,0.666,0.004,0.085,0.910,0.463777777778
sp_P16410_CTLA4_HUMAN,109,G,E,0.72,0.005,0.015,0.979,0.467777777778
sp_P16410_CTLA4_HUMAN,110,N,E,0.495,0.005,0.045,0.951,0.442666666667
sp_P16410_CTLA4_HUMAN,111,Q,E,0.461,0.004,0.336,0.660,0.445
sp_P16410_CTLA4_HUMAN,112,V,B,0.042,0.003,0.718,0.279,0.424111111111
sp_P16410_CTLA4_HUMAN,113,N,B,0.207,0.001,0.900,0.099,0.422222222222
sp_P16410_CTLA4_HUMAN,114,L,B,0.027,0.001,0.959,0.040,0.415555555556
sp_P16410_CTLA4_HUMAN,115,T,B,0.164,0.001,0.959,0.040,0.407888888889
sp_P16410_CTLA4_HUMAN,116,I,B,0.027,0.001,0.900,0.099,0.431666666667
sp_P16410_CTLA4_HUMAN,117,Q,E,0.285,0.004,0.616,0.381,0.462666666667
sp_P16410_CTLA4_HUMAN,118,G,E,0.388,0.004,0.263,0.733,0.472222222222
sp_P16410_CTLA4_HUMAN,119,L,B,0.129,0.004,0.197,0.799,0.513333333333
sp_P16410_CTLA4_HUMAN,120,R,E,0.455,0.004,0.263,0.733,0.515444444444
sp_P16410_CTLA4_HUMAN,121,A,E,0.385,0.020,0.205,0.775,0.533555555556
sp_P16410_CTLA4_HUMAN,122,M,E,0.529,0.004,0.138,0.858,0.526333333333
sp_P16410_CTLA4_HUMAN,123,D,E,0.318,0.004,0.138,0.858,0.513888888889
sp_P16410_CTLA4_HUMAN,124,T,E,0.34,0.004,0.197,0.799,0.509444444444
sp_P16410_CTLA4_HUMAN,125,G,B,0.18,0.004,0.514,0.481,0.465444444444
sp_P16410_CTLA4_HUMAN,126,L,B,0.16,0.001,0.900,0.099,0.443666666667
sp_P16410_CTLA4_HUMAN,127,Y,B,0.028,0.001,0.959,0.040,0.418333333333
sp_P16410_CTLA4_HUMAN,128,I,B,0.118,0.001,0.959,0.040,0.416333333333
sp_P16410_CTLA4_HUMAN,129,C,B,0.014,0.001,0.959,0.040,0.416666666667
sp_P16410_CTLA4_HUMAN,130,K,B,0.16,0.001,0.959,0.040,0.429666666667
sp_P16410_CTLA4_HUMAN,131,V,B,0.049,0.001,0.959,0.040,0.446777777778
sp_P16410_CTLA4_HUMAN,132,E,E,0.297,0.001,0.900,0.099,0.456888888889
sp_P16410_CTLA4_HUMAN,133,L,B,0.237,0.003,0.718,0.279,0.468444444444
sp_P16410_CTLA4_HUMAN,134,M,E,0.352,0.018,0.141,0.840,0.496222222222
sp_P16410_CTLA4_HUMAN,135,Y,E,0.422,0.005,0.045,0.951,0.520333333333
sp_P16410_CTLA4_HUMAN,136,P,B,0.257,0.005,0.015,0.979,0.549222222222
sp_P16410_CTLA4_HUMAN,137,P,E,0.409,0.005,0.015,0.979,0.551111111111
sp_P16410_CTLA4_HUMAN,138,P,E,0.369,0.018,0.047,0.935,0.552666666667
sp_P16410_CTLA4_HUMAN,139,Y,B,0.259,0.004,0.263,0.733,0.550111111111
sp_P16410_CTLA4_HUMAN,140,Y,E,0.31,0.004,0.514,0.481,0.541333333333
sp_P16410_CTLA4_HUMAN,141,L,E,0.355,0.003,0.718,0.279,0.546555555556
sp_P16410_CTLA4_HUMAN,142,G,B,0.159,0.003,0.718,0.279,0.545888888889
sp_P16410_CTLA4_HUMAN,143,I,E,0.367,0.004,0.420,0.576,0.525777777778
sp_P16410_CTLA4_HUMAN,144,G,B,0.189,0.005,0.045,0.951,0.506222222222
sp_P16410_CTLA4_HUMAN,145,N,E,0.587,0.005,0.045,0.951,0.484777777778
sp_P16410_CTLA4_HUMAN,146,G,B,0.197,0.004,0.336,0.660,0.483555555556
sp_P16410_CTLA4_HUMAN,147,T,B,0.178,0.002,0.816,0.182,0.456333333333
sp_P16410_CTLA4_HUMAN,148,Q,B,0.208,0.001,0.959,0.040,0.448111111111
sp_P16410_CTLA4_HUMAN,149,I,B,0.055,0.001,0.959,0.040,0.455222222222
sp_P16410_CTLA4_HUMAN,150,Y,B,0.152,0.001,0.959,0.040,0.459333333333
sp_P16410_CTLA4_HUMAN,151,V,B,0.051,0.001,0.959,0.040,0.470555555556
sp_P16410_CTLA4_HUMAN,152,I,B,0.249,0.002,0.816,0.182,0.494555555556
sp_P16410_CTLA4_HUMAN,153,D,E,0.562,0.004,0.420,0.576,0.502777777778
sp_P16410_CTLA4_HUMAN,154,P,E,0.533,0.018,0.088,0.893,0.528777777778
sp_P16410_CTLA4_HUMAN,155,E,E,0.589,0.018,0.019,0.964,0.531666666667
sp_P16410_CTLA4_HUMAN,156,P,E,0.406,0.018,0.019,0.964,0.556666666667
sp_P16410_CTLA4_HUMAN,157,C,B,0.187,0.003,0.003,0.994,0.563111111111
sp_P16410_CTLA4_HUMAN,158,P,E,0.478,0.003,0.003,0.994,0.553555555556
sp_P16410_CTLA4_HUMAN,159,D,E,0.699,0.016,0.005,0.979,0.546444444444
sp_P16410_CTLA4_HUMAN,160,S,B,0.285,0.053,0.004,0.942,0.524888888889
sp_P16410_CTLA4_HUMAN,161,D,E,0.576,0.116,0.016,0.868,0.510222222222
sp_P16410_CTLA4_HUMAN,162,F,B,0.25,0.386,0.097,0.517,0.484444444444
sp_P16410_CTLA4_HUMAN,163,L,B,0.168,0.428,0.171,0.402,0.447555555556
sp_P16410_CTLA4_HUMAN,164,L,B,0.16,0.701,0.107,0.192,0.420888888889
sp_P16410_CTLA4_HUMAN,165,W,B,0.177,0.831,0.044,0.125,0.406666666667
sp_P16410_CTLA4_HUMAN,166,I,B,0.2,0.878,0.010,0.111,0.378222222222
sp_P16410_CTLA4_HUMAN,167,L,B,0.275,0.938,0.007,0.055,0.363888888889
sp_P16410_CTLA4_HUMAN,168,A,B,0.215,0.938,0.007,0.055,0.348111111111
sp_P16410_CTLA4_HUMAN,169,A,B,0.246,0.975,0.003,0.022,0.341888888889
sp_P16410_CTLA4_HUMAN,170,V,E,0.329,0.970,0.001,0.029,0.334666666667
sp_P16410_CTLA4_HUMAN,171,S,B,0.311,0.970,0.001,0.029,0.350555555556
sp_P16410_CTLA4_HUMAN,172,S,B,0.215,0.970,0.001,0.029,0.356
sp_P16410_CTLA4_HUMAN,173,G,B,0.206,0.970,0.001,0.029,0.351444444444
sp_P16410_CTLA4_HUMAN,174,L,B,0.244,0.970,0.001,0.029,0.341222222222
sp_P16410_CTLA4_HUMAN,175,F,B,0.204,0.975,0.003,0.022,0.341777777778
sp_P16410_CTLA4_HUMAN,176,F,B,0.172,0.975,0.003,0.022,0.333888888889
sp_P16410_CTLA4_HUMAN,177,Y,B,0.233,0.970,0.001,0.029,0.328
sp_P16410_CTLA4_HUMAN,178,S,B,0.196,0.970,0.001,0.029,0.311666666667
sp_P16410_CTLA4_HUMAN,179,F,B,0.149,0.988,0.000,0.012,0.290777777778
sp_P16410_CTLA4_HUMAN,180,L,B,0.174,0.970,0.001,0.029,0.268555555556
sp_P16410_CTLA4_HUMAN,181,L,B,0.131,0.970,0.001,0.029,0.262333333333
sp_P16410_CTLA4_HUMAN,182,T,B,0.086,0.975,0.003,0.022,0.260111111111
sp_P16410_CTLA4_HUMAN,183,A,B,0.061,0.938,0.007,0.055,0.267
sp_P16410_CTLA4_HUMAN,184,V,B,0.068,0.911,0.033,0.057,0.279555555556
sp_P16410_CTLA4_HUMAN,185,S,B,0.051,0.870,0.077,0.053,0.290555555556
sp_P16410_CTLA4_HUMAN,186,L,B,0.03,0.807,0.137,0.056,0.316222222222
sp_P16410_CTLA4_HUMAN,187,S,B,0.134,0.867,0.107,0.026,0.359666666667
sp_P16410_CTLA4_HUMAN,188,K,B,0.126,0.807,0.137,0.056,0.415111111111
sp_P16410_CTLA4_HUMAN,189,M,B,0.148,0.725,0.163,0.112,0.471777777778
sp_P16410_CTLA4_HUMAN,190,L,E,0.353,0.701,0.107,0.192,0.527
sp_P16410_CTLA4_HUMAN,191,K,E,0.509,0.353,0.048,0.598,0.58
sp_P16410_CTLA4_HUMAN,192,K,E,0.51,0.113,0.043,0.844,0.610444444444
sp_P16410_CTLA4_HUMAN,193,R,E,0.491,0.053,0.043,0.903,0.617
sp_P16410_CTLA4_HUMAN,194,S,E,0.544,0.018,0.088,0.893,0.628
sp_P16410_CTLA4_HUMAN,195,P,E,0.523,0.018,0.141,0.840,0.631
sp_P16410_CTLA4_HUMAN,196,L,E,0.41,0.018,0.088,0.893,0.618666666667
sp_P16410_CTLA4_HUMAN,197,T,B,0.203,0.052,0.084,0.864,0.605666666667
sp_P16410_CTLA4_HUMAN,198,T,E,0.573,0.113,0.087,0.800,0.596444444444
sp_P16410_CTLA4_HUMAN,199,G,E,0.449,0.191,0.086,0.723,0.588888888889
sp_P16410_CTLA4_HUMAN,200,V,E,0.563,0.199,0.152,0.649,0.569222222222
sp_P16410_CTLA4_HUMAN,201,Y,E,0.309,0.125,0.227,0.648,0.568777777778
sp_P16410_CTLA4_HUMAN,202,V,E,0.348,0.125,0.227,0.648,0.575444444444
sp_P16410_CTLA4_HUMAN,203,K,E,0.57,0.118,0.150,0.732,0.581333333333
sp_P16410_CTLA4_HUMAN,204,M,B,0.23,0.052,0.084,0.864,0.579111111111
sp_P16410_CTLA4_HUMAN,205,P,E,0.359,0.018,0.019,0.964,0.581777777778
sp_P16410_CTLA4_HUMAN,206,P,E,0.361,0.018,0.019,0.964,0.587555555556
sp_P16410_CTLA4_HUMAN,207,T,E,0.623,0.005,0.015,0.979,0.577666666667
sp_P16410_CTLA4_HUMAN,208,E,E,0.616,0.005,0.015,0.979,0.570555555556
sp_P16410_CTLA4_HUMAN,209,P,E,0.532,0.018,0.019,0.964,0.581777777778
sp_P16410_CTLA4_HUMAN,210,E,E,0.605,0.018,0.019,0.964,0.578
sp_P16410_CTLA4_HUMAN,211,C,E,0.341,0.018,0.019,0.964,0.577222222222
sp_P16410_CTLA4_HUMAN,212,E,E,0.644,0.018,0.019,0.964,0.583666666667
sp_P16410_CTLA4_HUMAN,213,K,E,0.607,0.058,0.017,0.925,0.587666666667
sp_P16410_CTLA4_HUMAN,214,Q,E,0.568,0.018,0.019,0.964,0.600111111111
sp_P16410_CTLA4_HUMAN,215,F,B,0.251,0.018,0.019,0.964,0.597222222222
sp_P16410_CTLA4_HUMAN,216,Q,E,0.459,0.005,0.015,0.979,0.594777777778
sp_P16410_CTLA4_HUMAN,217,P,B,0.328,0.005,0.015,0.979,0.581444444444
sp_P16410_CTLA4_HUMAN,218,Y,E,0.42,0.005,0.015,0.979,0.566444444444
sp_P16410_CTLA4_HUMAN,219,F,E,0.415,0.005,0.015,0.979,0.550444444444
sp_P16410_CTLA4_HUMAN,220,I,B,0.249,0.005,0.045,0.951,0.491111111111
sp_P16410_CTLA4_HUMAN,221,P,E,0.463,0.005,0.045,0.951,0.422
sp_P16410_CTLA4_HUMAN,222,I,E,0.475,0.005,0.045,0.951,0.358444444444
sp_P16410_CTLA4_HUMAN,223,N,E,0.895,0.003,0.003,0.994,0.286111111111
