Entry,Position,AminoAcid,Exposed/Buried,RelativeSurfaceAccessilibity,HelixProbability,SheetProbability,CoilProbability,EpitopeProbability
sp_P29317_EPHA2_HUMAN,1,M,E,0.767,0.003,0.003,0.994,0.245111111111
sp_P29317_EPHA2_HUMAN,2,E,E,0.788,0.018,0.088,0.893,0.291111111111
sp_P29317_EPHA2_HUMAN,3,L,E,0.357,0.052,0.084,0.864,0.341555555556
sp_P29317_EPHA2_HUMAN,4,Q,E,0.58,0.053,0.043,0.903,0.385
sp_P29317_EPHA2_HUMAN,5,A,B,0.254,0.181,0.017,0.803,0.411333333333
sp_P29317_EPHA2_HUMAN,6,A,E,0.38,0.268,0.043,0.689,0.383888888889
sp_P29317_EPHA2_HUMAN,7,R,B,0.231,0.538,0.173,0.289,0.365
sp_P29317_EPHA2_HUMAN,8,A,B,0.057,0.478,0.309,0.214,0.336888888889
sp_P29317_EPHA2_HUMAN,9,C,B,0.041,0.578,0.229,0.194,0.309666666667
sp_P29317_EPHA2_HUMAN,10,F,B,0.049,0.779,0.101,0.120,0.29
sp_P29317_EPHA2_HUMAN,11,A,B,0.042,0.911,0.033,0.057,0.264222222222
sp_P29317_EPHA2_HUMAN,12,L,B,0.079,0.938,0.007,0.055,0.233222222222
sp_P29317_EPHA2_HUMAN,13,L,B,0.09,0.975,0.003,0.022,0.207111111111
sp_P29317_EPHA2_HUMAN,14,W,B,0.095,0.970,0.001,0.029,0.201555555556
sp_P29317_EPHA2_HUMAN,15,G,B,0.097,0.970,0.001,0.029,0.187777777778
sp_P29317_EPHA2_HUMAN,16,C,B,0.074,0.970,0.001,0.029,0.180333333333
sp_P29317_EPHA2_HUMAN,17,A,B,0.07,0.970,0.001,0.029,0.174555555556
sp_P29317_EPHA2_HUMAN,18,L,B,0.09,0.970,0.001,0.029,0.194666666667
sp_P29317_EPHA2_HUMAN,19,A,B,0.099,0.923,0.002,0.076,0.215111111111
sp_P29317_EPHA2_HUMAN,20,A,B,0.075,0.859,0.002,0.139,0.241777777778
sp_P29317_EPHA2_HUMAN,21,A,B,0.071,0.782,0.003,0.215,0.285666666667
sp_P29317_EPHA2_HUMAN,22,A,B,0.219,0.717,0.014,0.269,0.323333333333
sp_P29317_EPHA2_HUMAN,23,A,B,0.198,0.522,0.016,0.462,0.362
sp_P29317_EPHA2_HUMAN,24,A,B,0.127,0.257,0.016,0.727,0.400666666667
sp_P29317_EPHA2_HUMAN,25,Q,E,0.376,0.113,0.043,0.844,0.418444444444
sp_P29317_EPHA2_HUMAN,26,G,B,0.265,0.053,0.043,0.903,0.454111111111
sp_P29317_EPHA2_HUMAN,27,K,E,0.452,0.056,0.142,0.802,0.442666666667
sp_P29317_EPHA2_HUMAN,28,E,E,0.389,0.074,0.484,0.442,0.437111111111
sp_P29317_EPHA2_HUMAN,29,V,B,0.093,0.079,0.592,0.329,0.438444444444
sp_P29317_EPHA2_HUMAN,30,V,B,0.216,0.087,0.683,0.230,0.430333333333
sp_P29317_EPHA2_HUMAN,31,L,B,0.063,0.087,0.683,0.230,0.448
sp_P29317_EPHA2_HUMAN,32,L,B,0.088,0.079,0.592,0.329,0.453
sp_P29317_EPHA2_HUMAN,33,D,B,0.165,0.069,0.386,0.545,0.462333333333
sp_P29317_EPHA2_HUMAN,34,F,B,0.135,0.125,0.227,0.648,0.489333333333
sp_P29317_EPHA2_HUMAN,35,A,E,0.448,0.118,0.150,0.732,0.502888888889
sp_P29317_EPHA2_HUMAN,36,A,E,0.431,0.118,0.150,0.732,0.527
sp_P29317_EPHA2_HUMAN,37,A,E,0.369,0.191,0.086,0.723,0.531888888889
sp_P29317_EPHA2_HUMAN,38,G,E,0.463,0.191,0.086,0.723,0.544
sp_P29317_EPHA2_HUMAN,39,G,E,0.333,0.118,0.150,0.732,0.523
sp_P29317_EPHA2_HUMAN,40,E,E,0.488,0.064,0.216,0.721,0.500888888889
sp_P29317_EPHA2_HUMAN,41,L,B,0.112,0.066,0.296,0.638,0.495444444444
sp_P29317_EPHA2_HUMAN,42,G,E,0.299,0.021,0.452,0.528,0.495888888889
sp_P29317_EPHA2_HUMAN,43,W,B,0.087,0.022,0.552,0.426,0.499555555556
sp_P29317_EPHA2_HUMAN,44,L,B,0.21,0.024,0.655,0.322,0.509777777778
sp_P29317_EPHA2_HUMAN,45,T,E,0.29,0.022,0.552,0.426,0.517222222222
sp_P29317_EPHA2_HUMAN,46,H,B,0.253,0.004,0.263,0.733,0.532
sp_P29317_EPHA2_HUMAN,47,P,E,0.362,0.004,0.085,0.910,0.527222222222
sp_P29317_EPHA2_HUMAN,48,Y,E,0.511,0.018,0.047,0.935,0.544444444444
sp_P29317_EPHA2_HUMAN,49,G,E,0.708,0.018,0.019,0.964,0.551222222222
sp_P29317_EPHA2_HUMAN,50,K,E,0.651,0.016,0.005,0.979,0.547777777778
sp_P29317_EPHA2_HUMAN,51,G,E,0.452,0.018,0.019,0.964,0.532777777778
sp_P29317_EPHA2_HUMAN,52,W,B,0.125,0.064,0.216,0.721,0.526111111111
sp_P29317_EPHA2_HUMAN,53,D,E,0.382,0.022,0.552,0.426,0.506666666667
sp_P29317_EPHA2_HUMAN,54,L,E,0.343,0.024,0.655,0.322,0.501555555556
sp_P29317_EPHA2_HUMAN,55,M,B,0.112,0.022,0.552,0.426,0.497444444444
sp_P29317_EPHA2_HUMAN,56,Q,B,0.275,0.022,0.552,0.426,0.513
sp_P29317_EPHA2_HUMAN,57,N,B,0.318,0.024,0.655,0.322,0.511888888889
sp_P29317_EPHA2_HUMAN,58,I,B,0.26,0.024,0.655,0.322,0.502888888889
sp_P29317_EPHA2_HUMAN,59,M,E,0.349,0.022,0.552,0.426,0.501444444444
sp_P29317_EPHA2_HUMAN,60,N,E,0.565,0.020,0.205,0.775,0.500111111111
sp_P29317_EPHA2_HUMAN,61,D,E,0.76,0.018,0.047,0.935,0.485888888889
sp_P29317_EPHA2_HUMAN,62,M,E,0.38,0.018,0.047,0.935,0.473222222222
sp_P29317_EPHA2_HUMAN,63,P,E,0.343,0.004,0.085,0.910,0.454555555556
sp_P29317_EPHA2_HUMAN,64,I,B,0.171,0.004,0.514,0.481,0.442888888889
sp_P29317_EPHA2_HUMAN,65,Y,B,0.174,0.003,0.718,0.279,0.411666666667
sp_P29317_EPHA2_HUMAN,66,M,B,0.076,0.001,0.900,0.099,0.412444444444
sp_P29317_EPHA2_HUMAN,67,Y,B,0.082,0.001,0.900,0.099,0.416777777778
sp_P29317_EPHA2_HUMAN,68,S,B,0.086,0.001,0.900,0.099,0.434666666667
sp_P29317_EPHA2_HUMAN,69,V,B,0.115,0.001,0.900,0.099,0.468888888889
sp_P29317_EPHA2_HUMAN,70,C,B,0.034,0.003,0.718,0.279,0.490777777778
sp_P29317_EPHA2_HUMAN,71,N,E,0.371,0.004,0.420,0.576,0.514111111111
sp_P29317_EPHA2_HUMAN,72,V,B,0.186,0.004,0.197,0.799,0.539
sp_P29317_EPHA2_HUMAN,73,M,E,0.526,0.004,0.138,0.858,0.551666666667
sp_P29317_EPHA2_HUMAN,74,S,E,0.537,0.005,0.045,0.951,0.575555555556
sp_P29317_EPHA2_HUMAN,75,G,E,0.604,0.005,0.015,0.979,0.576666666667
sp_P29317_EPHA2_HUMAN,76,D,E,0.558,0.005,0.015,0.979,0.572666666667
sp_P29317_EPHA2_HUMAN,77,Q,E,0.392,0.018,0.019,0.964,0.539111111111
sp_P29317_EPHA2_HUMAN,78,D,E,0.352,0.018,0.047,0.935,0.506666666667
sp_P29317_EPHA2_HUMAN,79,N,B,0.103,0.018,0.088,0.893,0.485222222222
sp_P29317_EPHA2_HUMAN,80,W,B,0.065,0.021,0.452,0.528,0.464444444444
sp_P29317_EPHA2_HUMAN,81,L,B,0.06,0.024,0.655,0.322,0.446666666667
sp_P29317_EPHA2_HUMAN,82,R,B,0.192,0.024,0.655,0.322,0.435555555556
sp_P29317_EPHA2_HUMAN,83,T,B,0.086,0.021,0.279,0.699,0.435111111111
sp_P29317_EPHA2_HUMAN,84,N,E,0.425,0.020,0.205,0.775,0.445555555556
sp_P29317_EPHA2_HUMAN,85,W,B,0.21,0.021,0.452,0.528,0.456666666667
sp_P29317_EPHA2_HUMAN,86,V,B,0.07,0.024,0.655,0.322,0.477777777778
sp_P29317_EPHA2_HUMAN,87,Y,E,0.485,0.021,0.452,0.528,0.479777777778
sp_P29317_EPHA2_HUMAN,88,R,E,0.369,0.018,0.141,0.840,0.487444444444
sp_P29317_EPHA2_HUMAN,89,G,E,0.534,0.018,0.047,0.935,0.496888888889
sp_P29317_EPHA2_HUMAN,90,E,E,0.577,0.018,0.047,0.935,0.493888888889
sp_P29317_EPHA2_HUMAN,91,A,B,0.085,0.004,0.197,0.799,0.499
sp_P29317_EPHA2_HUMAN,92,E,E,0.332,0.004,0.514,0.481,0.473888888889
sp_P29317_EPHA2_HUMAN,93,R,B,0.222,0.001,0.900,0.099,0.457111111111
sp_P29317_EPHA2_HUMAN,94,I,B,0.039,0.001,0.959,0.040,0.430111111111
sp_P29317_EPHA2_HUMAN,95,F,B,0.151,0.001,0.959,0.040,0.415555555556
sp_P29317_EPHA2_HUMAN,96,I,B,0.039,0.001,0.959,0.040,0.397111111111
sp_P29317_EPHA2_HUMAN,97,E,B,0.164,0.001,0.959,0.040,0.391
sp_P29317_EPHA2_HUMAN,98,L,B,0.037,0.001,0.959,0.040,0.375777777778
sp_P29317_EPHA2_HUMAN,99,K,E,0.322,0.001,0.959,0.040,0.404222222222
sp_P29317_EPHA2_HUMAN,100,F,B,0.044,0.001,0.900,0.099,0.408777777778
sp_P29317_EPHA2_HUMAN,101,T,B,0.175,0.001,0.900,0.099,0.420333333333
sp_P29317_EPHA2_HUMAN,102,V,B,0.066,0.018,0.846,0.136,0.445
sp_P29317_EPHA2_HUMAN,103,R,E,0.294,0.022,0.552,0.426,0.493555555556
sp_P29317_EPHA2_HUMAN,104,D,E,0.341,0.066,0.296,0.638,0.525222222222
sp_P29317_EPHA2_HUMAN,105,C,B,0.042,0.052,0.084,0.864,0.584555555556
sp_P29317_EPHA2_HUMAN,106,N,E,0.508,0.052,0.084,0.864,0.609444444444
sp_P29317_EPHA2_HUMAN,107,S,E,0.394,0.053,0.043,0.903,0.638333333333
sp_P29317_EPHA2_HUMAN,108,F,B,0.208,0.058,0.017,0.925,0.631333333333
sp_P29317_EPHA2_HUMAN,109,P,E,0.528,0.058,0.017,0.925,0.635444444444
sp_P29317_EPHA2_HUMAN,110,G,E,0.52,0.018,0.019,0.964,0.646
sp_P29317_EPHA2_HUMAN,111,G,E,0.49,0.018,0.019,0.964,0.607666666667
sp_P29317_EPHA2_HUMAN,112,A,E,0.443,0.018,0.047,0.935,0.599444444444
sp_P29317_EPHA2_HUMAN,113,S,E,0.398,0.018,0.047,0.935,0.587888888889
sp_P29317_EPHA2_HUMAN,114,S,E,0.282,0.052,0.084,0.864,0.537
sp_P29317_EPHA2_HUMAN,115,C,B,0.049,0.118,0.150,0.732,0.497444444444
sp_P29317_EPHA2_HUMAN,116,K,E,0.341,0.199,0.152,0.649,0.483
sp_P29317_EPHA2_HUMAN,117,E,E,0.318,0.216,0.235,0.548,0.452777777778
sp_P29317_EPHA2_HUMAN,118,T,E,0.292,0.231,0.330,0.439,0.435555555556
sp_P29317_EPHA2_HUMAN,119,F,B,0.056,0.231,0.330,0.439,0.403444444444
sp_P29317_EPHA2_HUMAN,120,N,B,0.215,0.231,0.330,0.439,0.413333333333
sp_P29317_EPHA2_HUMAN,121,L,B,0.056,0.159,0.516,0.325,0.388333333333
sp_P29317_EPHA2_HUMAN,122,Y,B,0.105,0.169,0.612,0.219,0.376777777778
sp_P29317_EPHA2_HUMAN,123,Y,B,0.085,0.169,0.612,0.219,0.401777777778
sp_P29317_EPHA2_HUMAN,124,A,B,0.165,0.159,0.516,0.325,0.441666666667
sp_P29317_EPHA2_HUMAN,125,E,B,0.169,0.148,0.418,0.435,0.460555555556
sp_P29317_EPHA2_HUMAN,126,S,B,0.138,0.125,0.227,0.648,0.495333333333
sp_P29317_EPHA2_HUMAN,127,D,E,0.374,0.113,0.087,0.800,0.514333333333
sp_P29317_EPHA2_HUMAN,128,L,E,0.384,0.113,0.043,0.844,0.558111111111
sp_P29317_EPHA2_HUMAN,129,D,E,0.544,0.113,0.043,0.844,0.585222222222
sp_P29317_EPHA2_HUMAN,130,Y,E,0.535,0.113,0.043,0.844,0.596777777778
sp_P29317_EPHA2_HUMAN,131,G,B,0.287,0.113,0.043,0.844,0.610777777778
sp_P29317_EPHA2_HUMAN,132,T,E,0.442,0.053,0.043,0.903,0.621
sp_P29317_EPHA2_HUMAN,133,N,E,0.553,0.053,0.043,0.903,0.620111111111
sp_P29317_EPHA2_HUMAN,134,F,B,0.176,0.053,0.043,0.903,0.612333333333
sp_P29317_EPHA2_HUMAN,135,Q,E,0.474,0.053,0.043,0.903,0.602666666667
sp_P29317_EPHA2_HUMAN,136,K,E,0.55,0.053,0.043,0.903,0.599555555556
sp_P29317_EPHA2_HUMAN,137,R,E,0.513,0.053,0.043,0.903,0.587222222222
sp_P29317_EPHA2_HUMAN,138,L,E,0.398,0.113,0.043,0.844,0.558111111111
sp_P29317_EPHA2_HUMAN,139,F,B,0.175,0.125,0.227,0.648,0.551111111111
sp_P29317_EPHA2_HUMAN,140,T,B,0.289,0.069,0.386,0.545,0.536333333333
sp_P29317_EPHA2_HUMAN,141,K,E,0.344,0.074,0.484,0.442,0.5
sp_P29317_EPHA2_HUMAN,142,I,B,0.079,0.079,0.592,0.329,0.470888888889
sp_P29317_EPHA2_HUMAN,143,D,B,0.238,0.079,0.592,0.329,0.459555555556
sp_P29317_EPHA2_HUMAN,144,T,E,0.273,0.079,0.592,0.329,0.468333333333
sp_P29317_EPHA2_HUMAN,145,I,B,0.06,0.074,0.484,0.442,0.476222222222
sp_P29317_EPHA2_HUMAN,146,A,B,0.178,0.064,0.216,0.721,0.477444444444
sp_P29317_EPHA2_HUMAN,147,P,B,0.205,0.052,0.084,0.864,0.504666666667
sp_P29317_EPHA2_HUMAN,148,D,E,0.414,0.052,0.084,0.864,0.518666666667
sp_P29317_EPHA2_HUMAN,149,E,E,0.346,0.056,0.142,0.802,0.545444444444
sp_P29317_EPHA2_HUMAN,150,I,B,0.233,0.021,0.279,0.699,0.572444444444
sp_P29317_EPHA2_HUMAN,151,T,B,0.153,0.021,0.452,0.528,0.586888888889
sp_P29317_EPHA2_HUMAN,152,V,E,0.408,0.022,0.359,0.619,0.610222222222
sp_P29317_EPHA2_HUMAN,153,S,E,0.383,0.020,0.205,0.775,0.630333333333
sp_P29317_EPHA2_HUMAN,154,S,E,0.374,0.018,0.088,0.893,0.602555555556
sp_P29317_EPHA2_HUMAN,155,D,E,0.565,0.018,0.047,0.935,0.621666666667
sp_P29317_EPHA2_HUMAN,156,F,E,0.32,0.018,0.047,0.935,0.607333333333
sp_P29317_EPHA2_HUMAN,157,E,E,0.651,0.018,0.047,0.935,0.594888888889
sp_P29317_EPHA2_HUMAN,158,A,E,0.509,0.018,0.047,0.935,0.568888888889
sp_P29317_EPHA2_HUMAN,159,R,E,0.397,0.022,0.359,0.619,0.56
sp_P29317_EPHA2_HUMAN,160,H,E,0.447,0.021,0.756,0.223,0.558555555556
sp_P29317_EPHA2_HUMAN,161,V,B,0.241,0.018,0.846,0.136,0.539
sp_P29317_EPHA2_HUMAN,162,K,E,0.488,0.018,0.846,0.136,0.513555555556
sp_P29317_EPHA2_HUMAN,163,L,B,0.227,0.003,0.718,0.279,0.535888888889
sp_P29317_EPHA2_HUMAN,164,N,E,0.404,0.004,0.420,0.576,0.519111111111
sp_P29317_EPHA2_HUMAN,165,V,B,0.262,0.004,0.616,0.381,0.527555555556
sp_P29317_EPHA2_HUMAN,166,E,E,0.37,0.001,0.900,0.099,0.521333333333
sp_P29317_EPHA2_HUMAN,167,E,E,0.293,0.001,0.900,0.099,0.524222222222
sp_P29317_EPHA2_HUMAN,168,R,B,0.254,0.018,0.846,0.136,0.513333333333
sp_P29317_EPHA2_HUMAN,169,S,E,0.476,0.021,0.756,0.223,0.522
sp_P29317_EPHA2_HUMAN,170,V,B,0.162,0.004,0.514,0.481,0.530666666667
sp_P29317_EPHA2_HUMAN,171,G,B,0.243,0.022,0.359,0.619,0.534111111111
sp_P29317_EPHA2_HUMAN,172,P,E,0.415,0.022,0.359,0.619,0.526111111111
sp_P29317_EPHA2_HUMAN,173,L,B,0.175,0.021,0.279,0.699,0.514777777778
sp_P29317_EPHA2_HUMAN,174,T,E,0.363,0.018,0.141,0.840,0.487666666667
sp_P29317_EPHA2_HUMAN,175,R,E,0.513,0.018,0.088,0.893,0.476444444444
sp_P29317_EPHA2_HUMAN,176,K,E,0.476,0.052,0.084,0.864,0.450444444444
sp_P29317_EPHA2_HUMAN,177,G,B,0.119,0.064,0.216,0.721,0.434444444444
sp_P29317_EPHA2_HUMAN,178,F,B,0.05,0.024,0.655,0.322,0.402666666667
sp_P29317_EPHA2_HUMAN,179,Y,B,0.089,0.018,0.846,0.136,0.381333333333
sp_P29317_EPHA2_HUMAN,180,L,B,0.033,0.072,0.855,0.073,0.362111111111
sp_P29317_EPHA2_HUMAN,181,A,B,0.022,0.072,0.855,0.073,0.361666666667
sp_P29317_EPHA2_HUMAN,182,F,B,0.032,0.085,0.775,0.140,0.345555555556
sp_P29317_EPHA2_HUMAN,183,Q,B,0.14,0.159,0.516,0.325,0.335444444444
sp_P29317_EPHA2_HUMAN,184,D,B,0.154,0.125,0.227,0.648,0.348111111111
sp_P29317_EPHA2_HUMAN,185,I,B,0.198,0.191,0.086,0.723,0.366444444444
sp_P29317_EPHA2_HUMAN,186,G,B,0.134,0.191,0.086,0.723,0.374888888889
sp_P29317_EPHA2_HUMAN,187,A,B,0.038,0.321,0.252,0.427,0.37
sp_P29317_EPHA2_HUMAN,188,C,B,0.025,0.373,0.401,0.226,0.351222222222
sp_P29317_EPHA2_HUMAN,189,V,B,0.073,0.391,0.466,0.143,0.343
sp_P29317_EPHA2_HUMAN,190,A,B,0.048,0.487,0.370,0.143,0.309777777778
sp_P29317_EPHA2_HUMAN,191,L,B,0.045,0.594,0.285,0.121,0.320222222222
sp_P29317_EPHA2_HUMAN,192,L,B,0.062,0.487,0.370,0.143,0.336111111111
sp_P29317_EPHA2_HUMAN,193,S,B,0.152,0.391,0.466,0.143,0.335666666667
sp_P29317_EPHA2_HUMAN,194,V,B,0.041,0.387,0.545,0.068,0.331222222222
sp_P29317_EPHA2_HUMAN,195,R,B,0.178,0.404,0.542,0.053,0.348333333333
sp_P29317_EPHA2_HUMAN,196,V,B,0.067,0.265,0.667,0.069,0.379444444444
sp_P29317_EPHA2_HUMAN,197,Y,B,0.104,0.264,0.692,0.044,0.400222222222
sp_P29317_EPHA2_HUMAN,198,Y,B,0.105,0.172,0.690,0.138,0.423666666667
sp_P29317_EPHA2_HUMAN,199,K,E,0.322,0.087,0.683,0.230,0.463222222222
sp_P29317_EPHA2_HUMAN,200,K,E,0.359,0.135,0.317,0.548,0.474111111111
sp_P29317_EPHA2_HUMAN,201,C,B,0.033,0.191,0.086,0.723,0.468333333333
sp_P29317_EPHA2_HUMAN,202,P,E,0.292,0.802,0.014,0.185,0.474111111111
sp_P29317_EPHA2_HUMAN,203,E,E,0.463,0.878,0.010,0.111,0.484
sp_P29317_EPHA2_HUMAN,204,L,B,0.171,0.802,0.014,0.185,0.453111111111
sp_P29317_EPHA2_HUMAN,205,L,B,0.069,0.802,0.014,0.185,0.440777777778
sp_P29317_EPHA2_HUMAN,206,Q,E,0.37,0.802,0.014,0.185,0.451777777778
sp_P29317_EPHA2_HUMAN,207,G,B,0.197,0.717,0.014,0.269,0.442222222222
sp_P29317_EPHA2_HUMAN,208,L,B,0.068,0.660,0.049,0.291,0.446111111111
sp_P29317_EPHA2_HUMAN,209,A,B,0.116,0.502,0.102,0.396,0.458
sp_P29317_EPHA2_HUMAN,210,H,E,0.366,0.386,0.097,0.517,0.482111111111
sp_P29317_EPHA2_HUMAN,211,F,B,0.098,0.191,0.086,0.723,0.486111111111
sp_P29317_EPHA2_HUMAN,212,P,E,0.392,0.113,0.043,0.844,0.501444444444
sp_P29317_EPHA2_HUMAN,213,E,E,0.581,0.053,0.043,0.903,0.537666666667
sp_P29317_EPHA2_HUMAN,214,T,B,0.244,0.113,0.043,0.844,0.557777777778
sp_P29317_EPHA2_HUMAN,215,I,B,0.163,0.053,0.043,0.903,0.574333333333
sp_P29317_EPHA2_HUMAN,216,A,E,0.385,0.058,0.017,0.925,0.586666666667
sp_P29317_EPHA2_HUMAN,217,G,E,0.444,0.058,0.017,0.925,0.589222222222
sp_P29317_EPHA2_HUMAN,218,S,E,0.396,0.058,0.017,0.925,0.580222222222
sp_P29317_EPHA2_HUMAN,219,D,E,0.637,0.053,0.043,0.903,0.572
sp_P29317_EPHA2_HUMAN,220,A,E,0.32,0.052,0.084,0.864,0.561666666667
sp_P29317_EPHA2_HUMAN,221,P,E,0.359,0.021,0.279,0.699,0.539444444444
sp_P29317_EPHA2_HUMAN,222,S,E,0.294,0.022,0.552,0.426,0.514444444444
sp_P29317_EPHA2_HUMAN,223,L,B,0.155,0.021,0.756,0.223,0.495333333333
sp_P29317_EPHA2_HUMAN,224,A,B,0.202,0.011,0.918,0.071,0.471
sp_P29317_EPHA2_HUMAN,225,T,E,0.488,0.011,0.918,0.071,0.455222222222
sp_P29317_EPHA2_HUMAN,226,V,B,0.088,0.018,0.846,0.136,0.421555555556
sp_P29317_EPHA2_HUMAN,227,A,E,0.484,0.022,0.552,0.426,0.405666666667
sp_P29317_EPHA2_HUMAN,228,G,B,0.219,0.021,0.452,0.528,0.416777777778
sp_P29317_EPHA2_HUMAN,229,T,E,0.331,0.021,0.756,0.223,0.432111111111
sp_P29317_EPHA2_HUMAN,230,C,B,0.064,0.018,0.846,0.136,0.444111111111
sp_P29317_EPHA2_HUMAN,231,V,B,0.116,0.022,0.552,0.426,0.476777777778
sp_P29317_EPHA2_HUMAN,232,D,E,0.569,0.064,0.216,0.721,0.497333333333
sp_P29317_EPHA2_HUMAN,233,H,E,0.365,0.052,0.084,0.864,0.512555555556
sp_P29317_EPHA2_HUMAN,234,A,B,0.13,0.052,0.084,0.864,0.532
sp_P29317_EPHA2_HUMAN,235,V,E,0.525,0.064,0.216,0.721,0.558
sp_P29317_EPHA2_HUMAN,236,V,E,0.55,0.064,0.216,0.721,0.564666666667
sp_P29317_EPHA2_HUMAN,237,P,E,0.543,0.056,0.142,0.802,0.561333333333
sp_P29317_EPHA2_HUMAN,238,P,E,0.58,0.052,0.084,0.864,0.560666666667
sp_P29317_EPHA2_HUMAN,239,G,E,0.586,0.018,0.047,0.935,0.552222222222
sp_P29317_EPHA2_HUMAN,240,G,E,0.665,0.018,0.019,0.964,0.541555555556
sp_P29317_EPHA2_HUMAN,241,E,E,0.453,0.018,0.047,0.935,0.503888888889
sp_P29317_EPHA2_HUMAN,242,E,E,0.36,0.018,0.047,0.935,0.481555555556
sp_P29317_EPHA2_HUMAN,243,P,B,0.06,0.021,0.279,0.699,0.442222222222
sp_P29317_EPHA2_HUMAN,244,R,E,0.25,0.021,0.756,0.223,0.433666666667
sp_P29317_EPHA2_HUMAN,245,M,B,0.054,0.011,0.918,0.071,0.438666666667
sp_P29317_EPHA2_HUMAN,246,H,B,0.15,0.011,0.918,0.071,0.439555555556
sp_P29317_EPHA2_HUMAN,247,C,B,0.013,0.018,0.846,0.136,0.415444444444
sp_P29317_EPHA2_HUMAN,248,A,B,0.238,0.021,0.279,0.699,0.423111111111
sp_P29317_EPHA2_HUMAN,249,V,E,0.458,0.018,0.088,0.893,0.404
sp_P29317_EPHA2_HUMAN,250,D,E,0.512,0.018,0.047,0.935,0.429111111111
sp_P29317_EPHA2_HUMAN,251,G,B,0.059,0.018,0.141,0.840,0.444222222222
sp_P29317_EPHA2_HUMAN,252,E,B,0.243,0.022,0.359,0.619,0.476444444444
sp_P29317_EPHA2_HUMAN,253,W,B,0.092,0.022,0.552,0.426,0.487777777778
sp_P29317_EPHA2_HUMAN,254,L,B,0.179,0.022,0.552,0.426,0.485555555556
sp_P29317_EPHA2_HUMAN,255,V,B,0.175,0.022,0.359,0.619,0.484777777778
sp_P29317_EPHA2_HUMAN,256,P,B,0.291,0.020,0.205,0.775,0.491444444444
sp_P29317_EPHA2_HUMAN,257,I,E,0.412,0.018,0.088,0.893,0.486222222222
sp_P29317_EPHA2_HUMAN,258,G,E,0.547,0.018,0.047,0.935,0.478333333333
sp_P29317_EPHA2_HUMAN,259,Q,E,0.458,0.018,0.141,0.840,0.481444444444
sp_P29317_EPHA2_HUMAN,260,C,B,0.057,0.021,0.452,0.528,0.478888888889
sp_P29317_EPHA2_HUMAN,261,L,B,0.301,0.024,0.655,0.322,0.478
sp_P29317_EPHA2_HUMAN,262,C,B,0.079,0.022,0.552,0.426,0.471777777778
sp_P29317_EPHA2_HUMAN,263,Q,E,0.486,0.022,0.359,0.619,0.482
sp_P29317_EPHA2_HUMAN,264,A,E,0.362,0.020,0.205,0.775,0.491333333333
sp_P29317_EPHA2_HUMAN,265,G,E,0.351,0.018,0.141,0.840,0.509
sp_P29317_EPHA2_HUMAN,266,Y,B,0.254,0.021,0.452,0.528,0.522888888889
sp_P29317_EPHA2_HUMAN,267,E,E,0.365,0.022,0.552,0.426,0.554666666667
sp_P29317_EPHA2_HUMAN,268,K,E,0.586,0.021,0.452,0.528,0.553777777778
sp_P29317_EPHA2_HUMAN,269,V,E,0.596,0.018,0.141,0.840,0.545555555556
sp_P29317_EPHA2_HUMAN,270,E,E,0.666,0.018,0.047,0.935,0.555222222222
sp_P29317_EPHA2_HUMAN,271,D,E,0.522,0.018,0.088,0.893,0.559222222222
sp_P29317_EPHA2_HUMAN,272,A,E,0.41,0.021,0.452,0.528,0.558444444444
sp_P29317_EPHA2_HUMAN,273,C,B,0.075,0.022,0.552,0.426,0.553444444444
sp_P29317_EPHA2_HUMAN,274,Q,E,0.519,0.024,0.655,0.322,0.553888888889
sp_P29317_EPHA2_HUMAN,275,A,E,0.403,0.021,0.452,0.528,0.549
sp_P29317_EPHA2_HUMAN,276,C,E,0.518,0.020,0.205,0.775,0.547444444444
sp_P29317_EPHA2_HUMAN,277,S,E,0.429,0.018,0.047,0.935,0.552444444444
sp_P29317_EPHA2_HUMAN,278,P,E,0.449,0.018,0.047,0.935,0.569666666667
sp_P29317_EPHA2_HUMAN,279,G,E,0.357,0.020,0.205,0.775,0.563222222222
sp_P29317_EPHA2_HUMAN,280,F,B,0.221,0.022,0.359,0.619,0.571222222222
sp_P29317_EPHA2_HUMAN,281,F,B,0.135,0.021,0.279,0.699,0.568666666667
sp_P29317_EPHA2_HUMAN,282,K,E,0.31,0.020,0.205,0.775,0.580222222222
sp_P29317_EPHA2_HUMAN,283,F,B,0.195,0.021,0.279,0.699,0.578666666667
sp_P29317_EPHA2_HUMAN,284,E,E,0.38,0.018,0.141,0.840,0.575
sp_P29317_EPHA2_HUMAN,285,A,E,0.322,0.005,0.045,0.951,0.568333333333
sp_P29317_EPHA2_HUMAN,286,S,E,0.604,0.005,0.015,0.979,0.553888888889
sp_P29317_EPHA2_HUMAN,287,E,E,0.638,0.018,0.019,0.964,0.552111111111
sp_P29317_EPHA2_HUMAN,288,S,E,0.619,0.018,0.019,0.964,0.550555555556
sp_P29317_EPHA2_HUMAN,289,P,E,0.515,0.005,0.015,0.979,0.524777777778
sp_P29317_EPHA2_HUMAN,290,C,B,0.119,0.018,0.141,0.840,0.522777777778
sp_P29317_EPHA2_HUMAN,291,L,E,0.381,0.004,0.263,0.733,0.519222222222
sp_P29317_EPHA2_HUMAN,292,E,E,0.578,0.004,0.197,0.799,0.519666666667
sp_P29317_EPHA2_HUMAN,293,C,B,0.13,0.005,0.045,0.951,0.527222222222
sp_P29317_EPHA2_HUMAN,294,P,B,0.265,0.005,0.015,0.979,0.536444444444
sp_P29317_EPHA2_HUMAN,295,E,E,0.532,0.018,0.019,0.964,0.558444444444
sp_P29317_EPHA2_HUMAN,296,H,E,0.455,0.018,0.047,0.935,0.560888888889
sp_P29317_EPHA2_HUMAN,297,T,B,0.195,0.018,0.141,0.840,0.565666666667
sp_P29317_EPHA2_HUMAN,298,L,E,0.33,0.018,0.141,0.840,0.594111111111
sp_P29317_EPHA2_HUMAN,299,P,E,0.304,0.018,0.047,0.935,0.594888888889
sp_P29317_EPHA2_HUMAN,300,S,E,0.489,0.018,0.019,0.964,0.580777777778
sp_P29317_EPHA2_HUMAN,301,P,E,0.579,0.018,0.019,0.964,0.574666666667
sp_P29317_EPHA2_HUMAN,302,E,E,0.551,0.018,0.047,0.935,0.560777777778
sp_P29317_EPHA2_HUMAN,303,G,B,0.19,0.004,0.197,0.799,0.529222222222
sp_P29317_EPHA2_HUMAN,304,A,B,0.16,0.004,0.514,0.481,0.508555555556
sp_P29317_EPHA2_HUMAN,305,T,B,0.176,0.003,0.718,0.279,0.481
sp_P29317_EPHA2_HUMAN,306,S,E,0.389,0.021,0.756,0.223,0.477333333333
sp_P29317_EPHA2_HUMAN,307,C,B,0.044,0.024,0.655,0.322,0.462666666667
sp_P29317_EPHA2_HUMAN,308,E,E,0.427,0.021,0.452,0.528,0.460666666667
sp_P29317_EPHA2_HUMAN,309,C,B,0.08,0.020,0.205,0.775,0.462888888889
sp_P29317_EPHA2_HUMAN,310,E,E,0.484,0.018,0.088,0.893,0.472333333333
sp_P29317_EPHA2_HUMAN,311,E,E,0.727,0.053,0.043,0.903,0.480444444444
sp_P29317_EPHA2_HUMAN,312,G,E,0.532,0.053,0.043,0.903,0.504111111111
sp_P29317_EPHA2_HUMAN,313,F,E,0.324,0.056,0.142,0.802,0.521777777778
sp_P29317_EPHA2_HUMAN,314,F,B,0.31,0.021,0.279,0.699,0.555666666667
sp_P29317_EPHA2_HUMAN,315,R,B,0.278,0.021,0.279,0.699,0.564777777778
sp_P29317_EPHA2_HUMAN,316,A,B,0.274,0.018,0.141,0.840,0.575222222222
sp_P29317_EPHA2_HUMAN,317,P,E,0.505,0.018,0.088,0.893,0.584555555556
sp_P29317_EPHA2_HUMAN,318,Q,E,0.343,0.018,0.047,0.935,0.584555555556
sp_P29317_EPHA2_HUMAN,319,D,E,0.534,0.018,0.019,0.964,0.567444444444
sp_P29317_EPHA2_HUMAN,320,P,E,0.501,0.005,0.015,0.979,0.556111111111
sp_P29317_EPHA2_HUMAN,321,A,E,0.393,0.004,0.085,0.910,0.530666666667
sp_P29317_EPHA2_HUMAN,322,S,E,0.559,0.004,0.514,0.481,0.526111111111
sp_P29317_EPHA2_HUMAN,323,M,B,0.159,0.003,0.718,0.279,0.526
sp_P29317_EPHA2_HUMAN,324,P,E,0.516,0.004,0.616,0.381,0.502555555556
sp_P29317_EPHA2_HUMAN,325,C,B,0.077,0.004,0.420,0.576,0.507333333333
sp_P29317_EPHA2_HUMAN,326,T,E,0.558,0.004,0.336,0.660,0.506222222222
sp_P29317_EPHA2_HUMAN,327,R,E,0.561,0.004,0.138,0.858,0.496333333333
sp_P29317_EPHA2_HUMAN,328,P,B,0.145,0.005,0.015,0.979,0.505777777778
sp_P29317_EPHA2_HUMAN,329,P,E,0.547,0.005,0.015,0.979,0.52
sp_P29317_EPHA2_HUMAN,330,S,E,0.55,0.016,0.005,0.979,0.551777777778
sp_P29317_EPHA2_HUMAN,331,A,B,0.251,0.016,0.005,0.979,0.544333333333
sp_P29317_EPHA2_HUMAN,332,P,B,0.175,0.018,0.019,0.964,0.531
sp_P29317_EPHA2_HUMAN,333,H,E,0.45,0.052,0.084,0.864,0.536444444444
sp_P29317_EPHA2_HUMAN,334,Y,B,0.289,0.021,0.279,0.699,0.520555555556
sp_P29317_EPHA2_HUMAN,335,L,B,0.189,0.022,0.552,0.426,0.512333333333
sp_P29317_EPHA2_HUMAN,336,T,E,0.318,0.018,0.846,0.136,0.528222222222
sp_P29317_EPHA2_HUMAN,337,A,B,0.19,0.011,0.918,0.071,0.528
sp_P29317_EPHA2_HUMAN,338,V,E,0.289,0.021,0.756,0.223,0.518111111111
sp_P29317_EPHA2_HUMAN,339,G,B,0.206,0.004,0.420,0.576,0.511444444444
sp_P29317_EPHA2_HUMAN,340,M,E,0.444,0.004,0.197,0.799,0.493777777778
sp_P29317_EPHA2_HUMAN,341,G,E,0.451,0.005,0.045,0.951,0.477444444444
sp_P29317_EPHA2_HUMAN,342,A,B,0.184,0.004,0.197,0.799,0.447777777778
sp_P29317_EPHA2_HUMAN,343,K,B,0.125,0.003,0.718,0.279,0.442888888889
sp_P29317_EPHA2_HUMAN,344,V,B,0.034,0.001,0.900,0.099,0.420333333333
sp_P29317_EPHA2_HUMAN,345,E,B,0.206,0.001,0.959,0.040,0.410444444444
sp_P29317_EPHA2_HUMAN,346,L,B,0.063,0.001,0.959,0.040,0.417444444444
sp_P29317_EPHA2_HUMAN,347,R,E,0.278,0.001,0.900,0.099,0.421555555556
sp_P29317_EPHA2_HUMAN,348,W,B,0.073,0.018,0.846,0.136,0.448
sp_P29317_EPHA2_HUMAN,349,T,E,0.396,0.004,0.616,0.381,0.485777777778
sp_P29317_EPHA2_HUMAN,350,P,B,0.254,0.004,0.138,0.858,0.513777777778
sp_P29317_EPHA2_HUMAN,351,P,B,0.182,0.018,0.019,0.964,0.568555555556
sp_P29317_EPHA2_HUMAN,352,Q,E,0.464,0.005,0.015,0.979,0.583555555556
sp_P29317_EPHA2_HUMAN,353,D,E,0.526,0.018,0.019,0.964,0.62
sp_P29317_EPHA2_HUMAN,354,S,E,0.355,0.016,0.005,0.979,0.627111111111
sp_P29317_EPHA2_HUMAN,355,G,E,0.559,0.016,0.005,0.979,0.621888888889
sp_P29317_EPHA2_HUMAN,356,G,E,0.372,0.018,0.019,0.964,0.602333333333
sp_P29317_EPHA2_HUMAN,357,R,E,0.356,0.018,0.141,0.840,0.567777777778
sp_P29317_EPHA2_HUMAN,358,E,E,0.376,0.004,0.263,0.733,0.527666666667
sp_P29317_EPHA2_HUMAN,359,D,E,0.401,0.004,0.336,0.660,0.492666666667
sp_P29317_EPHA2_HUMAN,360,I,B,0.081,0.004,0.616,0.381,0.437777777778
sp_P29317_EPHA2_HUMAN,361,V,B,0.151,0.003,0.718,0.279,0.403666666667
sp_P29317_EPHA2_HUMAN,362,Y,B,0.12,0.004,0.616,0.381,0.358888888889
sp_P29317_EPHA2_HUMAN,363,S,B,0.138,0.003,0.718,0.279,0.349222222222
sp_P29317_EPHA2_HUMAN,364,V,B,0.033,0.001,0.900,0.099,0.335666666667
sp_P29317_EPHA2_HUMAN,365,T,B,0.064,0.001,0.959,0.040,0.347444444444
sp_P29317_EPHA2_HUMAN,366,C,B,0.031,0.001,0.959,0.040,0.363
sp_P29317_EPHA2_HUMAN,367,E,B,0.199,0.002,0.816,0.182,0.401222222222
sp_P29317_EPHA2_HUMAN,368,Q,E,0.256,0.004,0.616,0.381,0.430888888889
sp_P29317_EPHA2_HUMAN,369,C,B,0.1,0.004,0.336,0.660,0.466555555556
sp_P29317_EPHA2_HUMAN,370,W,E,0.408,0.018,0.088,0.893,0.494888888889
sp_P29317_EPHA2_HUMAN,371,P,E,0.557,0.018,0.019,0.964,0.530888888889
sp_P29317_EPHA2_HUMAN,372,E,E,0.69,0.018,0.019,0.964,0.522333333333
sp_P29317_EPHA2_HUMAN,373,S,E,0.545,0.018,0.019,0.964,0.541888888889
sp_P29317_EPHA2_HUMAN,374,G,E,0.491,0.018,0.047,0.935,0.550888888889
sp_P29317_EPHA2_HUMAN,375,E,E,0.497,0.004,0.085,0.910,0.541444444444
sp_P29317_EPHA2_HUMAN,376,C,B,0.116,0.004,0.197,0.799,0.526
sp_P29317_EPHA2_HUMAN,377,G,E,0.541,0.004,0.336,0.660,0.509111111111
sp_P29317_EPHA2_HUMAN,378,P,E,0.532,0.004,0.336,0.660,0.506333333333
sp_P29317_EPHA2_HUMAN,379,C,E,0.24,0.004,0.085,0.910,0.488777777778
sp_P29317_EPHA2_HUMAN,380,E,E,0.677,0.005,0.015,0.979,0.486222222222
sp_P29317_EPHA2_HUMAN,381,A,E,0.508,0.005,0.015,0.979,0.492333333333
sp_P29317_EPHA2_HUMAN,382,S,E,0.333,0.004,0.336,0.660,0.474888888889
sp_P29317_EPHA2_HUMAN,383,V,B,0.099,0.002,0.816,0.182,0.490444444444
sp_P29317_EPHA2_HUMAN,384,R,E,0.325,0.001,0.900,0.099,0.505
sp_P29317_EPHA2_HUMAN,385,Y,B,0.15,0.001,0.900,0.099,0.518555555556
sp_P29317_EPHA2_HUMAN,386,S,B,0.249,0.003,0.718,0.279,0.54
sp_P29317_EPHA2_HUMAN,387,E,E,0.382,0.004,0.336,0.660,0.545555555556
sp_P29317_EPHA2_HUMAN,388,P,E,0.336,0.004,0.263,0.733,0.567888888889
sp_P29317_EPHA2_HUMAN,389,P,E,0.473,0.004,0.420,0.576,0.577111111111
sp_P29317_EPHA2_HUMAN,390,H,E,0.463,0.004,0.514,0.481,0.590666666667
sp_P29317_EPHA2_HUMAN,391,G,E,0.544,0.004,0.336,0.660,0.590222222222
sp_P29317_EPHA2_HUMAN,392,L,E,0.355,0.004,0.197,0.799,0.555444444444
sp_P29317_EPHA2_HUMAN,393,T,E,0.503,0.004,0.197,0.799,0.503333333333
sp_P29317_EPHA2_HUMAN,394,R,E,0.56,0.004,0.514,0.481,0.478222222222
sp_P29317_EPHA2_HUMAN,395,T,B,0.197,0.003,0.718,0.279,0.434222222222
sp_P29317_EPHA2_HUMAN,396,S,E,0.254,0.001,0.900,0.099,0.426888888889
sp_P29317_EPHA2_HUMAN,397,V,B,0.046,0.001,0.959,0.040,0.427
sp_P29317_EPHA2_HUMAN,398,T,E,0.234,0.001,0.959,0.040,0.415777777778
sp_P29317_EPHA2_HUMAN,399,V,B,0.024,0.001,0.900,0.099,0.431222222222
sp_P29317_EPHA2_HUMAN,400,S,E,0.404,0.004,0.616,0.381,0.450666666667
sp_P29317_EPHA2_HUMAN,401,D,E,0.541,0.004,0.085,0.910,0.477333333333
sp_P29317_EPHA2_HUMAN,402,L,B,0.165,0.005,0.045,0.951,0.510222222222
sp_P29317_EPHA2_HUMAN,403,E,E,0.421,0.004,0.085,0.910,0.521888888889
sp_P29317_EPHA2_HUMAN,404,P,E,0.328,0.004,0.085,0.910,0.543
sp_P29317_EPHA2_HUMAN,405,H,E,0.317,0.004,0.138,0.858,0.530111111111
sp_P29317_EPHA2_HUMAN,406,M,B,0.14,0.004,0.197,0.799,0.495888888889
sp_P29317_EPHA2_HUMAN,407,N,E,0.417,0.004,0.420,0.576,0.477222222222
sp_P29317_EPHA2_HUMAN,408,Y,B,0.097,0.003,0.718,0.279,0.422666666667
sp_P29317_EPHA2_HUMAN,409,T,E,0.332,0.001,0.900,0.099,0.399333333333
sp_P29317_EPHA2_HUMAN,410,F,B,0.031,0.001,0.959,0.040,0.359
sp_P29317_EPHA2_HUMAN,411,T,E,0.264,0.001,0.959,0.040,0.362222222222
sp_P29317_EPHA2_HUMAN,412,V,B,0.027,0.001,0.959,0.040,0.353333333333
sp_P29317_EPHA2_HUMAN,413,E,B,0.194,0.001,0.959,0.040,0.358444444444
sp_P29317_EPHA2_HUMAN,414,A,B,0.028,0.011,0.918,0.071,0.372888888889
sp_P29317_EPHA2_HUMAN,415,R,B,0.121,0.018,0.846,0.136,0.414222222222
sp_P29317_EPHA2_HUMAN,416,N,B,0.154,0.004,0.514,0.481,0.444111111111
sp_P29317_EPHA2_HUMAN,417,G,E,0.352,0.004,0.197,0.799,0.482444444444
sp_P29317_EPHA2_HUMAN,418,V,B,0.187,0.005,0.045,0.951,0.508222222222
sp_P29317_EPHA2_HUMAN,419,S,E,0.394,0.005,0.045,0.951,0.552444444444
sp_P29317_EPHA2_HUMAN,420,G,E,0.541,0.018,0.047,0.935,0.569111111111
sp_P29317_EPHA2_HUMAN,421,L,E,0.417,0.018,0.047,0.935,0.599333333333
sp_P29317_EPHA2_HUMAN,422,V,B,0.243,0.018,0.047,0.935,0.623111111111
sp_P29317_EPHA2_HUMAN,423,T,E,0.439,0.018,0.047,0.935,0.629333333333
sp_P29317_EPHA2_HUMAN,424,S,E,0.434,0.053,0.043,0.903,0.635
sp_P29317_EPHA2_HUMAN,425,R,E,0.469,0.052,0.084,0.864,0.628444444444
sp_P29317_EPHA2_HUMAN,426,S,E,0.478,0.052,0.084,0.864,0.633777777778
sp_P29317_EPHA2_HUMAN,427,F,B,0.176,0.118,0.150,0.732,0.633111111111
sp_P29317_EPHA2_HUMAN,428,R,E,0.471,0.125,0.227,0.648,0.64
sp_P29317_EPHA2_HUMAN,429,T,E,0.378,0.125,0.227,0.648,0.647555555556
sp_P29317_EPHA2_HUMAN,430,A,E,0.279,0.125,0.227,0.648,0.641111111111
sp_P29317_EPHA2_HUMAN,431,S,E,0.475,0.118,0.150,0.732,0.637
sp_P29317_EPHA2_HUMAN,432,V,E,0.392,0.118,0.150,0.732,0.65
sp_P29317_EPHA2_HUMAN,433,S,E,0.402,0.118,0.150,0.732,0.643444444444
sp_P29317_EPHA2_HUMAN,434,I,E,0.429,0.056,0.142,0.802,0.653555555556
sp_P29317_EPHA2_HUMAN,435,N,E,0.38,0.052,0.084,0.864,0.647555555556
sp_P29317_EPHA2_HUMAN,436,Q,E,0.466,0.053,0.043,0.903,0.643222222222
sp_P29317_EPHA2_HUMAN,437,T,E,0.568,0.018,0.019,0.964,0.625444444444
sp_P29317_EPHA2_HUMAN,438,E,E,0.378,0.018,0.047,0.935,0.602555555556
sp_P29317_EPHA2_HUMAN,439,P,E,0.393,0.018,0.047,0.935,0.578444444444
sp_P29317_EPHA2_HUMAN,440,P,E,0.381,0.004,0.197,0.799,0.559333333333
sp_P29317_EPHA2_HUMAN,441,K,E,0.407,0.004,0.514,0.481,0.537111111111
sp_P29317_EPHA2_HUMAN,442,V,B,0.188,0.003,0.718,0.279,0.529666666667
sp_P29317_EPHA2_HUMAN,443,R,E,0.342,0.002,0.816,0.182,0.525222222222
sp_P29317_EPHA2_HUMAN,444,L,B,0.193,0.002,0.816,0.182,0.530444444444
sp_P29317_EPHA2_HUMAN,445,E,E,0.329,0.001,0.900,0.099,0.527111111111
sp_P29317_EPHA2_HUMAN,446,G,E,0.493,0.001,0.900,0.099,0.525555555556
sp_P29317_EPHA2_HUMAN,447,R,E,0.419,0.004,0.616,0.381,0.527888888889
sp_P29317_EPHA2_HUMAN,448,S,E,0.608,0.004,0.138,0.858,0.503888888889
sp_P29317_EPHA2_HUMAN,449,T,E,0.613,0.005,0.015,0.979,0.494777777778
sp_P29317_EPHA2_HUMAN,450,T,E,0.367,0.004,0.138,0.858,0.460888888889
sp_P29317_EPHA2_HUMAN,451,S,E,0.295,0.003,0.718,0.279,0.438222222222
sp_P29317_EPHA2_HUMAN,452,L,B,0.067,0.001,0.900,0.099,0.412444444444
sp_P29317_EPHA2_HUMAN,453,S,E,0.248,0.001,0.959,0.040,0.405
sp_P29317_EPHA2_HUMAN,454,V,B,0.032,0.001,0.959,0.040,0.408333333333
sp_P29317_EPHA2_HUMAN,455,S,B,0.219,0.001,0.900,0.099,0.415333333333
sp_P29317_EPHA2_HUMAN,456,W,B,0.067,0.021,0.756,0.223,0.425333333333
sp_P29317_EPHA2_HUMAN,457,S,E,0.443,0.022,0.359,0.619,0.462777777778
sp_P29317_EPHA2_HUMAN,458,I,E,0.43,0.018,0.141,0.840,0.491222222222
sp_P29317_EPHA2_HUMAN,459,P,B,0.221,0.018,0.088,0.893,0.535444444444
sp_P29317_EPHA2_HUMAN,460,P,E,0.621,0.018,0.047,0.935,0.551333333333
sp_P29317_EPHA2_HUMAN,461,P,E,0.429,0.018,0.047,0.935,0.566888888889
sp_P29317_EPHA2_HUMAN,462,Q,E,0.589,0.018,0.019,0.964,0.551333333333
sp_P29317_EPHA2_HUMAN,463,Q,E,0.705,0.018,0.019,0.964,0.54
sp_P29317_EPHA2_HUMAN,464,S,E,0.354,0.018,0.019,0.964,0.527666666667
sp_P29317_EPHA2_HUMAN,465,R,E,0.393,0.004,0.197,0.799,0.514
sp_P29317_EPHA2_HUMAN,466,V,B,0.113,0.004,0.616,0.381,0.498666666667
sp_P29317_EPHA2_HUMAN,467,W,B,0.192,0.003,0.718,0.279,0.475222222222
sp_P29317_EPHA2_HUMAN,468,K,B,0.248,0.002,0.816,0.182,0.468111111111
sp_P29317_EPHA2_HUMAN,469,Y,B,0.135,0.001,0.900,0.099,0.463222222222
sp_P29317_EPHA2_HUMAN,470,E,E,0.312,0.001,0.900,0.099,0.458555555556
sp_P29317_EPHA2_HUMAN,471,V,B,0.09,0.001,0.959,0.040,0.481
sp_P29317_EPHA2_HUMAN,472,T,E,0.378,0.001,0.983,0.017,0.493666666667
sp_P29317_EPHA2_HUMAN,473,Y,B,0.171,0.001,0.959,0.040,0.509333333333
sp_P29317_EPHA2_HUMAN,474,R,E,0.289,0.001,0.959,0.040,0.521444444444
sp_P29317_EPHA2_HUMAN,475,K,E,0.495,0.002,0.816,0.182,0.535888888889
sp_P29317_EPHA2_HUMAN,476,K,E,0.546,0.004,0.336,0.660,0.551444444444
sp_P29317_EPHA2_HUMAN,477,G,E,0.717,0.004,0.085,0.910,0.558
sp_P29317_EPHA2_HUMAN,478,D,E,0.65,0.004,0.085,0.910,0.565222222222
sp_P29317_EPHA2_HUMAN,479,S,E,0.661,0.004,0.138,0.858,0.568111111111
sp_P29317_EPHA2_HUMAN,480,N,E,0.526,0.004,0.336,0.660,0.549666666667
sp_P29317_EPHA2_HUMAN,481,S,E,0.416,0.004,0.514,0.481,0.541555555556
sp_P29317_EPHA2_HUMAN,482,Y,B,0.275,0.003,0.718,0.279,0.530777777778
sp_P29317_EPHA2_HUMAN,483,N,E,0.431,0.003,0.718,0.279,0.519555555556
sp_P29317_EPHA2_HUMAN,484,V,B,0.148,0.002,0.816,0.182,0.527222222222
sp_P29317_EPHA2_HUMAN,485,R,E,0.291,0.001,0.959,0.040,0.528888888889
sp_P29317_EPHA2_HUMAN,486,R,E,0.321,0.001,0.900,0.099,0.518
sp_P29317_EPHA2_HUMAN,487,T,B,0.188,0.004,0.514,0.481,0.519666666667
sp_P29317_EPHA2_HUMAN,488,E,E,0.647,0.004,0.197,0.799,0.505333333333
sp_P29317_EPHA2_HUMAN,489,G,E,0.493,0.004,0.138,0.858,0.509111111111
sp_P29317_EPHA2_HUMAN,490,F,E,0.321,0.004,0.336,0.660,0.486
sp_P29317_EPHA2_HUMAN,491,S,E,0.419,0.002,0.816,0.182,0.483
sp_P29317_EPHA2_HUMAN,492,V,B,0.087,0.001,0.959,0.040,0.496888888889
sp_P29317_EPHA2_HUMAN,493,T,E,0.277,0.001,0.959,0.040,0.487444444444
sp_P29317_EPHA2_HUMAN,494,L,B,0.053,0.001,0.900,0.099,0.498111111111
sp_P29317_EPHA2_HUMAN,495,D,E,0.414,0.003,0.718,0.279,0.514111111111
sp_P29317_EPHA2_HUMAN,496,D,E,0.369,0.004,0.336,0.660,0.512666666667
sp_P29317_EPHA2_HUMAN,497,L,B,0.15,0.004,0.336,0.660,0.521111111111
sp_P29317_EPHA2_HUMAN,498,A,E,0.431,0.004,0.263,0.733,0.524555555556
sp_P29317_EPHA2_HUMAN,499,P,E,0.495,0.004,0.085,0.910,0.527555555556
sp_P29317_EPHA2_HUMAN,500,D,E,0.719,0.005,0.015,0.979,0.519666666667
sp_P29317_EPHA2_HUMAN,501,T,E,0.31,0.004,0.138,0.858,0.468666666667
sp_P29317_EPHA2_HUMAN,502,T,E,0.323,0.004,0.514,0.481,0.449777777778
sp_P29317_EPHA2_HUMAN,503,Y,B,0.092,0.002,0.816,0.182,0.396111111111
sp_P29317_EPHA2_HUMAN,504,L,B,0.217,0.001,0.900,0.099,0.372333333333
sp_P29317_EPHA2_HUMAN,505,V,B,0.037,0.001,0.959,0.040,0.338777777778
sp_P29317_EPHA2_HUMAN,506,Q,B,0.124,0.001,0.959,0.040,0.324333333333
sp_P29317_EPHA2_HUMAN,507,V,B,0.018,0.001,0.900,0.099,0.305333333333
sp_P29317_EPHA2_HUMAN,508,Q,B,0.126,0.001,0.900,0.099,0.330222222222
sp_P29317_EPHA2_HUMAN,509,A,B,0.023,0.021,0.756,0.223,0.355666666667
sp_P29317_EPHA2_HUMAN,510,L,B,0.086,0.022,0.552,0.426,0.410444444444
sp_P29317_EPHA2_HUMAN,511,T,B,0.075,0.021,0.279,0.699,0.455777777778
sp_P29317_EPHA2_HUMAN,512,Q,E,0.329,0.018,0.141,0.840,0.508333333333
sp_P29317_EPHA2_HUMAN,513,E,E,0.37,0.018,0.088,0.893,0.534333333333
sp_P29317_EPHA2_HUMAN,514,G,E,0.387,0.018,0.088,0.893,0.569888888889
sp_P29317_EPHA2_HUMAN,515,Q,E,0.414,0.018,0.088,0.893,0.595666666667
sp_P29317_EPHA2_HUMAN,516,G,E,0.337,0.018,0.088,0.893,0.626666666667
sp_P29317_EPHA2_HUMAN,517,A,E,0.612,0.018,0.088,0.893,0.618777777778
sp_P29317_EPHA2_HUMAN,518,G,E,0.341,0.018,0.047,0.935,0.604666666667
sp_P29317_EPHA2_HUMAN,519,S,B,0.256,0.018,0.047,0.935,0.595666666667
sp_P29317_EPHA2_HUMAN,520,K,E,0.524,0.018,0.141,0.840,0.563444444444
sp_P29317_EPHA2_HUMAN,521,V,E,0.403,0.022,0.359,0.619,0.551333333333
sp_P29317_EPHA2_HUMAN,522,H,B,0.267,0.022,0.552,0.426,0.549111111111
sp_P29317_EPHA2_HUMAN,523,E,E,0.457,0.024,0.655,0.322,0.555888888889
sp_P29317_EPHA2_HUMAN,524,F,B,0.257,0.021,0.756,0.223,0.564
sp_P29317_EPHA2_HUMAN,525,Q,E,0.418,0.021,0.756,0.223,0.574
sp_P29317_EPHA2_HUMAN,526,T,E,0.43,0.024,0.655,0.322,0.598888888889
sp_P29317_EPHA2_HUMAN,527,L,E,0.367,0.022,0.359,0.619,0.605111111111
sp_P29317_EPHA2_HUMAN,528,S,E,0.481,0.020,0.205,0.775,0.610666666667
sp_P29317_EPHA2_HUMAN,529,P,E,0.506,0.018,0.141,0.840,0.610333333333
sp_P29317_EPHA2_HUMAN,530,E,E,0.479,0.018,0.088,0.893,0.606111111111
sp_P29317_EPHA2_HUMAN,531,G,E,0.505,0.018,0.088,0.893,0.578222222222
sp_P29317_EPHA2_HUMAN,532,S,E,0.494,0.018,0.088,0.893,0.542
sp_P29317_EPHA2_HUMAN,533,G,B,0.268,0.021,0.279,0.699,0.495333333333
sp_P29317_EPHA2_HUMAN,534,N,B,0.217,0.021,0.452,0.528,0.442111111111
sp_P29317_EPHA2_HUMAN,535,L,B,0.079,0.024,0.655,0.322,0.394666666667
sp_P29317_EPHA2_HUMAN,536,A,B,0.064,0.085,0.775,0.140,0.363
sp_P29317_EPHA2_HUMAN,537,V,B,0.047,0.072,0.855,0.073,0.336555555556
sp_P29317_EPHA2_HUMAN,538,I,B,0.07,0.072,0.855,0.073,0.326222222222
sp_P29317_EPHA2_HUMAN,539,G,B,0.096,0.172,0.690,0.138,0.306222222222
sp_P29317_EPHA2_HUMAN,540,G,B,0.067,0.231,0.330,0.439,0.307
sp_P29317_EPHA2_HUMAN,541,V,B,0.09,0.321,0.252,0.427,0.301888888889
sp_P29317_EPHA2_HUMAN,542,A,B,0.147,0.307,0.165,0.527,0.303555555556
sp_P29317_EPHA2_HUMAN,543,V,B,0.091,0.321,0.252,0.427,0.307111111111
sp_P29317_EPHA2_HUMAN,544,G,B,0.122,0.231,0.330,0.439,0.292333333333
sp_P29317_EPHA2_HUMAN,545,V,B,0.037,0.169,0.612,0.219,0.282666666667
sp_P29317_EPHA2_HUMAN,546,V,B,0.035,0.085,0.775,0.140,0.261888888889
sp_P29317_EPHA2_HUMAN,547,L,B,0.046,0.072,0.855,0.073,0.247555555556
sp_P29317_EPHA2_HUMAN,548,L,B,0.017,0.056,0.913,0.030,0.234666666667
sp_P29317_EPHA2_HUMAN,549,L,B,0.037,0.072,0.855,0.073,0.222888888889
sp_P29317_EPHA2_HUMAN,550,V,B,0.021,0.072,0.855,0.073,0.229666666667
sp_P29317_EPHA2_HUMAN,551,L,B,0.03,0.085,0.775,0.140,0.252888888889
sp_P29317_EPHA2_HUMAN,552,A,B,0.048,0.172,0.690,0.138,0.270666666667
sp_P29317_EPHA2_HUMAN,553,G,B,0.066,0.159,0.516,0.325,0.308888888889
sp_P29317_EPHA2_HUMAN,554,V,B,0.067,0.159,0.516,0.325,0.340666666667
sp_P29317_EPHA2_HUMAN,555,G,B,0.145,0.074,0.484,0.442,0.375222222222
sp_P29317_EPHA2_HUMAN,556,F,B,0.161,0.087,0.683,0.230,0.406
sp_P29317_EPHA2_HUMAN,557,F,B,0.148,0.085,0.775,0.140,0.446222222222
sp_P29317_EPHA2_HUMAN,558,I,B,0.219,0.085,0.775,0.140,0.490111111111
sp_P29317_EPHA2_HUMAN,559,H,B,0.156,0.087,0.683,0.230,0.534222222222
sp_P29317_EPHA2_HUMAN,560,R,E,0.315,0.087,0.683,0.230,0.555222222222
sp_P29317_EPHA2_HUMAN,561,R,B,0.25,0.079,0.592,0.329,0.587333333333
sp_P29317_EPHA2_HUMAN,562,R,E,0.383,0.074,0.484,0.442,0.611666666667
sp_P29317_EPHA2_HUMAN,563,K,E,0.482,0.135,0.317,0.548,0.633111111111
sp_P29317_EPHA2_HUMAN,564,N,E,0.472,0.199,0.152,0.649,0.654666666667
sp_P29317_EPHA2_HUMAN,565,Q,E,0.524,0.191,0.086,0.723,0.661888888889
sp_P29317_EPHA2_HUMAN,566,R,E,0.572,0.268,0.043,0.689,0.662777777778
sp_P29317_EPHA2_HUMAN,567,A,E,0.408,0.268,0.043,0.689,0.647666666667
sp_P29317_EPHA2_HUMAN,568,R,E,0.472,0.339,0.016,0.645,0.628555555556
sp_P29317_EPHA2_HUMAN,569,Q,E,0.636,0.430,0.016,0.555,0.616444444444
sp_P29317_EPHA2_HUMAN,570,S,E,0.434,0.522,0.016,0.462,0.598777777778
sp_P29317_EPHA2_HUMAN,571,P,B,0.267,0.622,0.015,0.363,0.582666666667
sp_P29317_EPHA2_HUMAN,572,E,E,0.433,0.717,0.014,0.269,0.562111111111
sp_P29317_EPHA2_HUMAN,573,D,E,0.506,0.751,0.050,0.199,0.545444444444
sp_P29317_EPHA2_HUMAN,574,V,B,0.268,0.751,0.050,0.199,0.549111111111
sp_P29317_EPHA2_HUMAN,575,Y,B,0.21,0.751,0.050,0.199,0.553555555556
sp_P29317_EPHA2_HUMAN,576,F,E,0.415,0.701,0.107,0.192,0.565666666667
sp_P29317_EPHA2_HUMAN,577,S,E,0.485,0.561,0.047,0.393,0.577444444444
sp_P29317_EPHA2_HUMAN,578,K,E,0.354,0.353,0.048,0.598,0.573444444444
sp_P29317_EPHA2_HUMAN,579,S,E,0.524,0.181,0.017,0.803,0.59
sp_P29317_EPHA2_HUMAN,580,E,E,0.638,0.116,0.016,0.868,0.582555555556
sp_P29317_EPHA2_HUMAN,581,Q,E,0.547,0.053,0.043,0.903,0.581555555556
sp_P29317_EPHA2_HUMAN,582,L,B,0.146,0.018,0.019,0.964,0.596222222222
sp_P29317_EPHA2_HUMAN,583,K,E,0.343,0.018,0.047,0.935,0.587888888889
sp_P29317_EPHA2_HUMAN,584,P,E,0.508,0.018,0.088,0.893,0.589
sp_P29317_EPHA2_HUMAN,585,L,B,0.274,0.052,0.084,0.864,0.591777777778
sp_P29317_EPHA2_HUMAN,586,K,E,0.408,0.064,0.216,0.721,0.593777777778
sp_P29317_EPHA2_HUMAN,587,T,E,0.434,0.064,0.216,0.721,0.614222222222
sp_P29317_EPHA2_HUMAN,588,Y,E,0.364,0.056,0.142,0.802,0.613666666667
sp_P29317_EPHA2_HUMAN,589,V,E,0.419,0.056,0.142,0.802,0.625888888889
