Entry,Position,AminoAcid,Exposed/Buried,RelativeSurfaceAccessilibity,HelixProbability,SheetProbability,CoilProbability,EpitopeProbability
sp_Q9NZD1_GPC5D_HUMAN,1,M,E,0.757,0.003,0.003,0.994,0.269444444444
sp_Q9NZD1_GPC5D_HUMAN,2,Y,E,0.465,0.018,0.088,0.893,0.339
sp_Q9NZD1_GPC5D_HUMAN,3,K,E,0.551,0.018,0.088,0.893,0.407111111111
sp_Q9NZD1_GPC5D_HUMAN,4,D,E,0.564,0.018,0.088,0.893,0.458444444444
sp_Q9NZD1_GPC5D_HUMAN,5,C,B,0.135,0.020,0.205,0.775,0.516333333333
sp_Q9NZD1_GPC5D_HUMAN,6,I,E,0.39,0.022,0.359,0.619,0.537777777778
sp_Q9NZD1_GPC5D_HUMAN,7,E,E,0.69,0.020,0.205,0.775,0.552222222222
sp_Q9NZD1_GPC5D_HUMAN,8,S,B,0.157,0.018,0.047,0.935,0.541777777778
sp_Q9NZD1_GPC5D_HUMAN,9,T,E,0.489,0.018,0.019,0.964,0.548333333333
sp_Q9NZD1_GPC5D_HUMAN,10,G,E,0.475,0.053,0.043,0.903,0.558222222222
sp_Q9NZD1_GPC5D_HUMAN,11,D,E,0.61,0.056,0.142,0.802,0.541555555556
sp_Q9NZD1_GPC5D_HUMAN,12,Y,B,0.201,0.064,0.216,0.721,0.529333333333
sp_Q9NZD1_GPC5D_HUMAN,13,F,B,0.135,0.064,0.216,0.721,0.54
sp_Q9NZD1_GPC5D_HUMAN,14,L,E,0.42,0.064,0.216,0.721,0.538
sp_Q9NZD1_GPC5D_HUMAN,15,L,B,0.186,0.056,0.142,0.802,0.543444444444
sp_Q9NZD1_GPC5D_HUMAN,16,C,B,0.269,0.052,0.084,0.864,0.535666666667
sp_Q9NZD1_GPC5D_HUMAN,17,D,E,0.495,0.053,0.043,0.903,0.534444444444
sp_Q9NZD1_GPC5D_HUMAN,18,A,B,0.199,0.181,0.017,0.803,0.532222222222
sp_Q9NZD1_GPC5D_HUMAN,19,E,E,0.615,0.257,0.016,0.727,0.512333333333
sp_Q9NZD1_GPC5D_HUMAN,20,G,E,0.353,0.406,0.004,0.591,0.505888888889
sp_Q9NZD1_GPC5D_HUMAN,21,P,B,0.187,0.782,0.003,0.215,0.483444444444
sp_Q9NZD1_GPC5D_HUMAN,22,W,B,0.18,0.859,0.002,0.139,0.455222222222
sp_Q9NZD1_GPC5D_HUMAN,23,G,B,0.14,0.923,0.002,0.076,0.431777777778
sp_Q9NZD1_GPC5D_HUMAN,24,I,B,0.138,0.970,0.001,0.029,0.398222222222
sp_Q9NZD1_GPC5D_HUMAN,25,I,B,0.15,0.970,0.001,0.029,0.382888888889
sp_Q9NZD1_GPC5D_HUMAN,26,L,B,0.192,0.970,0.001,0.029,0.369
sp_Q9NZD1_GPC5D_HUMAN,27,E,B,0.18,0.970,0.001,0.029,0.352777777778
sp_Q9NZD1_GPC5D_HUMAN,28,S,B,0.239,0.970,0.001,0.029,0.338444444444
sp_Q9NZD1_GPC5D_HUMAN,29,L,E,0.239,0.988,0.000,0.012,0.320444444444
sp_Q9NZD1_GPC5D_HUMAN,30,A,B,0.209,0.988,0.000,0.012,0.317555555556
sp_Q9NZD1_GPC5D_HUMAN,31,I,B,0.187,0.988,0.000,0.012,0.309777777778
sp_Q9NZD1_GPC5D_HUMAN,32,L,B,0.266,0.988,0.000,0.012,0.297111111111
sp_Q9NZD1_GPC5D_HUMAN,33,G,B,0.256,0.970,0.001,0.029,0.282666666667
sp_Q9NZD1_GPC5D_HUMAN,34,I,B,0.208,0.988,0.000,0.012,0.260222222222
sp_Q9NZD1_GPC5D_HUMAN,35,V,B,0.208,0.988,0.000,0.012,0.242555555556
sp_Q9NZD1_GPC5D_HUMAN,36,V,B,0.219,0.988,0.000,0.012,0.219666666667
sp_Q9NZD1_GPC5D_HUMAN,37,T,B,0.204,0.988,0.000,0.012,0.205
sp_Q9NZD1_GPC5D_HUMAN,38,I,E,0.239,0.988,0.000,0.012,0.191444444444
sp_Q9NZD1_GPC5D_HUMAN,39,L,B,0.216,0.988,0.000,0.012,0.180111111111
sp_Q9NZD1_GPC5D_HUMAN,40,L,B,0.207,0.988,0.000,0.012,0.175444444444
sp_Q9NZD1_GPC5D_HUMAN,41,L,B,0.181,0.988,0.000,0.012,0.191333333333
sp_Q9NZD1_GPC5D_HUMAN,42,L,B,0.205,0.988,0.000,0.012,0.209777777778
sp_Q9NZD1_GPC5D_HUMAN,43,A,B,0.169,0.988,0.000,0.012,0.230444444444
sp_Q9NZD1_GPC5D_HUMAN,44,F,B,0.166,0.970,0.001,0.029,0.245777777778
sp_Q9NZD1_GPC5D_HUMAN,45,L,B,0.134,0.970,0.001,0.029,0.285777777778
sp_Q9NZD1_GPC5D_HUMAN,46,F,B,0.159,0.975,0.003,0.022,0.333111111111
sp_Q9NZD1_GPC5D_HUMAN,47,L,B,0.255,0.938,0.007,0.055,0.384
sp_Q9NZD1_GPC5D_HUMAN,48,M,B,0.254,0.802,0.014,0.185,0.438111111111
sp_Q9NZD1_GPC5D_HUMAN,49,R,E,0.294,0.522,0.016,0.462,0.480555555556
sp_Q9NZD1_GPC5D_HUMAN,50,K,E,0.458,0.181,0.017,0.803,0.501333333333
sp_Q9NZD1_GPC5D_HUMAN,51,I,E,0.664,0.058,0.017,0.925,0.511666666667
sp_Q9NZD1_GPC5D_HUMAN,52,Q,E,0.348,0.053,0.043,0.903,0.538
sp_Q9NZD1_GPC5D_HUMAN,53,D,E,0.474,0.113,0.087,0.800,0.562
sp_Q9NZD1_GPC5D_HUMAN,54,C,B,0.212,0.216,0.235,0.548,0.569666666667
sp_Q9NZD1_GPC5D_HUMAN,55,S,B,0.15,0.216,0.235,0.548,0.572666666667
sp_Q9NZD1_GPC5D_HUMAN,56,Q,E,0.29,0.216,0.235,0.548,0.566666666667
sp_Q9NZD1_GPC5D_HUMAN,57,W,B,0.274,0.118,0.150,0.732,0.549777777778
sp_Q9NZD1_GPC5D_HUMAN,58,N,B,0.18,0.113,0.043,0.844,0.528333333333
sp_Q9NZD1_GPC5D_HUMAN,59,V,B,0.298,0.116,0.016,0.868,0.510333333333
sp_Q9NZD1_GPC5D_HUMAN,60,L,B,0.273,0.694,0.003,0.303,0.492333333333
sp_Q9NZD1_GPC5D_HUMAN,61,P,B,0.279,0.859,0.002,0.139,0.464111111111
sp_Q9NZD1_GPC5D_HUMAN,62,T,B,0.122,0.859,0.002,0.139,0.431111111111
sp_Q9NZD1_GPC5D_HUMAN,63,Q,B,0.077,0.923,0.002,0.076,0.378666666667
sp_Q9NZD1_GPC5D_HUMAN,64,L,B,0.152,0.970,0.001,0.029,0.332
sp_Q9NZD1_GPC5D_HUMAN,65,L,B,0.149,0.970,0.001,0.029,0.291
sp_Q9NZD1_GPC5D_HUMAN,66,F,B,0.114,0.970,0.001,0.029,0.257888888889
sp_Q9NZD1_GPC5D_HUMAN,67,L,B,0.08,0.970,0.001,0.029,0.243111111111
sp_Q9NZD1_GPC5D_HUMAN,68,L,B,0.195,0.970,0.001,0.029,0.240777777778
sp_Q9NZD1_GPC5D_HUMAN,69,S,B,0.132,0.970,0.001,0.029,0.223
sp_Q9NZD1_GPC5D_HUMAN,70,V,B,0.109,0.970,0.001,0.029,0.215777777778
sp_Q9NZD1_GPC5D_HUMAN,71,L,B,0.178,0.970,0.001,0.029,0.212333333333
sp_Q9NZD1_GPC5D_HUMAN,72,G,B,0.165,0.970,0.001,0.029,0.220333333333
sp_Q9NZD1_GPC5D_HUMAN,73,L,B,0.066,0.970,0.001,0.029,0.219777777778
sp_Q9NZD1_GPC5D_HUMAN,74,F,B,0.12,0.923,0.002,0.076,0.228666666667
sp_Q9NZD1_GPC5D_HUMAN,75,G,B,0.117,0.923,0.002,0.076,0.232
sp_Q9NZD1_GPC5D_HUMAN,76,L,B,0.078,0.923,0.002,0.076,0.240444444444
sp_Q9NZD1_GPC5D_HUMAN,77,A,B,0.048,0.859,0.002,0.139,0.240555555556
sp_Q9NZD1_GPC5D_HUMAN,78,F,B,0.075,0.878,0.010,0.111,0.279888888889
sp_Q9NZD1_GPC5D_HUMAN,79,A,B,0.092,0.717,0.014,0.269,0.313
sp_Q9NZD1_GPC5D_HUMAN,80,F,B,0.079,0.561,0.047,0.393,0.352444444444
sp_Q9NZD1_GPC5D_HUMAN,81,I,B,0.061,0.268,0.043,0.689,0.407777777778
sp_Q9NZD1_GPC5D_HUMAN,82,I,B,0.144,0.113,0.043,0.844,0.455222222222
sp_Q9NZD1_GPC5D_HUMAN,83,E,E,0.34,0.058,0.017,0.925,0.493333333333
sp_Q9NZD1_GPC5D_HUMAN,84,L,E,0.35,0.016,0.005,0.979,0.527666666667
sp_Q9NZD1_GPC5D_HUMAN,85,N,E,0.421,0.016,0.005,0.979,0.534444444444
sp_Q9NZD1_GPC5D_HUMAN,86,Q,E,0.494,0.257,0.016,0.727,0.542777777778
sp_Q9NZD1_GPC5D_HUMAN,87,Q,B,0.257,0.353,0.048,0.598,0.516888888889
sp_Q9NZD1_GPC5D_HUMAN,88,T,B,0.157,0.428,0.171,0.402,0.496333333333
sp_Q9NZD1_GPC5D_HUMAN,89,A,B,0.035,0.487,0.370,0.143,0.470555555556
sp_Q9NZD1_GPC5D_HUMAN,90,P,B,0.155,0.594,0.285,0.121,0.426777777778
sp_Q9NZD1_GPC5D_HUMAN,91,V,B,0.045,0.746,0.197,0.057,0.382555555556
sp_Q9NZD1_GPC5D_HUMAN,92,R,B,0.097,0.831,0.044,0.125,0.340444444444
sp_Q9NZD1_GPC5D_HUMAN,93,Y,B,0.167,0.938,0.007,0.055,0.300777777778
sp_Q9NZD1_GPC5D_HUMAN,94,F,B,0.141,0.923,0.002,0.076,0.281
sp_Q9NZD1_GPC5D_HUMAN,95,L,B,0.106,0.970,0.001,0.029,0.256666666667
sp_Q9NZD1_GPC5D_HUMAN,96,F,B,0.164,0.923,0.002,0.076,0.256111111111
sp_Q9NZD1_GPC5D_HUMAN,97,G,B,0.167,0.923,0.002,0.076,0.227888888889
sp_Q9NZD1_GPC5D_HUMAN,98,V,B,0.136,0.970,0.001,0.029,0.212111111111
sp_Q9NZD1_GPC5D_HUMAN,99,L,B,0.15,0.970,0.001,0.029,0.198333333333
sp_Q9NZD1_GPC5D_HUMAN,100,F,B,0.186,0.970,0.001,0.029,0.201666666667
sp_Q9NZD1_GPC5D_HUMAN,101,A,B,0.085,0.970,0.001,0.029,0.195555555556
sp_Q9NZD1_GPC5D_HUMAN,102,L,B,0.121,0.970,0.001,0.029,0.191
sp_Q9NZD1_GPC5D_HUMAN,103,C,B,0.078,0.970,0.001,0.029,0.182
sp_Q9NZD1_GPC5D_HUMAN,104,F,B,0.099,0.970,0.001,0.029,0.179222222222
sp_Q9NZD1_GPC5D_HUMAN,105,S,B,0.07,0.970,0.001,0.029,0.163333333333
sp_Q9NZD1_GPC5D_HUMAN,106,C,B,0.082,0.988,0.000,0.012,0.178222222222
sp_Q9NZD1_GPC5D_HUMAN,107,L,B,0.053,0.988,0.000,0.012,0.172111111111
sp_Q9NZD1_GPC5D_HUMAN,108,L,B,0.081,0.988,0.000,0.012,0.184888888889
sp_Q9NZD1_GPC5D_HUMAN,109,A,B,0.084,0.970,0.001,0.029,0.205
sp_Q9NZD1_GPC5D_HUMAN,110,H,B,0.149,0.970,0.001,0.029,0.213222222222
sp_Q9NZD1_GPC5D_HUMAN,111,A,B,0.043,0.975,0.003,0.022,0.232777777778
sp_Q9NZD1_GPC5D_HUMAN,112,S,B,0.134,0.938,0.007,0.055,0.271666666667
sp_Q9NZD1_GPC5D_HUMAN,113,N,B,0.193,0.950,0.028,0.022,0.287333333333
sp_Q9NZD1_GPC5D_HUMAN,114,L,B,0.036,0.870,0.077,0.053,0.320222222222
sp_Q9NZD1_GPC5D_HUMAN,115,V,B,0.087,0.870,0.077,0.053,0.363222222222
sp_Q9NZD1_GPC5D_HUMAN,116,K,B,0.229,0.807,0.137,0.056,0.412
sp_Q9NZD1_GPC5D_HUMAN,117,L,B,0.089,0.807,0.137,0.056,0.449111111111
sp_Q9NZD1_GPC5D_HUMAN,118,V,B,0.147,0.606,0.105,0.289,0.478222222222
sp_Q9NZD1_GPC5D_HUMAN,119,R,E,0.547,0.278,0.093,0.628,0.514444444444
sp_Q9NZD1_GPC5D_HUMAN,120,G,E,0.426,0.053,0.043,0.903,0.548888888889
sp_Q9NZD1_GPC5D_HUMAN,121,C,E,0.578,0.053,0.043,0.903,0.564222222222
sp_Q9NZD1_GPC5D_HUMAN,122,V,E,0.394,0.018,0.047,0.935,0.598888888889
sp_Q9NZD1_GPC5D_HUMAN,123,S,E,0.312,0.018,0.047,0.935,0.614222222222
sp_Q9NZD1_GPC5D_HUMAN,124,F,E,0.45,0.018,0.019,0.964,0.601888888889
sp_Q9NZD1_GPC5D_HUMAN,125,S,E,0.465,0.053,0.004,0.942,0.586444444444
sp_Q9NZD1_GPC5D_HUMAN,126,W,E,0.369,0.321,0.003,0.675,0.555222222222
sp_Q9NZD1_GPC5D_HUMAN,127,T,E,0.358,0.522,0.016,0.462,0.511444444444
sp_Q9NZD1_GPC5D_HUMAN,128,T,E,0.309,0.660,0.049,0.291,0.481555555556
sp_Q9NZD1_GPC5D_HUMAN,129,I,B,0.141,0.751,0.050,0.199,0.434333333333
sp_Q9NZD1_GPC5D_HUMAN,130,L,B,0.249,0.831,0.044,0.125,0.395777777778
sp_Q9NZD1_GPC5D_HUMAN,131,C,B,0.238,0.911,0.033,0.057,0.361555555556
sp_Q9NZD1_GPC5D_HUMAN,132,I,B,0.185,0.950,0.028,0.022,0.331888888889
sp_Q9NZD1_GPC5D_HUMAN,133,A,B,0.159,0.938,0.007,0.055,0.316555555556
sp_Q9NZD1_GPC5D_HUMAN,134,I,B,0.226,0.975,0.003,0.022,0.305
sp_Q9NZD1_GPC5D_HUMAN,135,G,B,0.218,0.975,0.003,0.022,0.314666666667
sp_Q9NZD1_GPC5D_HUMAN,136,C,E,0.229,0.923,0.002,0.076,0.333444444444
sp_Q9NZD1_GPC5D_HUMAN,137,S,B,0.283,0.923,0.002,0.076,0.345777777778
sp_Q9NZD1_GPC5D_HUMAN,138,L,B,0.256,0.923,0.002,0.076,0.357666666667
sp_Q9NZD1_GPC5D_HUMAN,139,L,B,0.262,0.923,0.002,0.076,0.366222222222
sp_Q9NZD1_GPC5D_HUMAN,140,Q,E,0.345,0.923,0.002,0.076,0.355444444444
sp_Q9NZD1_GPC5D_HUMAN,141,I,B,0.222,0.938,0.007,0.055,0.353777777778
sp_Q9NZD1_GPC5D_HUMAN,142,I,B,0.156,0.950,0.028,0.022,0.353555555556
sp_Q9NZD1_GPC5D_HUMAN,143,I,B,0.173,0.911,0.033,0.057,0.356777777778
sp_Q9NZD1_GPC5D_HUMAN,144,A,B,0.099,0.870,0.077,0.053,0.340777777778
sp_Q9NZD1_GPC5D_HUMAN,145,T,B,0.131,0.779,0.101,0.120,0.332888888889
sp_Q9NZD1_GPC5D_HUMAN,146,E,B,0.137,0.662,0.225,0.114,0.326
sp_Q9NZD1_GPC5D_HUMAN,147,Y,B,0.103,0.594,0.285,0.121,0.342666666667
sp_Q9NZD1_GPC5D_HUMAN,148,V,B,0.048,0.487,0.370,0.143,0.351555555556
sp_Q9NZD1_GPC5D_HUMAN,149,T,B,0.135,0.373,0.401,0.226,0.379
sp_Q9NZD1_GPC5D_HUMAN,150,L,B,0.06,0.216,0.235,0.548,0.416444444444
sp_Q9NZD1_GPC5D_HUMAN,151,I,B,0.172,0.118,0.150,0.732,0.437333333333
sp_Q9NZD1_GPC5D_HUMAN,152,M,B,0.136,0.052,0.084,0.864,0.468666666667
sp_Q9NZD1_GPC5D_HUMAN,153,T,B,0.274,0.018,0.019,0.964,0.509444444444
sp_Q9NZD1_GPC5D_HUMAN,154,R,E,0.401,0.053,0.043,0.903,0.538111111111
sp_Q9NZD1_GPC5D_HUMAN,155,G,B,0.305,0.053,0.043,0.903,0.560333333333
sp_Q9NZD1_GPC5D_HUMAN,156,M,E,0.389,0.053,0.043,0.903,0.569888888889
sp_Q9NZD1_GPC5D_HUMAN,157,M,E,0.485,0.053,0.043,0.903,0.580888888889
sp_Q9NZD1_GPC5D_HUMAN,158,F,E,0.452,0.052,0.084,0.864,0.584111111111
sp_Q9NZD1_GPC5D_HUMAN,159,V,E,0.397,0.021,0.279,0.699,0.581555555556
sp_Q9NZD1_GPC5D_HUMAN,160,N,E,0.288,0.021,0.452,0.528,0.577222222222
sp_Q9NZD1_GPC5D_HUMAN,161,M,B,0.221,0.022,0.552,0.426,0.569333333333
sp_Q9NZD1_GPC5D_HUMAN,162,T,B,0.135,0.021,0.452,0.528,0.556
sp_Q9NZD1_GPC5D_HUMAN,163,P,E,0.368,0.066,0.296,0.638,0.541888888889
sp_Q9NZD1_GPC5D_HUMAN,164,C,B,0.215,0.113,0.087,0.800,0.534888888889
sp_Q9NZD1_GPC5D_HUMAN,165,Q,E,0.455,0.268,0.043,0.689,0.526777777778
sp_Q9NZD1_GPC5D_HUMAN,166,L,B,0.129,0.353,0.048,0.598,0.497
sp_Q9NZD1_GPC5D_HUMAN,167,N,B,0.191,0.561,0.047,0.393,0.469555555556
sp_Q9NZD1_GPC5D_HUMAN,168,V,B,0.141,0.751,0.050,0.199,0.428333333333
sp_Q9NZD1_GPC5D_HUMAN,169,D,B,0.22,0.831,0.044,0.125,0.391333333333
sp_Q9NZD1_GPC5D_HUMAN,170,F,B,0.072,0.831,0.044,0.125,0.345111111111
sp_Q9NZD1_GPC5D_HUMAN,171,V,B,0.106,0.911,0.033,0.057,0.305555555556
sp_Q9NZD1_GPC5D_HUMAN,172,V,B,0.097,0.938,0.007,0.055,0.270333333333
sp_Q9NZD1_GPC5D_HUMAN,173,L,B,0.115,0.975,0.003,0.022,0.237444444444
sp_Q9NZD1_GPC5D_HUMAN,174,L,B,0.155,0.970,0.001,0.029,0.208888888889
sp_Q9NZD1_GPC5D_HUMAN,175,V,B,0.216,0.970,0.001,0.029,0.204777777778
sp_Q9NZD1_GPC5D_HUMAN,176,Y,B,0.182,0.970,0.001,0.029,0.200888888889
sp_Q9NZD1_GPC5D_HUMAN,177,V,B,0.211,0.970,0.001,0.029,0.193444444444
sp_Q9NZD1_GPC5D_HUMAN,178,L,B,0.227,0.988,0.000,0.012,0.189
sp_Q9NZD1_GPC5D_HUMAN,179,F,B,0.195,0.988,0.000,0.012,0.192111111111
sp_Q9NZD1_GPC5D_HUMAN,180,L,B,0.145,0.988,0.000,0.012,0.203222222222
sp_Q9NZD1_GPC5D_HUMAN,181,M,B,0.145,0.988,0.000,0.012,0.218666666667
sp_Q9NZD1_GPC5D_HUMAN,182,A,B,0.233,0.988,0.000,0.012,0.235777777778
sp_Q9NZD1_GPC5D_HUMAN,183,L,B,0.235,0.988,0.000,0.012,0.238888888889
sp_Q9NZD1_GPC5D_HUMAN,184,T,B,0.119,0.988,0.000,0.012,0.242555555556
sp_Q9NZD1_GPC5D_HUMAN,185,F,B,0.14,0.970,0.001,0.029,0.265888888889
sp_Q9NZD1_GPC5D_HUMAN,186,F,B,0.223,0.970,0.001,0.029,0.293111111111
sp_Q9NZD1_GPC5D_HUMAN,187,V,B,0.197,0.970,0.001,0.029,0.325555555556
sp_Q9NZD1_GPC5D_HUMAN,188,S,B,0.059,0.923,0.002,0.076,0.352444444444
sp_Q9NZD1_GPC5D_HUMAN,189,K,B,0.143,0.938,0.007,0.055,0.377
sp_Q9NZD1_GPC5D_HUMAN,190,A,E,0.281,0.878,0.010,0.111,0.394666666667
sp_Q9NZD1_GPC5D_HUMAN,191,T,B,0.191,0.802,0.014,0.185,0.415
sp_Q9NZD1_GPC5D_HUMAN,192,F,B,0.252,0.522,0.016,0.462,0.441777777778
sp_Q9NZD1_GPC5D_HUMAN,193,C,E,0.495,0.184,0.043,0.773,0.474888888889
sp_Q9NZD1_GPC5D_HUMAN,194,G,E,0.285,0.058,0.017,0.925,0.488
sp_Q9NZD1_GPC5D_HUMAN,195,P,E,0.611,0.018,0.019,0.964,0.499222222222
sp_Q9NZD1_GPC5D_HUMAN,196,C,E,0.277,0.016,0.005,0.979,0.507777777778
sp_Q9NZD1_GPC5D_HUMAN,197,E,E,0.627,0.016,0.005,0.979,0.518777777778
sp_Q9NZD1_GPC5D_HUMAN,198,N,E,0.651,0.053,0.004,0.942,0.512888888889
sp_Q9NZD1_GPC5D_HUMAN,199,W,B,0.199,0.116,0.016,0.868,0.500555555556
sp_Q9NZD1_GPC5D_HUMAN,200,K,B,0.182,0.113,0.043,0.844,0.487777777778
sp_Q9NZD1_GPC5D_HUMAN,201,Q,B,0.211,0.191,0.086,0.723,0.468777777778
sp_Q9NZD1_GPC5D_HUMAN,202,H,B,0.095,0.268,0.043,0.689,0.435111111111
sp_Q9NZD1_GPC5D_HUMAN,203,G,B,0.031,0.455,0.046,0.498,0.401111111111
sp_Q9NZD1_GPC5D_HUMAN,204,R,B,0.143,0.701,0.107,0.192,0.366777777778
sp_Q9NZD1_GPC5D_HUMAN,205,L,B,0.069,0.725,0.163,0.112,0.327333333333
sp_Q9NZD1_GPC5D_HUMAN,206,I,B,0.044,0.807,0.137,0.056,0.287888888889
sp_Q9NZD1_GPC5D_HUMAN,207,F,B,0.101,0.917,0.063,0.019,0.258888888889
sp_Q9NZD1_GPC5D_HUMAN,208,I,B,0.154,0.911,0.033,0.057,0.242333333333
sp_Q9NZD1_GPC5D_HUMAN,209,T,B,0.143,0.938,0.007,0.055,0.223111111111
sp_Q9NZD1_GPC5D_HUMAN,210,V,B,0.127,0.938,0.007,0.055,0.211444444444
sp_Q9NZD1_GPC5D_HUMAN,211,L,B,0.174,0.975,0.003,0.022,0.212
sp_Q9NZD1_GPC5D_HUMAN,212,F,B,0.184,0.975,0.003,0.022,0.221888888889
sp_Q9NZD1_GPC5D_HUMAN,213,S,B,0.165,0.975,0.003,0.022,0.225888888889
sp_Q9NZD1_GPC5D_HUMAN,214,I,B,0.178,0.975,0.003,0.022,0.229444444444
sp_Q9NZD1_GPC5D_HUMAN,215,I,B,0.184,0.975,0.003,0.022,0.237888888889
sp_Q9NZD1_GPC5D_HUMAN,216,I,B,0.191,0.975,0.003,0.022,0.254111111111
sp_Q9NZD1_GPC5D_HUMAN,217,W,B,0.148,0.975,0.003,0.022,0.255
sp_Q9NZD1_GPC5D_HUMAN,218,V,B,0.172,0.938,0.007,0.055,0.262777777778
sp_Q9NZD1_GPC5D_HUMAN,219,V,B,0.157,0.878,0.010,0.111,0.262111111111
sp_Q9NZD1_GPC5D_HUMAN,220,W,B,0.127,0.878,0.010,0.111,0.269222222222
sp_Q9NZD1_GPC5D_HUMAN,221,I,B,0.076,0.802,0.014,0.185,0.268444444444
sp_Q9NZD1_GPC5D_HUMAN,222,S,B,0.112,0.751,0.050,0.199,0.291666666667
sp_Q9NZD1_GPC5D_HUMAN,223,M,B,0.049,0.606,0.105,0.289,0.322111111111
sp_Q9NZD1_GPC5D_HUMAN,224,L,B,0.102,0.373,0.401,0.226,0.360777777778
sp_Q9NZD1_GPC5D_HUMAN,225,L,B,0.084,0.148,0.418,0.435,0.391888888889
sp_Q9NZD1_GPC5D_HUMAN,226,R,B,0.129,0.066,0.296,0.638,0.446333333333
sp_Q9NZD1_GPC5D_HUMAN,227,G,B,0.235,0.056,0.142,0.802,0.481777777778
sp_Q9NZD1_GPC5D_HUMAN,228,N,E,0.498,0.053,0.043,0.903,0.540111111111
sp_Q9NZD1_GPC5D_HUMAN,229,P,E,0.49,0.113,0.043,0.844,0.581888888889
sp_Q9NZD1_GPC5D_HUMAN,230,Q,E,0.464,0.199,0.152,0.649,0.618444444444
sp_Q9NZD1_GPC5D_HUMAN,231,F,B,0.219,0.199,0.152,0.649,0.641
sp_Q9NZD1_GPC5D_HUMAN,232,Q,E,0.438,0.199,0.152,0.649,0.659888888889
sp_Q9NZD1_GPC5D_HUMAN,233,R,E,0.437,0.278,0.093,0.628,0.655888888889
sp_Q9NZD1_GPC5D_HUMAN,234,Q,E,0.355,0.278,0.093,0.628,0.652888888889
sp_Q9NZD1_GPC5D_HUMAN,235,P,E,0.355,0.268,0.043,0.689,0.633111111111
sp_Q9NZD1_GPC5D_HUMAN,236,Q,E,0.381,0.455,0.046,0.498,0.614111111111
sp_Q9NZD1_GPC5D_HUMAN,237,W,B,0.128,0.717,0.014,0.269,0.570666666667
sp_Q9NZD1_GPC5D_HUMAN,238,D,E,0.371,0.859,0.002,0.139,0.526111111111
sp_Q9NZD1_GPC5D_HUMAN,239,D,B,0.257,0.923,0.002,0.076,0.475
sp_Q9NZD1_GPC5D_HUMAN,240,P,B,0.061,0.970,0.001,0.029,0.422777777778
sp_Q9NZD1_GPC5D_HUMAN,241,V,B,0.087,0.970,0.001,0.029,0.362888888889
sp_Q9NZD1_GPC5D_HUMAN,242,V,B,0.101,0.970,0.001,0.029,0.323555555556
sp_Q9NZD1_GPC5D_HUMAN,243,C,B,0.066,0.970,0.001,0.029,0.288111111111
sp_Q9NZD1_GPC5D_HUMAN,244,I,B,0.101,0.988,0.000,0.012,0.256888888889
sp_Q9NZD1_GPC5D_HUMAN,245,A,B,0.099,0.988,0.000,0.012,0.246555555556
sp_Q9NZD1_GPC5D_HUMAN,246,L,B,0.121,0.988,0.000,0.012,0.245
sp_Q9NZD1_GPC5D_HUMAN,247,V,B,0.135,0.988,0.000,0.012,0.260333333333
sp_Q9NZD1_GPC5D_HUMAN,248,T,B,0.21,0.988,0.000,0.012,0.279888888889
sp_Q9NZD1_GPC5D_HUMAN,249,N,B,0.173,0.970,0.001,0.029,0.299111111111
sp_Q9NZD1_GPC5D_HUMAN,250,A,B,0.259,0.970,0.001,0.029,0.305333333333
sp_Q9NZD1_GPC5D_HUMAN,251,W,B,0.264,0.970,0.001,0.029,0.299444444444
sp_Q9NZD1_GPC5D_HUMAN,252,V,B,0.194,0.970,0.001,0.029,0.290444444444
sp_Q9NZD1_GPC5D_HUMAN,253,F,B,0.147,0.970,0.001,0.029,0.289666666667
sp_Q9NZD1_GPC5D_HUMAN,254,L,B,0.14,0.970,0.001,0.029,0.277555555556
sp_Q9NZD1_GPC5D_HUMAN,255,L,B,0.191,0.970,0.001,0.029,0.272777777778
sp_Q9NZD1_GPC5D_HUMAN,256,L,B,0.132,0.975,0.003,0.022,0.262777777778
sp_Q9NZD1_GPC5D_HUMAN,257,Y,B,0.118,0.938,0.007,0.055,0.266111111111
sp_Q9NZD1_GPC5D_HUMAN,258,I,B,0.107,0.878,0.010,0.111,0.258
sp_Q9NZD1_GPC5D_HUMAN,259,V,B,0.116,0.717,0.014,0.269,0.267333333333
sp_Q9NZD1_GPC5D_HUMAN,260,P,B,0.09,0.522,0.016,0.462,0.282555555556
sp_Q9NZD1_GPC5D_HUMAN,261,E,B,0.161,0.455,0.046,0.498,0.291555555556
sp_Q9NZD1_GPC5D_HUMAN,262,L,B,0.025,0.252,0.423,0.325,0.304444444444
sp_Q9NZD1_GPC5D_HUMAN,263,C,B,0.062,0.157,0.773,0.069,0.329555555556
sp_Q9NZD1_GPC5D_HUMAN,264,I,B,0.025,0.056,0.913,0.030,0.350111111111
sp_Q9NZD1_GPC5D_HUMAN,265,L,B,0.017,0.056,0.913,0.030,0.367333333333
sp_Q9NZD1_GPC5D_HUMAN,266,Y,B,0.065,0.018,0.846,0.136,0.390444444444
sp_Q9NZD1_GPC5D_HUMAN,267,R,B,0.125,0.022,0.552,0.426,0.431666666667
sp_Q9NZD1_GPC5D_HUMAN,268,S,E,0.38,0.004,0.263,0.733,0.459888888889
sp_Q9NZD1_GPC5D_HUMAN,269,C,B,0.149,0.005,0.045,0.951,0.489555555556
sp_Q9NZD1_GPC5D_HUMAN,270,R,E,0.689,0.005,0.045,0.951,0.537777777778
sp_Q9NZD1_GPC5D_HUMAN,271,Q,E,0.541,0.018,0.019,0.964,0.568555555556
sp_Q9NZD1_GPC5D_HUMAN,272,E,E,0.418,0.058,0.017,0.925,0.589222222222
sp_Q9NZD1_GPC5D_HUMAN,273,C,B,0.253,0.116,0.016,0.868,0.596444444444
sp_Q9NZD1_GPC5D_HUMAN,274,P,E,0.575,0.184,0.043,0.773,0.615222222222
sp_Q9NZD1_GPC5D_HUMAN,275,L,E,0.614,0.268,0.043,0.689,0.616888888889
sp_Q9NZD1_GPC5D_HUMAN,276,Q,E,0.347,0.278,0.093,0.628,0.607666666667
sp_Q9NZD1_GPC5D_HUMAN,277,G,E,0.35,0.113,0.087,0.800,0.609555555556
sp_Q9NZD1_GPC5D_HUMAN,278,N,E,0.46,0.118,0.150,0.732,0.596
sp_Q9NZD1_GPC5D_HUMAN,279,A,E,0.474,0.056,0.142,0.802,0.584111111111
sp_Q9NZD1_GPC5D_HUMAN,280,C,B,0.267,0.052,0.084,0.864,0.570444444444
sp_Q9NZD1_GPC5D_HUMAN,281,P,E,0.588,0.052,0.084,0.864,0.565333333333
sp_Q9NZD1_GPC5D_HUMAN,282,V,E,0.293,0.113,0.087,0.800,0.586666666667
sp_Q9NZD1_GPC5D_HUMAN,283,T,E,0.488,0.118,0.150,0.732,0.583777777778
sp_Q9NZD1_GPC5D_HUMAN,284,A,E,0.384,0.199,0.152,0.649,0.584555555556
sp_Q9NZD1_GPC5D_HUMAN,285,Y,E,0.508,0.118,0.150,0.732,0.603666666667
sp_Q9NZD1_GPC5D_HUMAN,286,Q,E,0.506,0.125,0.227,0.648,0.621111111111
sp_Q9NZD1_GPC5D_HUMAN,287,H,E,0.536,0.125,0.227,0.648,0.636333333333
sp_Q9NZD1_GPC5D_HUMAN,288,S,E,0.364,0.135,0.317,0.548,0.645777777778
sp_Q9NZD1_GPC5D_HUMAN,289,F,E,0.385,0.066,0.296,0.638,0.651333333333
sp_Q9NZD1_GPC5D_HUMAN,290,Q,E,0.423,0.066,0.296,0.638,0.648
sp_Q9NZD1_GPC5D_HUMAN,291,V,B,0.269,0.135,0.317,0.548,0.631333333333
sp_Q9NZD1_GPC5D_HUMAN,292,E,E,0.472,0.135,0.317,0.548,0.616666666667
sp_Q9NZD1_GPC5D_HUMAN,293,N,E,0.49,0.231,0.330,0.439,0.619666666667
sp_Q9NZD1_GPC5D_HUMAN,294,Q,E,0.434,0.252,0.423,0.325,0.604666666667
sp_Q9NZD1_GPC5D_HUMAN,295,E,B,0.256,0.268,0.505,0.227,0.595444444444
sp_Q9NZD1_GPC5D_HUMAN,296,L,B,0.263,0.268,0.505,0.227,0.610555555556
sp_Q9NZD1_GPC5D_HUMAN,297,S,E,0.308,0.252,0.423,0.325,0.606888888889
sp_Q9NZD1_GPC5D_HUMAN,298,R,E,0.357,0.199,0.152,0.649,0.621444444444
sp_Q9NZD1_GPC5D_HUMAN,299,A,E,0.455,0.199,0.152,0.649,0.639777777778
sp_Q9NZD1_GPC5D_HUMAN,300,R,E,0.548,0.113,0.087,0.800,0.652111111111
sp_Q9NZD1_GPC5D_HUMAN,301,D,E,0.442,0.113,0.087,0.800,0.667
sp_Q9NZD1_GPC5D_HUMAN,302,S,E,0.42,0.053,0.043,0.903,0.665888888889
sp_Q9NZD1_GPC5D_HUMAN,303,D,E,0.617,0.053,0.043,0.903,0.672888888889
sp_Q9NZD1_GPC5D_HUMAN,304,G,E,0.419,0.053,0.043,0.903,0.677
sp_Q9NZD1_GPC5D_HUMAN,305,A,E,0.571,0.053,0.043,0.903,0.668222222222
sp_Q9NZD1_GPC5D_HUMAN,306,E,E,0.567,0.053,0.043,0.903,0.673
sp_Q9NZD1_GPC5D_HUMAN,307,E,E,0.523,0.052,0.084,0.864,0.666111111111
sp_Q9NZD1_GPC5D_HUMAN,308,D,E,0.606,0.018,0.141,0.840,0.661111111111
sp_Q9NZD1_GPC5D_HUMAN,309,V,E,0.414,0.020,0.205,0.775,0.647555555556
sp_Q9NZD1_GPC5D_HUMAN,310,A,E,0.407,0.020,0.205,0.775,0.650222222222
sp_Q9NZD1_GPC5D_HUMAN,311,L,E,0.314,0.020,0.205,0.775,0.658555555556
sp_Q9NZD1_GPC5D_HUMAN,312,T,E,0.431,0.018,0.141,0.840,0.648444444444
sp_Q9NZD1_GPC5D_HUMAN,313,S,E,0.451,0.018,0.088,0.893,0.645
sp_Q9NZD1_GPC5D_HUMAN,314,Y,E,0.496,0.018,0.047,0.935,0.645888888889
sp_Q9NZD1_GPC5D_HUMAN,315,G,E,0.481,0.018,0.047,0.935,0.637444444444
sp_Q9NZD1_GPC5D_HUMAN,316,T,B,0.244,0.018,0.088,0.893,0.622888888889
sp_Q9NZD1_GPC5D_HUMAN,317,P,E,0.539,0.064,0.216,0.721,0.610111111111
sp_Q9NZD1_GPC5D_HUMAN,318,I,E,0.342,0.021,0.279,0.699,0.604444444444
sp_Q9NZD1_GPC5D_HUMAN,319,Q,E,0.428,0.022,0.359,0.619,0.590444444444
sp_Q9NZD1_GPC5D_HUMAN,320,P,E,0.358,0.021,0.452,0.528,0.584444444444
sp_Q9NZD1_GPC5D_HUMAN,321,Q,E,0.366,0.021,0.756,0.223,0.591222222222
sp_Q9NZD1_GPC5D_HUMAN,322,T,E,0.584,0.024,0.655,0.322,0.579222222222
sp_Q9NZD1_GPC5D_HUMAN,323,V,E,0.266,0.022,0.552,0.426,0.572222222222
sp_Q9NZD1_GPC5D_HUMAN,324,D,E,0.457,0.022,0.359,0.619,0.565777777778
sp_Q9NZD1_GPC5D_HUMAN,325,P,E,0.28,0.018,0.141,0.840,0.569111111111
sp_Q9NZD1_GPC5D_HUMAN,326,T,E,0.52,0.052,0.084,0.864,0.575
sp_Q9NZD1_GPC5D_HUMAN,327,Q,E,0.599,0.056,0.142,0.802,0.565222222222
sp_Q9NZD1_GPC5D_HUMAN,328,E,E,0.484,0.113,0.087,0.800,0.561222222222
sp_Q9NZD1_GPC5D_HUMAN,329,C,B,0.206,0.113,0.087,0.800,0.554555555556
sp_Q9NZD1_GPC5D_HUMAN,330,F,E,0.34,0.118,0.150,0.732,0.550555555556
sp_Q9NZD1_GPC5D_HUMAN,331,I,B,0.204,0.118,0.150,0.732,0.572777777778
sp_Q9NZD1_GPC5D_HUMAN,332,P,B,0.281,0.052,0.084,0.864,0.584555555556
sp_Q9NZD1_GPC5D_HUMAN,333,Q,E,0.502,0.018,0.047,0.935,0.597222222222
sp_Q9NZD1_GPC5D_HUMAN,334,A,E,0.389,0.018,0.047,0.935,0.611444444444
sp_Q9NZD1_GPC5D_HUMAN,335,K,E,0.6,0.005,0.015,0.979,0.614
sp_Q9NZD1_GPC5D_HUMAN,336,L,E,0.516,0.005,0.015,0.979,0.652111111111
sp_Q9NZD1_GPC5D_HUMAN,337,S,E,0.471,0.005,0.015,0.979,0.671333333333
sp_Q9NZD1_GPC5D_HUMAN,338,P,E,0.391,0.018,0.019,0.964,0.667666666667
sp_Q9NZD1_GPC5D_HUMAN,339,Q,E,0.383,0.018,0.047,0.935,0.667888888889
sp_Q9NZD1_GPC5D_HUMAN,340,Q,E,0.426,0.018,0.088,0.893,0.649555555556
sp_Q9NZD1_GPC5D_HUMAN,341,D,E,0.564,0.052,0.084,0.864,0.616666666667
sp_Q9NZD1_GPC5D_HUMAN,342,A,E,0.29,0.052,0.084,0.864,0.542444444444
sp_Q9NZD1_GPC5D_HUMAN,343,G,E,0.717,0.053,0.043,0.903,0.467222222222
sp_Q9NZD1_GPC5D_HUMAN,344,G,E,0.653,0.018,0.019,0.964,0.393777777778
sp_Q9NZD1_GPC5D_HUMAN,345,V,E,0.636,0.003,0.003,0.994,0.307777777778
