Entry,Position,AminoAcid,Exposed/Buried,RelativeSurfaceAccessilibity,HelixProbability,SheetProbability,CoilProbability,EpitopeProbability
sp_Q14627_I13R2_HUMAN,1,M,E,0.614,0.003,0.003,0.994,0.213888888889
sp_Q14627_I13R2_HUMAN,2,A,E,0.346,0.020,0.205,0.775,0.259444444444
sp_Q14627_I13R2_HUMAN,3,F,B,0.107,0.022,0.359,0.619,0.306555555556
sp_Q14627_I13R2_HUMAN,4,V,B,0.29,0.021,0.452,0.528,0.348777777778
sp_Q14627_I13R2_HUMAN,5,C,B,0.182,0.079,0.592,0.329,0.392222222222
sp_Q14627_I13R2_HUMAN,6,L,B,0.074,0.066,0.296,0.638,0.397888888889
sp_Q14627_I13R2_HUMAN,7,A,B,0.253,0.052,0.084,0.864,0.392333333333
sp_Q14627_I13R2_HUMAN,8,I,B,0.187,0.053,0.043,0.903,0.390777777778
sp_Q14627_I13R2_HUMAN,9,G,B,0.199,0.052,0.084,0.864,0.372
sp_Q14627_I13R2_HUMAN,10,C,B,0.059,0.135,0.317,0.548,0.360111111111
sp_Q14627_I13R2_HUMAN,11,L,B,0.024,0.087,0.683,0.230,0.343666666667
sp_Q14627_I13R2_HUMAN,12,Y,B,0.03,0.018,0.846,0.136,0.325444444444
sp_Q14627_I13R2_HUMAN,13,T,B,0.055,0.011,0.918,0.071,0.321888888889
sp_Q14627_I13R2_HUMAN,14,F,B,0.016,0.056,0.913,0.030,0.312222222222
sp_Q14627_I13R2_HUMAN,15,L,B,0.062,0.056,0.913,0.030,0.318111111111
sp_Q14627_I13R2_HUMAN,16,I,B,0.02,0.072,0.855,0.073,0.348666666667
sp_Q14627_I13R2_HUMAN,17,S,B,0.078,0.157,0.773,0.069,0.365444444444
sp_Q14627_I13R2_HUMAN,18,T,B,0.062,0.169,0.612,0.219,0.389333333333
sp_Q14627_I13R2_HUMAN,19,T,B,0.152,0.231,0.330,0.439,0.405666666667
sp_Q14627_I13R2_HUMAN,20,F,E,0.29,0.118,0.150,0.732,0.433777777778
sp_Q14627_I13R2_HUMAN,21,G,E,0.488,0.018,0.088,0.893,0.458555555556
sp_Q14627_I13R2_HUMAN,22,C,B,0.262,0.018,0.088,0.893,0.476333333333
sp_Q14627_I13R2_HUMAN,23,T,E,0.445,0.024,0.655,0.322,0.507666666667
sp_Q14627_I13R2_HUMAN,24,S,B,0.164,0.018,0.846,0.136,0.529777777778
sp_Q14627_I13R2_HUMAN,25,S,E,0.385,0.018,0.846,0.136,0.532666666667
sp_Q14627_I13R2_HUMAN,26,S,B,0.195,0.021,0.756,0.223,0.536555555556
sp_Q14627_I13R2_HUMAN,27,D,E,0.572,0.021,0.452,0.528,0.548222222222
sp_Q14627_I13R2_HUMAN,28,T,E,0.538,0.020,0.205,0.775,0.556666666667
sp_Q14627_I13R2_HUMAN,29,E,E,0.696,0.018,0.141,0.840,0.563111111111
sp_Q14627_I13R2_HUMAN,30,I,B,0.208,0.018,0.141,0.840,0.560111111111
sp_Q14627_I13R2_HUMAN,31,K,E,0.572,0.018,0.141,0.840,0.552777777778
sp_Q14627_I13R2_HUMAN,32,V,E,0.305,0.018,0.088,0.893,0.559222222222
sp_Q14627_I13R2_HUMAN,33,N,E,0.526,0.018,0.019,0.964,0.560888888889
sp_Q14627_I13R2_HUMAN,34,P,B,0.215,0.016,0.005,0.979,0.541555555556
sp_Q14627_I13R2_HUMAN,35,P,B,0.113,0.018,0.019,0.964,0.547888888889
sp_Q14627_I13R2_HUMAN,36,Q,E,0.551,0.005,0.045,0.951,0.539444444444
sp_Q14627_I13R2_HUMAN,37,D,E,0.577,0.004,0.138,0.858,0.531888888889
sp_Q14627_I13R2_HUMAN,38,F,B,0.084,0.004,0.336,0.660,0.530777777778
sp_Q14627_I13R2_HUMAN,39,E,E,0.518,0.002,0.816,0.182,0.547222222222
sp_Q14627_I13R2_HUMAN,40,I,B,0.17,0.001,0.900,0.099,0.558333333333
sp_Q14627_I13R2_HUMAN,41,V,E,0.443,0.001,0.900,0.099,0.546111111111
sp_Q14627_I13R2_HUMAN,42,D,E,0.346,0.002,0.816,0.182,0.532222222222
sp_Q14627_I13R2_HUMAN,43,P,E,0.409,0.004,0.420,0.576,0.532666666667
sp_Q14627_I13R2_HUMAN,44,G,E,0.43,0.004,0.138,0.858,0.510111111111
sp_Q14627_I13R2_HUMAN,45,Y,E,0.659,0.004,0.085,0.910,0.489111111111
sp_Q14627_I13R2_HUMAN,46,L,E,0.469,0.004,0.138,0.858,0.482333333333
sp_Q14627_I13R2_HUMAN,47,G,B,0.114,0.004,0.514,0.481,0.447555555556
sp_Q14627_I13R2_HUMAN,48,Y,B,0.242,0.001,0.900,0.099,0.432555555556
sp_Q14627_I13R2_HUMAN,49,L,B,0.025,0.001,0.959,0.040,0.410888888889
sp_Q14627_I13R2_HUMAN,50,Y,B,0.229,0.001,0.959,0.040,0.405555555556
sp_Q14627_I13R2_HUMAN,51,L,B,0.021,0.006,0.962,0.032,0.403
sp_Q14627_I13R2_HUMAN,52,Q,B,0.16,0.011,0.918,0.071,0.410333333333
sp_Q14627_I13R2_HUMAN,53,W,B,0.044,0.001,0.900,0.099,0.435555555556
sp_Q14627_I13R2_HUMAN,54,Q,E,0.454,0.003,0.718,0.279,0.463111111111
sp_Q14627_I13R2_HUMAN,55,P,B,0.21,0.004,0.197,0.799,0.474555555556
sp_Q14627_I13R2_HUMAN,56,P,B,0.174,0.005,0.015,0.979,0.509444444444
sp_Q14627_I13R2_HUMAN,57,L,E,0.548,0.005,0.015,0.979,0.529
sp_Q14627_I13R2_HUMAN,58,S,E,0.542,0.018,0.019,0.964,0.557666666667
sp_Q14627_I13R2_HUMAN,59,L,E,0.563,0.018,0.019,0.964,0.568666666667
sp_Q14627_I13R2_HUMAN,60,D,E,0.693,0.018,0.019,0.964,0.570333333333
sp_Q14627_I13R2_HUMAN,61,H,E,0.507,0.018,0.019,0.964,0.566444444444
sp_Q14627_I13R2_HUMAN,62,F,E,0.36,0.018,0.019,0.964,0.544333333333
sp_Q14627_I13R2_HUMAN,63,K,E,0.576,0.018,0.047,0.935,0.528666666667
sp_Q14627_I13R2_HUMAN,64,E,E,0.426,0.004,0.085,0.910,0.514555555556
sp_Q14627_I13R2_HUMAN,65,C,B,0.306,0.004,0.263,0.733,0.494555555556
sp_Q14627_I13R2_HUMAN,66,T,B,0.237,0.004,0.616,0.381,0.465666666667
sp_Q14627_I13R2_HUMAN,67,V,B,0.117,0.002,0.816,0.182,0.431333333333
sp_Q14627_I13R2_HUMAN,68,E,B,0.219,0.001,0.900,0.099,0.409888888889
sp_Q14627_I13R2_HUMAN,69,Y,B,0.039,0.001,0.959,0.040,0.394
sp_Q14627_I13R2_HUMAN,70,E,B,0.227,0.001,0.959,0.040,0.404
sp_Q14627_I13R2_HUMAN,71,L,B,0.026,0.001,0.959,0.040,0.417777777778
sp_Q14627_I13R2_HUMAN,72,K,B,0.198,0.001,0.959,0.040,0.438
sp_Q14627_I13R2_HUMAN,73,Y,B,0.083,0.001,0.959,0.040,0.451666666667
sp_Q14627_I13R2_HUMAN,74,R,E,0.293,0.001,0.900,0.099,0.468888888889
sp_Q14627_I13R2_HUMAN,75,N,E,0.486,0.004,0.514,0.481,0.49
sp_Q14627_I13R2_HUMAN,76,I,E,0.625,0.005,0.015,0.979,0.514555555556
sp_Q14627_I13R2_HUMAN,77,G,E,0.762,0.003,0.003,0.994,0.526444444444
sp_Q14627_I13R2_HUMAN,78,S,E,0.583,0.005,0.015,0.979,0.545
sp_Q14627_I13R2_HUMAN,79,E,E,0.675,0.004,0.138,0.858,0.539333333333
sp_Q14627_I13R2_HUMAN,80,T,E,0.528,0.004,0.420,0.576,0.541444444444
sp_Q14627_I13R2_HUMAN,81,W,B,0.228,0.004,0.616,0.381,0.529888888889
sp_Q14627_I13R2_HUMAN,82,K,E,0.35,0.001,0.900,0.099,0.526666666667
sp_Q14627_I13R2_HUMAN,83,T,E,0.518,0.001,0.959,0.040,0.53
sp_Q14627_I13R2_HUMAN,84,I,E,0.336,0.001,0.959,0.040,0.525555555556
sp_Q14627_I13R2_HUMAN,85,I,E,0.35,0.001,0.959,0.040,0.530555555556
sp_Q14627_I13R2_HUMAN,86,T,B,0.246,0.004,0.616,0.381,0.540777777778
sp_Q14627_I13R2_HUMAN,87,K,E,0.528,0.004,0.197,0.799,0.547111111111
sp_Q14627_I13R2_HUMAN,88,N,E,0.61,0.004,0.138,0.858,0.553111111111
sp_Q14627_I13R2_HUMAN,89,L,E,0.356,0.004,0.336,0.660,0.549444444444
sp_Q14627_I13R2_HUMAN,90,H,E,0.37,0.003,0.718,0.279,0.549333333333
sp_Q14627_I13R2_HUMAN,91,Y,E,0.334,0.001,0.900,0.099,0.552444444444
sp_Q14627_I13R2_HUMAN,92,K,B,0.203,0.001,0.959,0.040,0.552222222222
sp_Q14627_I13R2_HUMAN,93,D,E,0.273,0.001,0.959,0.040,0.546555555556
sp_Q14627_I13R2_HUMAN,94,G,B,0.228,0.001,0.900,0.099,0.543333333333
sp_Q14627_I13R2_HUMAN,95,F,B,0.266,0.002,0.816,0.182,0.541666666667
sp_Q14627_I13R2_HUMAN,96,D,E,0.459,0.004,0.514,0.481,0.541555555556
sp_Q14627_I13R2_HUMAN,97,L,B,0.167,0.004,0.197,0.799,0.529222222222
sp_Q14627_I13R2_HUMAN,98,N,E,0.456,0.004,0.138,0.858,0.528
sp_Q14627_I13R2_HUMAN,99,K,E,0.628,0.005,0.045,0.951,0.515
sp_Q14627_I13R2_HUMAN,100,G,E,0.611,0.005,0.045,0.951,0.500666666667
sp_Q14627_I13R2_HUMAN,101,I,B,0.186,0.004,0.336,0.660,0.467777777778
sp_Q14627_I13R2_HUMAN,102,E,E,0.428,0.002,0.816,0.182,0.442777777778
sp_Q14627_I13R2_HUMAN,103,A,B,0.07,0.001,0.900,0.099,0.411888888889
sp_Q14627_I13R2_HUMAN,104,K,E,0.229,0.001,0.959,0.040,0.394
sp_Q14627_I13R2_HUMAN,105,I,B,0.032,0.001,0.959,0.040,0.371
sp_Q14627_I13R2_HUMAN,106,H,B,0.129,0.001,0.959,0.040,0.372555555556
sp_Q14627_I13R2_HUMAN,107,T,B,0.024,0.001,0.959,0.040,0.371333333333
sp_Q14627_I13R2_HUMAN,108,L,B,0.167,0.001,0.959,0.040,0.402555555556
sp_Q14627_I13R2_HUMAN,109,L,B,0.111,0.001,0.900,0.099,0.427777777778
sp_Q14627_I13R2_HUMAN,110,P,B,0.163,0.021,0.756,0.223,0.469222222222
sp_Q14627_I13R2_HUMAN,111,W,B,0.245,0.021,0.452,0.528,0.516
sp_Q14627_I13R2_HUMAN,112,Q,E,0.433,0.020,0.205,0.775,0.557222222222
sp_Q14627_I13R2_HUMAN,113,C,E,0.392,0.020,0.205,0.775,0.583555555556
sp_Q14627_I13R2_HUMAN,114,T,E,0.472,0.020,0.205,0.775,0.620111111111
sp_Q14627_I13R2_HUMAN,115,N,E,0.593,0.018,0.141,0.840,0.637444444444
sp_Q14627_I13R2_HUMAN,116,G,E,0.49,0.018,0.088,0.893,0.661777777778
sp_Q14627_I13R2_HUMAN,117,S,E,0.552,0.018,0.047,0.935,0.661555555556
sp_Q14627_I13R2_HUMAN,118,E,E,0.428,0.018,0.047,0.935,0.667111111111
sp_Q14627_I13R2_HUMAN,119,V,E,0.393,0.018,0.047,0.935,0.676
sp_Q14627_I13R2_HUMAN,120,Q,E,0.509,0.018,0.088,0.893,0.666888888889
sp_Q14627_I13R2_HUMAN,121,S,E,0.335,0.018,0.088,0.893,0.665666666667
sp_Q14627_I13R2_HUMAN,122,S,E,0.521,0.018,0.141,0.840,0.653444444444
sp_Q14627_I13R2_HUMAN,123,W,E,0.32,0.056,0.142,0.802,0.639333333333
sp_Q14627_I13R2_HUMAN,124,A,E,0.374,0.064,0.216,0.721,0.636111111111
sp_Q14627_I13R2_HUMAN,125,E,E,0.46,0.064,0.216,0.721,0.621
sp_Q14627_I13R2_HUMAN,126,T,E,0.387,0.069,0.386,0.545,0.623666666667
sp_Q14627_I13R2_HUMAN,127,T,E,0.364,0.074,0.484,0.442,0.614555555556
sp_Q14627_I13R2_HUMAN,128,Y,B,0.242,0.069,0.386,0.545,0.599888888889
sp_Q14627_I13R2_HUMAN,129,W,B,0.27,0.069,0.386,0.545,0.614222222222
sp_Q14627_I13R2_HUMAN,130,I,E,0.317,0.066,0.296,0.638,0.623333333333
sp_Q14627_I13R2_HUMAN,131,S,E,0.349,0.135,0.317,0.548,0.640888888889
sp_Q14627_I13R2_HUMAN,132,P,E,0.411,0.135,0.317,0.548,0.645888888889
sp_Q14627_I13R2_HUMAN,133,Q,E,0.431,0.118,0.150,0.732,0.643333333333
sp_Q14627_I13R2_HUMAN,134,G,E,0.428,0.052,0.084,0.864,0.642666666667
sp_Q14627_I13R2_HUMAN,135,I,E,0.392,0.018,0.047,0.935,0.634555555556
sp_Q14627_I13R2_HUMAN,136,P,E,0.395,0.018,0.019,0.964,0.618222222222
sp_Q14627_I13R2_HUMAN,137,E,E,0.525,0.018,0.047,0.935,0.617333333333
sp_Q14627_I13R2_HUMAN,138,T,E,0.37,0.018,0.047,0.935,0.599222222222
sp_Q14627_I13R2_HUMAN,139,K,E,0.367,0.005,0.045,0.951,0.559888888889
sp_Q14627_I13R2_HUMAN,140,V,B,0.035,0.004,0.085,0.910,0.536222222222
sp_Q14627_I13R2_HUMAN,141,Q,E,0.471,0.004,0.263,0.733,0.499111111111
sp_Q14627_I13R2_HUMAN,142,D,E,0.449,0.004,0.514,0.481,0.493666666667
sp_Q14627_I13R2_HUMAN,143,M,B,0.045,0.004,0.616,0.381,0.482666666667
sp_Q14627_I13R2_HUMAN,144,D,E,0.381,0.001,0.900,0.099,0.471444444444
sp_Q14627_I13R2_HUMAN,145,C,B,0.071,0.001,0.959,0.040,0.480333333333
sp_Q14627_I13R2_HUMAN,146,V,E,0.321,0.001,0.959,0.040,0.474444444444
sp_Q14627_I13R2_HUMAN,147,Y,B,0.29,0.001,0.900,0.099,0.477555555556
sp_Q14627_I13R2_HUMAN,148,Y,E,0.383,0.004,0.616,0.381,0.494111111111
sp_Q14627_I13R2_HUMAN,149,N,E,0.518,0.004,0.138,0.858,0.472333333333
sp_Q14627_I13R2_HUMAN,150,W,E,0.401,0.004,0.085,0.910,0.488333333333
sp_Q14627_I13R2_HUMAN,151,Q,E,0.446,0.004,0.420,0.576,0.460444444444
sp_Q14627_I13R2_HUMAN,152,Y,B,0.227,0.002,0.816,0.182,0.454666666667
sp_Q14627_I13R2_HUMAN,153,L,B,0.025,0.011,0.918,0.071,0.436222222222
sp_Q14627_I13R2_HUMAN,154,L,B,0.232,0.006,0.962,0.032,0.429444444444
sp_Q14627_I13R2_HUMAN,155,C,B,0.018,0.006,0.962,0.032,0.439666666667
sp_Q14627_I13R2_HUMAN,156,S,B,0.194,0.006,0.962,0.032,0.436111111111
sp_Q14627_I13R2_HUMAN,157,W,B,0.043,0.001,0.900,0.099,0.448333333333
sp_Q14627_I13R2_HUMAN,158,K,E,0.422,0.002,0.816,0.182,0.480555555556
sp_Q14627_I13R2_HUMAN,159,P,B,0.257,0.004,0.336,0.660,0.495666666667
sp_Q14627_I13R2_HUMAN,160,G,E,0.368,0.005,0.045,0.951,0.521666666667
sp_Q14627_I13R2_HUMAN,161,I,E,0.581,0.005,0.015,0.979,0.529777777778
sp_Q14627_I13R2_HUMAN,162,G,E,0.695,0.005,0.045,0.951,0.545666666667
sp_Q14627_I13R2_HUMAN,163,V,E,0.484,0.005,0.015,0.979,0.539333333333
sp_Q14627_I13R2_HUMAN,164,L,E,0.588,0.005,0.045,0.951,0.523888888889
sp_Q14627_I13R2_HUMAN,165,L,E,0.354,0.004,0.138,0.858,0.496222222222
sp_Q14627_I13R2_HUMAN,166,D,E,0.451,0.004,0.336,0.660,0.473
sp_Q14627_I13R2_HUMAN,167,T,B,0.104,0.003,0.718,0.279,0.445777777778
sp_Q14627_I13R2_HUMAN,168,N,E,0.285,0.001,0.900,0.099,0.438555555556
sp_Q14627_I13R2_HUMAN,169,Y,B,0.047,0.001,0.900,0.099,0.437
sp_Q14627_I13R2_HUMAN,170,N,B,0.143,0.001,0.959,0.040,0.428555555556
sp_Q14627_I13R2_HUMAN,171,L,B,0.029,0.001,0.959,0.040,0.436333333333
sp_Q14627_I13R2_HUMAN,172,F,B,0.133,0.001,0.959,0.040,0.459333333333
sp_Q14627_I13R2_HUMAN,173,Y,B,0.11,0.011,0.918,0.071,0.472
sp_Q14627_I13R2_HUMAN,174,W,B,0.194,0.001,0.900,0.099,0.504333333333
sp_Q14627_I13R2_HUMAN,175,Y,E,0.442,0.004,0.616,0.381,0.532555555556
sp_Q14627_I13R2_HUMAN,176,E,E,0.507,0.020,0.205,0.775,0.558555555556
sp_Q14627_I13R2_HUMAN,177,G,E,0.614,0.005,0.045,0.951,0.559555555556
sp_Q14627_I13R2_HUMAN,178,L,E,0.552,0.018,0.019,0.964,0.563888888889
sp_Q14627_I13R2_HUMAN,179,D,E,0.639,0.018,0.019,0.964,0.571555555556
sp_Q14627_I13R2_HUMAN,180,H,E,0.544,0.018,0.141,0.840,0.553333333333
sp_Q14627_I13R2_HUMAN,181,A,E,0.421,0.004,0.420,0.576,0.541888888889
sp_Q14627_I13R2_HUMAN,182,L,E,0.482,0.004,0.616,0.381,0.534222222222
sp_Q14627_I13R2_HUMAN,183,Q,E,0.515,0.004,0.616,0.381,0.518666666667
sp_Q14627_I13R2_HUMAN,184,C,B,0.117,0.004,0.336,0.660,0.509555555556
sp_Q14627_I13R2_HUMAN,185,V,E,0.518,0.004,0.336,0.660,0.507888888889
sp_Q14627_I13R2_HUMAN,186,D,E,0.57,0.022,0.552,0.426,0.515
sp_Q14627_I13R2_HUMAN,187,Y,E,0.333,0.022,0.552,0.426,0.522
sp_Q14627_I13R2_HUMAN,188,I,E,0.337,0.021,0.452,0.528,0.525888888889
sp_Q14627_I13R2_HUMAN,189,K,E,0.458,0.022,0.359,0.619,0.551
sp_Q14627_I13R2_HUMAN,190,A,E,0.564,0.018,0.141,0.840,0.551555555556
sp_Q14627_I13R2_HUMAN,191,D,E,0.678,0.005,0.045,0.951,0.546111111111
sp_Q14627_I13R2_HUMAN,192,G,E,0.588,0.004,0.085,0.910,0.547888888889
sp_Q14627_I13R2_HUMAN,193,Q,E,0.486,0.004,0.263,0.733,0.519444444444
sp_Q14627_I13R2_HUMAN,194,N,E,0.423,0.004,0.514,0.481,0.500333333333
sp_Q14627_I13R2_HUMAN,195,I,B,0.221,0.004,0.616,0.381,0.469111111111
sp_Q14627_I13R2_HUMAN,196,G,E,0.293,0.002,0.816,0.182,0.449888888889
sp_Q14627_I13R2_HUMAN,197,C,B,0.054,0.001,0.900,0.099,0.442333333333
sp_Q14627_I13R2_HUMAN,198,R,E,0.299,0.001,0.900,0.099,0.436777777778
sp_Q14627_I13R2_HUMAN,199,F,B,0.068,0.001,0.900,0.099,0.447
sp_Q14627_I13R2_HUMAN,200,P,E,0.38,0.002,0.816,0.182,0.444333333333
sp_Q14627_I13R2_HUMAN,201,Y,B,0.165,0.022,0.552,0.426,0.455666666667
sp_Q14627_I13R2_HUMAN,202,L,E,0.619,0.018,0.141,0.840,0.487777777778
sp_Q14627_I13R2_HUMAN,203,E,E,0.647,0.004,0.085,0.910,0.507111111111
sp_Q14627_I13R2_HUMAN,204,A,B,0.168,0.004,0.085,0.910,0.539
sp_Q14627_I13R2_HUMAN,205,S,E,0.544,0.004,0.138,0.858,0.543777777778
sp_Q14627_I13R2_HUMAN,206,D,E,0.442,0.004,0.138,0.858,0.537222222222
sp_Q14627_I13R2_HUMAN,207,Y,E,0.402,0.004,0.263,0.733,0.522
sp_Q14627_I13R2_HUMAN,208,K,B,0.28,0.004,0.616,0.381,0.487666666667
sp_Q14627_I13R2_HUMAN,209,D,E,0.403,0.001,0.900,0.099,0.481888888889
sp_Q14627_I13R2_HUMAN,210,F,B,0.038,0.001,0.959,0.040,0.447222222222
sp_Q14627_I13R2_HUMAN,211,Y,B,0.216,0.001,0.959,0.040,0.429444444444
sp_Q14627_I13R2_HUMAN,212,I,B,0.015,0.001,0.959,0.040,0.395
sp_Q14627_I13R2_HUMAN,213,C,B,0.124,0.001,0.959,0.040,0.373333333333
sp_Q14627_I13R2_HUMAN,214,V,B,0.015,0.001,0.959,0.040,0.373777777778
sp_Q14627_I13R2_HUMAN,215,N,B,0.173,0.001,0.959,0.040,0.393777777778
sp_Q14627_I13R2_HUMAN,216,G,B,0.03,0.001,0.959,0.040,0.409666666667
sp_Q14627_I13R2_HUMAN,217,S,B,0.172,0.001,0.900,0.099,0.454
sp_Q14627_I13R2_HUMAN,218,S,B,0.271,0.004,0.616,0.381,0.481333333333
sp_Q14627_I13R2_HUMAN,219,E,E,0.583,0.004,0.138,0.858,0.521
sp_Q14627_I13R2_HUMAN,220,N,E,0.629,0.005,0.015,0.979,0.537666666667
sp_Q14627_I13R2_HUMAN,221,K,E,0.518,0.005,0.045,0.951,0.567555555556
sp_Q14627_I13R2_HUMAN,222,P,E,0.621,0.004,0.085,0.910,0.587666666667
sp_Q14627_I13R2_HUMAN,223,I,E,0.362,0.004,0.138,0.858,0.601333333333
sp_Q14627_I13R2_HUMAN,224,R,E,0.504,0.004,0.197,0.799,0.601888888889
sp_Q14627_I13R2_HUMAN,225,S,B,0.238,0.020,0.205,0.775,0.602
sp_Q14627_I13R2_HUMAN,226,S,E,0.48,0.022,0.359,0.619,0.576111111111
sp_Q14627_I13R2_HUMAN,227,Y,E,0.428,0.022,0.359,0.619,0.565222222222
sp_Q14627_I13R2_HUMAN,228,F,E,0.302,0.024,0.655,0.322,0.547
sp_Q14627_I13R2_HUMAN,229,T,E,0.38,0.021,0.756,0.223,0.538
sp_Q14627_I13R2_HUMAN,230,F,B,0.173,0.018,0.846,0.136,0.550222222222
sp_Q14627_I13R2_HUMAN,231,Q,E,0.317,0.021,0.756,0.223,0.553777777778
sp_Q14627_I13R2_HUMAN,232,L,B,0.152,0.021,0.452,0.528,0.566666666667
sp_Q14627_I13R2_HUMAN,233,Q,E,0.365,0.069,0.386,0.545,0.578
sp_Q14627_I13R2_HUMAN,234,N,E,0.514,0.066,0.296,0.638,0.571555555556
sp_Q14627_I13R2_HUMAN,235,I,E,0.462,0.020,0.205,0.775,0.586666666667
sp_Q14627_I13R2_HUMAN,236,V,E,0.405,0.018,0.088,0.893,0.577555555556
sp_Q14627_I13R2_HUMAN,237,K,E,0.436,0.018,0.047,0.935,0.568666666667
sp_Q14627_I13R2_HUMAN,238,P,E,0.353,0.005,0.015,0.979,0.568333333333
sp_Q14627_I13R2_HUMAN,239,L,E,0.435,0.003,0.003,0.994,0.560444444444
sp_Q14627_I13R2_HUMAN,240,P,B,0.169,0.003,0.003,0.994,0.540777777778
sp_Q14627_I13R2_HUMAN,241,P,B,0.053,0.018,0.019,0.964,0.511111111111
sp_Q14627_I13R2_HUMAN,242,V,E,0.445,0.004,0.138,0.858,0.477444444444
sp_Q14627_I13R2_HUMAN,243,Y,E,0.426,0.004,0.336,0.660,0.469222222222
sp_Q14627_I13R2_HUMAN,244,L,B,0.083,0.004,0.514,0.481,0.462111111111
sp_Q14627_I13R2_HUMAN,245,T,E,0.431,0.001,0.900,0.099,0.472777777778
sp_Q14627_I13R2_HUMAN,246,F,B,0.133,0.001,0.959,0.040,0.491
sp_Q14627_I13R2_HUMAN,247,T,E,0.457,0.001,0.959,0.040,0.493333333333
sp_Q14627_I13R2_HUMAN,248,R,E,0.406,0.001,0.900,0.099,0.488888888889
sp_Q14627_I13R2_HUMAN,249,E,E,0.41,0.003,0.718,0.279,0.497444444444
sp_Q14627_I13R2_HUMAN,250,S,E,0.496,0.004,0.085,0.910,0.479444444444
sp_Q14627_I13R2_HUMAN,251,S,E,0.591,0.005,0.015,0.979,0.477666666667
sp_Q14627_I13R2_HUMAN,252,C,E,0.379,0.004,0.138,0.858,0.461333333333
sp_Q14627_I13R2_HUMAN,253,E,B,0.2,0.002,0.816,0.182,0.454777777778
sp_Q14627_I13R2_HUMAN,254,I,B,0.028,0.001,0.900,0.099,0.434888888889
sp_Q14627_I13R2_HUMAN,255,K,B,0.181,0.006,0.962,0.032,0.425555555556
sp_Q14627_I13R2_HUMAN,256,L,B,0.021,0.006,0.962,0.032,0.430444444444
sp_Q14627_I13R2_HUMAN,257,K,B,0.183,0.001,0.959,0.040,0.432
sp_Q14627_I13R2_HUMAN,258,W,B,0.043,0.001,0.900,0.099,0.440777777778
sp_Q14627_I13R2_HUMAN,259,S,E,0.486,0.003,0.718,0.279,0.470666666667
sp_Q14627_I13R2_HUMAN,260,I,E,0.328,0.004,0.263,0.733,0.487333333333
sp_Q14627_I13R2_HUMAN,261,P,B,0.204,0.004,0.085,0.910,0.521333333333
sp_Q14627_I13R2_HUMAN,262,L,E,0.565,0.005,0.045,0.951,0.524333333333
sp_Q14627_I13R2_HUMAN,263,G,E,0.562,0.018,0.047,0.935,0.533333333333
sp_Q14627_I13R2_HUMAN,264,P,E,0.59,0.018,0.047,0.935,0.533222222222
sp_Q14627_I13R2_HUMAN,265,I,E,0.464,0.018,0.047,0.935,0.518666666667
sp_Q14627_I13R2_HUMAN,266,P,E,0.605,0.004,0.085,0.910,0.502222222222
sp_Q14627_I13R2_HUMAN,267,A,E,0.451,0.004,0.197,0.799,0.493
sp_Q14627_I13R2_HUMAN,268,R,E,0.332,0.004,0.514,0.481,0.469111111111
sp_Q14627_I13R2_HUMAN,269,C,B,0.174,0.002,0.816,0.182,0.461777777778
sp_Q14627_I13R2_HUMAN,270,F,B,0.076,0.001,0.900,0.099,0.440111111111
sp_Q14627_I13R2_HUMAN,271,D,B,0.177,0.001,0.959,0.040,0.424777777778
sp_Q14627_I13R2_HUMAN,272,Y,B,0.037,0.001,0.959,0.040,0.416111111111
sp_Q14627_I13R2_HUMAN,273,E,B,0.144,0.001,0.959,0.040,0.426444444444
sp_Q14627_I13R2_HUMAN,274,I,B,0.026,0.001,0.959,0.040,0.437444444444
sp_Q14627_I13R2_HUMAN,275,E,B,0.23,0.001,0.959,0.040,0.445888888889
sp_Q14627_I13R2_HUMAN,276,I,B,0.089,0.001,0.959,0.040,0.446
sp_Q14627_I13R2_HUMAN,277,R,E,0.342,0.001,0.959,0.040,0.472777777778
sp_Q14627_I13R2_HUMAN,278,E,E,0.585,0.003,0.718,0.279,0.477222222222
sp_Q14627_I13R2_HUMAN,279,D,E,0.705,0.004,0.085,0.910,0.486
sp_Q14627_I13R2_HUMAN,280,D,E,0.796,0.005,0.015,0.979,0.492
sp_Q14627_I13R2_HUMAN,281,T,E,0.583,0.004,0.085,0.910,0.498777777778
sp_Q14627_I13R2_HUMAN,282,T,E,0.584,0.004,0.336,0.660,0.494777777778
sp_Q14627_I13R2_HUMAN,283,L,E,0.469,0.002,0.816,0.182,0.49
sp_Q14627_I13R2_HUMAN,284,V,E,0.277,0.001,0.900,0.099,0.501333333333
sp_Q14627_I13R2_HUMAN,285,T,E,0.537,0.001,0.900,0.099,0.506111111111
sp_Q14627_I13R2_HUMAN,286,A,E,0.319,0.001,0.900,0.099,0.497222222222
sp_Q14627_I13R2_HUMAN,287,T,E,0.521,0.002,0.816,0.182,0.494888888889
sp_Q14627_I13R2_HUMAN,288,V,E,0.334,0.004,0.420,0.576,0.494555555556
sp_Q14627_I13R2_HUMAN,289,E,E,0.66,0.004,0.197,0.799,0.491555555556
sp_Q14627_I13R2_HUMAN,290,N,E,0.541,0.004,0.197,0.799,0.488333333333
sp_Q14627_I13R2_HUMAN,291,E,E,0.326,0.004,0.514,0.481,0.466
sp_Q14627_I13R2_HUMAN,292,T,E,0.392,0.001,0.900,0.099,0.467777777778
sp_Q14627_I13R2_HUMAN,293,Y,B,0.108,0.001,0.959,0.040,0.464333333333
sp_Q14627_I13R2_HUMAN,294,T,E,0.378,0.001,0.959,0.040,0.450444444444
sp_Q14627_I13R2_HUMAN,295,L,B,0.05,0.001,0.900,0.099,0.456666666667
sp_Q14627_I13R2_HUMAN,296,K,E,0.509,0.004,0.514,0.481,0.471888888889
sp_Q14627_I13R2_HUMAN,297,T,E,0.428,0.004,0.197,0.799,0.484777777778
sp_Q14627_I13R2_HUMAN,298,T,B,0.112,0.004,0.085,0.910,0.502222222222
sp_Q14627_I13R2_HUMAN,299,N,E,0.485,0.004,0.085,0.910,0.511111111111
sp_Q14627_I13R2_HUMAN,300,E,E,0.477,0.004,0.085,0.910,0.520888888889
sp_Q14627_I13R2_HUMAN,301,T,E,0.567,0.005,0.045,0.951,0.508666666667
sp_Q14627_I13R2_HUMAN,302,R,E,0.29,0.004,0.197,0.799,0.494222222222
sp_Q14627_I13R2_HUMAN,303,Q,E,0.373,0.003,0.718,0.279,0.486777777778
sp_Q14627_I13R2_HUMAN,304,L,B,0.079,0.001,0.900,0.099,0.456444444444
sp_Q14627_I13R2_HUMAN,305,C,E,0.247,0.001,0.959,0.040,0.443111111111
sp_Q14627_I13R2_HUMAN,306,F,B,0.023,0.001,0.959,0.040,0.411222222222
sp_Q14627_I13R2_HUMAN,307,V,B,0.114,0.001,0.959,0.040,0.391111111111
sp_Q14627_I13R2_HUMAN,308,V,B,0.015,0.001,0.959,0.040,0.373666666667
sp_Q14627_I13R2_HUMAN,309,R,B,0.097,0.001,0.959,0.040,0.390777777778
sp_Q14627_I13R2_HUMAN,310,S,B,0.015,0.001,0.959,0.040,0.411777777778
sp_Q14627_I13R2_HUMAN,311,K,B,0.108,0.001,0.959,0.040,0.440222222222
sp_Q14627_I13R2_HUMAN,312,V,B,0.067,0.001,0.900,0.099,0.473333333333
sp_Q14627_I13R2_HUMAN,313,N,E,0.342,0.021,0.452,0.528,0.511222222222
sp_Q14627_I13R2_HUMAN,314,I,E,0.393,0.020,0.205,0.775,0.532666666667
sp_Q14627_I13R2_HUMAN,315,Y,E,0.427,0.020,0.205,0.775,0.571222222222
sp_Q14627_I13R2_HUMAN,316,C,E,0.478,0.020,0.205,0.775,0.604
sp_Q14627_I13R2_HUMAN,317,S,E,0.39,0.018,0.088,0.893,0.629555555556
sp_Q14627_I13R2_HUMAN,318,D,E,0.549,0.018,0.047,0.935,0.626444444444
sp_Q14627_I13R2_HUMAN,319,D,E,0.593,0.018,0.047,0.935,0.615777777778
sp_Q14627_I13R2_HUMAN,320,G,E,0.405,0.018,0.047,0.935,0.599222222222
sp_Q14627_I13R2_HUMAN,321,I,E,0.379,0.018,0.047,0.935,0.590444444444
sp_Q14627_I13R2_HUMAN,322,W,B,0.235,0.018,0.047,0.935,0.579
sp_Q14627_I13R2_HUMAN,323,S,B,0.178,0.018,0.047,0.935,0.564555555556
sp_Q14627_I13R2_HUMAN,324,E,E,0.598,0.018,0.047,0.935,0.552777777778
sp_Q14627_I13R2_HUMAN,325,W,B,0.26,0.018,0.047,0.935,0.536888888889
sp_Q14627_I13R2_HUMAN,326,S,B,0.17,0.004,0.085,0.910,0.523222222222
sp_Q14627_I13R2_HUMAN,327,D,E,0.545,0.004,0.263,0.733,0.514555555556
sp_Q14627_I13R2_HUMAN,328,K,E,0.441,0.004,0.616,0.381,0.519333333333
sp_Q14627_I13R2_HUMAN,329,Q,B,0.222,0.001,0.900,0.099,0.515555555556
sp_Q14627_I13R2_HUMAN,330,C,E,0.471,0.001,0.900,0.099,0.515222222222
sp_Q14627_I13R2_HUMAN,331,W,B,0.105,0.001,0.900,0.099,0.526888888889
sp_Q14627_I13R2_HUMAN,332,E,E,0.467,0.003,0.718,0.279,0.540111111111
sp_Q14627_I13R2_HUMAN,333,G,B,0.17,0.004,0.420,0.576,0.553666666667
sp_Q14627_I13R2_HUMAN,334,E,E,0.488,0.018,0.088,0.893,0.568777777778
sp_Q14627_I13R2_HUMAN,335,D,E,0.662,0.018,0.019,0.964,0.583888888889
sp_Q14627_I13R2_HUMAN,336,L,E,0.56,0.018,0.019,0.964,0.597
sp_Q14627_I13R2_HUMAN,337,S,E,0.483,0.018,0.019,0.964,0.596555555556
sp_Q14627_I13R2_HUMAN,338,K,E,0.475,0.058,0.017,0.925,0.605
sp_Q14627_I13R2_HUMAN,339,K,E,0.528,0.116,0.016,0.868,0.607
sp_Q14627_I13R2_HUMAN,340,T,E,0.454,0.257,0.016,0.727,0.600333333333
sp_Q14627_I13R2_HUMAN,341,L,B,0.242,0.339,0.016,0.645,0.572333333333
sp_Q14627_I13R2_HUMAN,342,L,B,0.242,0.430,0.016,0.555,0.537555555556
sp_Q14627_I13R2_HUMAN,343,R,B,0.311,0.660,0.049,0.291,0.510111111111
sp_Q14627_I13R2_HUMAN,344,F,B,0.245,0.779,0.101,0.120,0.484444444444
sp_Q14627_I13R2_HUMAN,345,W,B,0.202,0.831,0.044,0.125,0.456888888889
sp_Q14627_I13R2_HUMAN,346,L,E,0.27,0.878,0.010,0.111,0.435333333333
sp_Q14627_I13R2_HUMAN,347,P,E,0.3,0.938,0.007,0.055,0.409333333333
sp_Q14627_I13R2_HUMAN,348,F,E,0.295,0.923,0.002,0.076,0.372
sp_Q14627_I13R2_HUMAN,349,G,B,0.254,0.970,0.001,0.029,0.335111111111
sp_Q14627_I13R2_HUMAN,350,F,E,0.265,0.970,0.001,0.029,0.307444444444
sp_Q14627_I13R2_HUMAN,351,I,B,0.259,0.988,0.000,0.012,0.287333333333
sp_Q14627_I13R2_HUMAN,352,L,B,0.234,0.988,0.000,0.012,0.268222222222
sp_Q14627_I13R2_HUMAN,353,I,B,0.204,0.988,0.000,0.012,0.251333333333
sp_Q14627_I13R2_HUMAN,354,L,B,0.16,0.988,0.000,0.012,0.232666666667
sp_Q14627_I13R2_HUMAN,355,V,B,0.221,0.988,0.000,0.012,0.214444444444
sp_Q14627_I13R2_HUMAN,356,I,B,0.148,0.992,0.000,0.007,0.208444444444
sp_Q14627_I13R2_HUMAN,357,F,B,0.148,0.992,0.000,0.007,0.217333333333
sp_Q14627_I13R2_HUMAN,358,V,B,0.111,0.988,0.000,0.012,0.234666666667
sp_Q14627_I13R2_HUMAN,359,T,B,0.148,0.992,0.000,0.007,0.250555555556
sp_Q14627_I13R2_HUMAN,360,G,B,0.091,0.992,0.000,0.007,0.284
sp_Q14627_I13R2_HUMAN,361,L,B,0.109,0.975,0.003,0.022,0.324777777778
sp_Q14627_I13R2_HUMAN,362,L,B,0.147,0.938,0.007,0.055,0.376666666667
sp_Q14627_I13R2_HUMAN,363,L,B,0.154,0.878,0.010,0.111,0.434
sp_Q14627_I13R2_HUMAN,364,R,E,0.319,0.717,0.014,0.269,0.483555555556
sp_Q14627_I13R2_HUMAN,365,K,E,0.392,0.502,0.002,0.495,0.516555555556
sp_Q14627_I13R2_HUMAN,366,P,E,0.453,0.246,0.004,0.750,0.546777777778
sp_Q14627_I13R2_HUMAN,367,N,E,0.552,0.181,0.017,0.803,0.572
sp_Q14627_I13R2_HUMAN,368,T,E,0.299,0.053,0.043,0.903,0.600555555556
sp_Q14627_I13R2_HUMAN,369,Y,B,0.247,0.058,0.017,0.925,0.600555555556
sp_Q14627_I13R2_HUMAN,370,P,E,0.444,0.053,0.043,0.903,0.584777777778
sp_Q14627_I13R2_HUMAN,371,K,E,0.386,0.053,0.043,0.903,0.578222222222
sp_Q14627_I13R2_HUMAN,372,M,E,0.379,0.018,0.047,0.935,0.554444444444
sp_Q14627_I13R2_HUMAN,373,I,B,0.183,0.005,0.015,0.979,0.539666666667
sp_Q14627_I13R2_HUMAN,374,P,B,0.131,0.003,0.003,0.994,0.537777777778
sp_Q14627_I13R2_HUMAN,375,E,E,0.46,0.005,0.015,0.979,0.525888888889
sp_Q14627_I13R2_HUMAN,376,F,B,0.106,0.004,0.085,0.910,0.513777777778
sp_Q14627_I13R2_HUMAN,377,F,B,0.203,0.004,0.263,0.733,0.448888888889
sp_Q14627_I13R2_HUMAN,378,C,E,0.311,0.004,0.263,0.733,0.396666666667
sp_Q14627_I13R2_HUMAN,379,D,E,0.604,0.005,0.045,0.951,0.344888888889
sp_Q14627_I13R2_HUMAN,380,T,E,0.81,0.001,0.000,0.999,0.276777777778
