Entry,Position,AminoAcid,Exposed/Buried,RelativeSurfaceAccessilibity,HelixProbability,SheetProbability,CoilProbability,EpitopeProbability
sp_P26951_IL3RA_HUMAN,1,M,E,0.469,0.053,0.004,0.942,0.182555555556
sp_P26951_IL3RA_HUMAN,2,V,B,0.199,0.606,0.105,0.289,0.201888888889
sp_P26951_IL3RA_HUMAN,3,L,B,0.203,0.779,0.101,0.120,0.221111111111
sp_P26951_IL3RA_HUMAN,4,L,B,0.204,0.831,0.044,0.125,0.245777777778
sp_P26951_IL3RA_HUMAN,5,W,B,0.159,0.831,0.044,0.125,0.277666666667
sp_P26951_IL3RA_HUMAN,6,L,B,0.149,0.911,0.033,0.057,0.272
sp_P26951_IL3RA_HUMAN,7,T,B,0.241,0.878,0.010,0.111,0.279777777778
sp_P26951_IL3RA_HUMAN,8,L,B,0.126,0.878,0.010,0.111,0.280666666667
sp_P26951_IL3RA_HUMAN,9,L,B,0.149,0.802,0.014,0.185,0.295333333333
sp_P26951_IL3RA_HUMAN,10,L,B,0.064,0.717,0.014,0.269,0.316222222222
sp_P26951_IL3RA_HUMAN,11,I,B,0.164,0.522,0.016,0.462,0.351555555556
sp_P26951_IL3RA_HUMAN,12,A,B,0.242,0.257,0.016,0.727,0.382333333333
sp_P26951_IL3RA_HUMAN,13,L,B,0.217,0.181,0.017,0.803,0.409222222222
sp_P26951_IL3RA_HUMAN,14,P,E,0.382,0.268,0.043,0.689,0.434111111111
sp_P26951_IL3RA_HUMAN,15,C,B,0.195,0.386,0.097,0.517,0.465
sp_P26951_IL3RA_HUMAN,16,L,B,0.141,0.428,0.171,0.402,0.496111111111
sp_P26951_IL3RA_HUMAN,17,L,B,0.15,0.428,0.171,0.402,0.529444444444
sp_P26951_IL3RA_HUMAN,18,Q,E,0.423,0.307,0.165,0.527,0.548111111111
sp_P26951_IL3RA_HUMAN,19,T,B,0.221,0.307,0.165,0.527,0.564888888889
sp_P26951_IL3RA_HUMAN,20,K,E,0.415,0.199,0.152,0.649,0.587333333333
sp_P26951_IL3RA_HUMAN,21,E,E,0.612,0.191,0.086,0.723,0.601111111111
sp_P26951_IL3RA_HUMAN,22,D,E,0.45,0.053,0.043,0.903,0.613333333333
sp_P26951_IL3RA_HUMAN,23,P,E,0.418,0.018,0.019,0.964,0.612
sp_P26951_IL3RA_HUMAN,24,N,E,0.621,0.018,0.019,0.964,0.605888888889
sp_P26951_IL3RA_HUMAN,25,P,E,0.305,0.018,0.019,0.964,0.59
sp_P26951_IL3RA_HUMAN,26,P,E,0.476,0.018,0.019,0.964,0.553
sp_P26951_IL3RA_HUMAN,27,I,B,0.261,0.004,0.085,0.910,0.539777777778
sp_P26951_IL3RA_HUMAN,28,T,E,0.385,0.004,0.263,0.733,0.511555555556
sp_P26951_IL3RA_HUMAN,29,N,B,0.322,0.004,0.514,0.481,0.486
sp_P26951_IL3RA_HUMAN,30,L,B,0.098,0.002,0.816,0.182,0.475222222222
sp_P26951_IL3RA_HUMAN,31,R,E,0.352,0.001,0.900,0.099,0.464111111111
sp_P26951_IL3RA_HUMAN,32,M,B,0.09,0.002,0.816,0.182,0.464444444444
sp_P26951_IL3RA_HUMAN,33,K,E,0.371,0.004,0.616,0.381,0.459555555556
sp_P26951_IL3RA_HUMAN,34,A,E,0.322,0.004,0.514,0.481,0.447555555556
sp_P26951_IL3RA_HUMAN,35,K,E,0.324,0.003,0.718,0.279,0.446444444444
sp_P26951_IL3RA_HUMAN,36,A,E,0.397,0.001,0.900,0.099,0.435
sp_P26951_IL3RA_HUMAN,37,Q,B,0.134,0.001,0.959,0.040,0.425777777778
sp_P26951_IL3RA_HUMAN,38,Q,E,0.375,0.001,0.959,0.040,0.428
sp_P26951_IL3RA_HUMAN,39,L,B,0.084,0.001,0.959,0.040,0.438222222222
sp_P26951_IL3RA_HUMAN,40,T,B,0.251,0.001,0.900,0.099,0.450444444444
sp_P26951_IL3RA_HUMAN,41,W,B,0.094,0.002,0.816,0.182,0.461111111111
sp_P26951_IL3RA_HUMAN,42,D,E,0.544,0.004,0.514,0.481,0.486333333333
sp_P26951_IL3RA_HUMAN,43,L,B,0.312,0.004,0.085,0.910,0.496777777778
sp_P26951_IL3RA_HUMAN,44,N,E,0.43,0.003,0.003,0.994,0.531444444444
sp_P26951_IL3RA_HUMAN,45,R,E,0.652,0.003,0.003,0.994,0.560222222222
sp_P26951_IL3RA_HUMAN,46,N,E,0.604,0.005,0.015,0.979,0.573555555556
sp_P26951_IL3RA_HUMAN,47,V,E,0.285,0.004,0.263,0.733,0.589777777778
sp_P26951_IL3RA_HUMAN,48,T,E,0.428,0.004,0.616,0.381,0.558444444444
sp_P26951_IL3RA_HUMAN,49,D,E,0.38,0.002,0.816,0.182,0.546555555556
sp_P26951_IL3RA_HUMAN,50,I,B,0.098,0.001,0.900,0.099,0.527888888889
sp_P26951_IL3RA_HUMAN,51,E,E,0.265,0.001,0.900,0.099,0.513777777778
sp_P26951_IL3RA_HUMAN,52,C,B,0.108,0.001,0.959,0.040,0.518666666667
sp_P26951_IL3RA_HUMAN,53,V,E,0.334,0.002,0.816,0.182,0.513666666667
sp_P26951_IL3RA_HUMAN,54,K,B,0.284,0.004,0.420,0.576,0.502222222222
sp_P26951_IL3RA_HUMAN,55,D,E,0.643,0.021,0.279,0.699,0.519222222222
sp_P26951_IL3RA_HUMAN,56,A,E,0.573,0.020,0.205,0.775,0.504666666667
sp_P26951_IL3RA_HUMAN,57,D,E,0.482,0.022,0.552,0.426,0.542777777778
sp_P26951_IL3RA_HUMAN,58,Y,E,0.442,0.011,0.918,0.071,0.549888888889
sp_P26951_IL3RA_HUMAN,59,S,E,0.407,0.018,0.846,0.136,0.550333333333
sp_P26951_IL3RA_HUMAN,60,M,E,0.374,0.021,0.756,0.223,0.556111111111
sp_P26951_IL3RA_HUMAN,61,P,E,0.445,0.021,0.756,0.223,0.554777777778
sp_P26951_IL3RA_HUMAN,62,A,E,0.338,0.022,0.552,0.426,0.542111111111
sp_P26951_IL3RA_HUMAN,63,V,B,0.115,0.004,0.336,0.660,0.531222222222
sp_P26951_IL3RA_HUMAN,64,N,E,0.537,0.004,0.138,0.858,0.514888888889
sp_P26951_IL3RA_HUMAN,65,N,E,0.591,0.004,0.085,0.910,0.510333333333
sp_P26951_IL3RA_HUMAN,66,S,B,0.221,0.004,0.263,0.733,0.474111111111
sp_P26951_IL3RA_HUMAN,67,Y,E,0.349,0.002,0.816,0.182,0.450888888889
sp_P26951_IL3RA_HUMAN,68,C,B,0.12,0.001,0.900,0.099,0.459222222222
sp_P26951_IL3RA_HUMAN,69,Q,B,0.232,0.001,0.959,0.040,0.438
sp_P26951_IL3RA_HUMAN,70,F,B,0.144,0.001,0.900,0.099,0.431
sp_P26951_IL3RA_HUMAN,71,G,E,0.313,0.002,0.816,0.182,0.424666666667
sp_P26951_IL3RA_HUMAN,72,A,B,0.282,0.024,0.655,0.322,0.424555555556
sp_P26951_IL3RA_HUMAN,73,I,B,0.269,0.024,0.655,0.322,0.443777777778
sp_P26951_IL3RA_HUMAN,74,S,B,0.198,0.024,0.655,0.322,0.451555555556
sp_P26951_IL3RA_HUMAN,75,L,B,0.141,0.004,0.420,0.576,0.479111111111
sp_P26951_IL3RA_HUMAN,76,C,B,0.232,0.004,0.197,0.799,0.500333333333
sp_P26951_IL3RA_HUMAN,77,E,E,0.543,0.004,0.085,0.910,0.492777777778
sp_P26951_IL3RA_HUMAN,78,V,E,0.414,0.004,0.085,0.910,0.49
sp_P26951_IL3RA_HUMAN,79,T,E,0.359,0.004,0.197,0.799,0.468222222222
sp_P26951_IL3RA_HUMAN,80,N,E,0.403,0.004,0.514,0.481,0.472444444444
sp_P26951_IL3RA_HUMAN,81,Y,B,0.141,0.004,0.616,0.381,0.478222222222
sp_P26951_IL3RA_HUMAN,82,T,E,0.352,0.003,0.718,0.279,0.474111111111
sp_P26951_IL3RA_HUMAN,83,V,B,0.089,0.021,0.756,0.223,0.488777777778
sp_P26951_IL3RA_HUMAN,84,R,E,0.396,0.024,0.655,0.322,0.497444444444
sp_P26951_IL3RA_HUMAN,85,V,E,0.325,0.022,0.552,0.426,0.510444444444
sp_P26951_IL3RA_HUMAN,86,A,E,0.463,0.021,0.279,0.699,0.531222222222
sp_P26951_IL3RA_HUMAN,87,N,E,0.658,0.004,0.138,0.858,0.556222222222
sp_P26951_IL3RA_HUMAN,88,P,E,0.552,0.018,0.088,0.893,0.581
sp_P26951_IL3RA_HUMAN,89,P,E,0.621,0.018,0.047,0.935,0.577666666667
sp_P26951_IL3RA_HUMAN,90,F,E,0.306,0.004,0.138,0.858,0.572222222222
sp_P26951_IL3RA_HUMAN,91,S,E,0.387,0.004,0.263,0.733,0.567333333333
sp_P26951_IL3RA_HUMAN,92,T,E,0.433,0.004,0.514,0.481,0.542333333333
sp_P26951_IL3RA_HUMAN,93,W,E,0.295,0.004,0.616,0.381,0.535888888889
sp_P26951_IL3RA_HUMAN,94,I,B,0.148,0.002,0.816,0.182,0.535666666667
sp_P26951_IL3RA_HUMAN,95,L,E,0.29,0.002,0.816,0.182,0.518777777778
sp_P26951_IL3RA_HUMAN,96,F,B,0.216,0.021,0.756,0.223,0.527555555556
sp_P26951_IL3RA_HUMAN,97,P,E,0.385,0.022,0.552,0.426,0.527333333333
sp_P26951_IL3RA_HUMAN,98,E,E,0.317,0.018,0.088,0.893,0.560666666667
sp_P26951_IL3RA_HUMAN,99,N,E,0.487,0.018,0.047,0.935,0.578111111111
sp_P26951_IL3RA_HUMAN,100,S,E,0.635,0.018,0.019,0.964,0.587
sp_P26951_IL3RA_HUMAN,101,G,E,0.321,0.018,0.019,0.964,0.615444444444
sp_P26951_IL3RA_HUMAN,102,K,E,0.384,0.018,0.019,0.964,0.603222222222
sp_P26951_IL3RA_HUMAN,103,P,E,0.408,0.018,0.019,0.964,0.581777777778
sp_P26951_IL3RA_HUMAN,104,W,E,0.319,0.018,0.019,0.964,0.595666666667
sp_P26951_IL3RA_HUMAN,105,A,E,0.593,0.018,0.019,0.964,0.588111111111
sp_P26951_IL3RA_HUMAN,106,G,E,0.508,0.018,0.047,0.935,0.570111111111
sp_P26951_IL3RA_HUMAN,107,A,B,0.126,0.004,0.085,0.910,0.535777777778
sp_P26951_IL3RA_HUMAN,108,E,E,0.491,0.004,0.336,0.660,0.484777777778
sp_P26951_IL3RA_HUMAN,109,N,E,0.43,0.004,0.420,0.576,0.473222222222
sp_P26951_IL3RA_HUMAN,110,L,B,0.052,0.004,0.514,0.481,0.428
sp_P26951_IL3RA_HUMAN,111,T,B,0.223,0.002,0.816,0.182,0.427444444444
sp_P26951_IL3RA_HUMAN,112,C,B,0.019,0.001,0.900,0.099,0.436
sp_P26951_IL3RA_HUMAN,113,W,B,0.176,0.001,0.959,0.040,0.427333333333
sp_P26951_IL3RA_HUMAN,114,I,B,0.074,0.001,0.900,0.099,0.426111111111
sp_P26951_IL3RA_HUMAN,115,H,E,0.365,0.004,0.420,0.576,0.447333333333
sp_P26951_IL3RA_HUMAN,116,D,E,0.47,0.005,0.045,0.951,0.434777777778
sp_P26951_IL3RA_HUMAN,117,V,E,0.364,0.005,0.045,0.951,0.461555555556
sp_P26951_IL3RA_HUMAN,118,D,E,0.491,0.004,0.336,0.660,0.424888888889
sp_P26951_IL3RA_HUMAN,119,F,E,0.313,0.003,0.718,0.279,0.439111111111
sp_P26951_IL3RA_HUMAN,120,L,B,0.027,0.001,0.900,0.099,0.427555555556
sp_P26951_IL3RA_HUMAN,121,S,B,0.258,0.001,0.959,0.040,0.413111111111
sp_P26951_IL3RA_HUMAN,122,C,B,0.014,0.001,0.959,0.040,0.423777777778
sp_P26951_IL3RA_HUMAN,123,S,B,0.224,0.001,0.959,0.040,0.424333333333
sp_P26951_IL3RA_HUMAN,124,W,B,0.04,0.001,0.900,0.099,0.438
sp_P26951_IL3RA_HUMAN,125,A,E,0.476,0.004,0.616,0.381,0.462888888889
sp_P26951_IL3RA_HUMAN,126,V,E,0.445,0.004,0.138,0.858,0.469555555556
sp_P26951_IL3RA_HUMAN,127,G,E,0.537,0.005,0.015,0.979,0.502444444444
sp_P26951_IL3RA_HUMAN,128,P,E,0.628,0.005,0.015,0.979,0.509333333333
sp_P26951_IL3RA_HUMAN,129,G,E,0.68,0.005,0.045,0.951,0.522333333333
sp_P26951_IL3RA_HUMAN,130,A,E,0.468,0.005,0.045,0.951,0.515111111111
sp_P26951_IL3RA_HUMAN,131,P,E,0.482,0.005,0.045,0.951,0.503555555556
sp_P26951_IL3RA_HUMAN,132,A,E,0.368,0.004,0.085,0.910,0.475888888889
sp_P26951_IL3RA_HUMAN,133,D,E,0.485,0.004,0.197,0.799,0.419444444444
sp_P26951_IL3RA_HUMAN,134,V,B,0.1,0.004,0.616,0.381,0.392777777778
sp_P26951_IL3RA_HUMAN,135,Q,E,0.272,0.002,0.816,0.182,0.383111111111
sp_P26951_IL3RA_HUMAN,136,Y,B,0.047,0.001,0.959,0.040,0.362555555556
sp_P26951_IL3RA_HUMAN,137,D,B,0.085,0.001,0.959,0.040,0.358555555556
sp_P26951_IL3RA_HUMAN,138,L,B,0.031,0.001,0.959,0.040,0.363333333333
sp_P26951_IL3RA_HUMAN,139,Y,B,0.117,0.001,0.900,0.099,0.382666666667
sp_P26951_IL3RA_HUMAN,140,L,B,0.082,0.011,0.918,0.071,0.393
sp_P26951_IL3RA_HUMAN,141,N,B,0.201,0.001,0.959,0.040,0.432666666667
sp_P26951_IL3RA_HUMAN,142,V,E,0.359,0.021,0.756,0.223,0.492777777778
sp_P26951_IL3RA_HUMAN,143,A,E,0.272,0.021,0.279,0.699,0.534111111111
sp_P26951_IL3RA_HUMAN,144,N,E,0.534,0.018,0.141,0.840,0.551222222222
sp_P26951_IL3RA_HUMAN,145,R,E,0.526,0.018,0.088,0.893,0.589222222222
sp_P26951_IL3RA_HUMAN,146,R,E,0.693,0.018,0.047,0.935,0.587888888889
sp_P26951_IL3RA_HUMAN,147,Q,E,0.575,0.018,0.141,0.840,0.580444444444
sp_P26951_IL3RA_HUMAN,148,Q,E,0.505,0.022,0.359,0.619,0.588555555556
sp_P26951_IL3RA_HUMAN,149,Y,E,0.476,0.022,0.359,0.619,0.582222222222
sp_P26951_IL3RA_HUMAN,150,E,E,0.564,0.020,0.205,0.775,0.564888888889
sp_P26951_IL3RA_HUMAN,151,C,B,0.03,0.018,0.088,0.893,0.556666666667
sp_P26951_IL3RA_HUMAN,152,L,E,0.481,0.018,0.088,0.893,0.552444444444
sp_P26951_IL3RA_HUMAN,153,H,E,0.534,0.018,0.141,0.840,0.561777777778
sp_P26951_IL3RA_HUMAN,154,Y,E,0.252,0.056,0.142,0.802,0.559666666667
sp_P26951_IL3RA_HUMAN,155,K,E,0.44,0.056,0.142,0.802,0.581777777778
sp_P26951_IL3RA_HUMAN,156,T,E,0.62,0.018,0.141,0.840,0.596111111111
sp_P26951_IL3RA_HUMAN,157,D,E,0.521,0.018,0.019,0.964,0.595555555556
sp_P26951_IL3RA_HUMAN,158,A,E,0.661,0.018,0.019,0.964,0.591
sp_P26951_IL3RA_HUMAN,159,Q,E,0.595,0.005,0.015,0.979,0.583
sp_P26951_IL3RA_HUMAN,160,G,E,0.464,0.004,0.085,0.910,0.558333333333
sp_P26951_IL3RA_HUMAN,161,T,B,0.231,0.004,0.263,0.733,0.509444444444
sp_P26951_IL3RA_HUMAN,162,R,E,0.374,0.004,0.514,0.481,0.486666666667
sp_P26951_IL3RA_HUMAN,163,I,B,0.132,0.004,0.616,0.381,0.459555555556
sp_P26951_IL3RA_HUMAN,164,G,B,0.162,0.003,0.718,0.279,0.439888888889
sp_P26951_IL3RA_HUMAN,165,C,B,0.017,0.001,0.900,0.099,0.441444444444
sp_P26951_IL3RA_HUMAN,166,R,B,0.172,0.001,0.900,0.099,0.446444444444
sp_P26951_IL3RA_HUMAN,167,F,B,0.027,0.024,0.655,0.322,0.468
sp_P26951_IL3RA_HUMAN,168,D,E,0.265,0.021,0.279,0.699,0.501888888889
sp_P26951_IL3RA_HUMAN,169,D,E,0.408,0.018,0.141,0.840,0.535666666667
sp_P26951_IL3RA_HUMAN,170,I,E,0.387,0.020,0.205,0.775,0.594111111111
sp_P26951_IL3RA_HUMAN,171,S,E,0.474,0.021,0.279,0.699,0.622888888889
sp_P26951_IL3RA_HUMAN,172,R,E,0.374,0.021,0.279,0.699,0.653
sp_P26951_IL3RA_HUMAN,173,L,E,0.325,0.018,0.141,0.840,0.674666666667
sp_P26951_IL3RA_HUMAN,174,S,E,0.349,0.018,0.088,0.893,0.647222222222
sp_P26951_IL3RA_HUMAN,175,S,E,0.492,0.018,0.141,0.840,0.629222222222
sp_P26951_IL3RA_HUMAN,176,G,E,0.397,0.004,0.197,0.799,0.581666666667
sp_P26951_IL3RA_HUMAN,177,S,B,0.292,0.004,0.420,0.576,0.527333333333
sp_P26951_IL3RA_HUMAN,178,Q,E,0.267,0.002,0.816,0.182,0.473444444444
sp_P26951_IL3RA_HUMAN,179,S,B,0.228,0.001,0.900,0.099,0.410888888889
sp_P26951_IL3RA_HUMAN,180,S,B,0.038,0.001,0.959,0.040,0.362
sp_P26951_IL3RA_HUMAN,181,H,B,0.094,0.001,0.959,0.040,0.339888888889
sp_P26951_IL3RA_HUMAN,182,I,B,0.026,0.001,0.959,0.040,0.298777777778
sp_P26951_IL3RA_HUMAN,183,L,B,0.065,0.001,0.959,0.040,0.313333333333
sp_P26951_IL3RA_HUMAN,184,V,B,0.02,0.001,0.959,0.040,0.326777777778
sp_P26951_IL3RA_HUMAN,185,R,E,0.213,0.001,0.959,0.040,0.357333333333
sp_P26951_IL3RA_HUMAN,186,G,B,0.067,0.001,0.900,0.099,0.392777777778
sp_P26951_IL3RA_HUMAN,187,R,E,0.326,0.003,0.718,0.279,0.438666666667
sp_P26951_IL3RA_HUMAN,188,S,B,0.233,0.004,0.336,0.660,0.466111111111
sp_P26951_IL3RA_HUMAN,189,A,E,0.583,0.018,0.088,0.893,0.490555555556
sp_P26951_IL3RA_HUMAN,190,A,E,0.552,0.018,0.047,0.935,0.505444444444
sp_P26951_IL3RA_HUMAN,191,F,E,0.442,0.021,0.279,0.699,0.527333333333
sp_P26951_IL3RA_HUMAN,192,G,E,0.545,0.021,0.452,0.528,0.534333333333
sp_P26951_IL3RA_HUMAN,193,I,B,0.257,0.022,0.552,0.426,0.528666666667
sp_P26951_IL3RA_HUMAN,194,P,E,0.506,0.021,0.452,0.528,0.536777777778
sp_P26951_IL3RA_HUMAN,195,C,B,0.227,0.022,0.359,0.619,0.531777777778
sp_P26951_IL3RA_HUMAN,196,T,E,0.397,0.020,0.205,0.775,0.512444444444
sp_P26951_IL3RA_HUMAN,197,D,E,0.459,0.020,0.205,0.775,0.520111111111
sp_P26951_IL3RA_HUMAN,198,K,E,0.351,0.021,0.452,0.528,0.526444444444
sp_P26951_IL3RA_HUMAN,199,F,B,0.23,0.024,0.655,0.322,0.524222222222
sp_P26951_IL3RA_HUMAN,200,V,B,0.156,0.024,0.655,0.322,0.539111111111
sp_P26951_IL3RA_HUMAN,201,V,E,0.318,0.021,0.452,0.528,0.527888888889
sp_P26951_IL3RA_HUMAN,202,F,B,0.105,0.021,0.279,0.699,0.544
sp_P26951_IL3RA_HUMAN,203,S,E,0.526,0.022,0.359,0.619,0.539111111111
sp_P26951_IL3RA_HUMAN,204,Q,E,0.48,0.022,0.359,0.619,0.545
sp_P26951_IL3RA_HUMAN,205,I,B,0.186,0.022,0.359,0.619,0.558666666667
sp_P26951_IL3RA_HUMAN,206,E,E,0.341,0.021,0.452,0.528,0.551444444444
sp_P26951_IL3RA_HUMAN,207,I,E,0.498,0.021,0.279,0.699,0.542444444444
sp_P26951_IL3RA_HUMAN,208,L,B,0.222,0.004,0.085,0.910,0.544111111111
sp_P26951_IL3RA_HUMAN,209,T,E,0.597,0.005,0.015,0.979,0.519666666667
sp_P26951_IL3RA_HUMAN,210,P,B,0.191,0.003,0.003,0.994,0.523111111111
sp_P26951_IL3RA_HUMAN,211,P,E,0.406,0.005,0.045,0.951,0.499333333333
sp_P26951_IL3RA_HUMAN,212,N,E,0.458,0.004,0.420,0.576,0.482444444444
sp_P26951_IL3RA_HUMAN,213,M,B,0.088,0.003,0.718,0.279,0.468222222222
sp_P26951_IL3RA_HUMAN,214,T,E,0.301,0.001,0.900,0.099,0.464666666667
sp_P26951_IL3RA_HUMAN,215,A,B,0.18,0.001,0.900,0.099,0.474777777778
sp_P26951_IL3RA_HUMAN,216,K,E,0.443,0.001,0.900,0.099,0.481333333333
sp_P26951_IL3RA_HUMAN,217,C,E,0.364,0.002,0.816,0.182,0.472777777778
sp_P26951_IL3RA_HUMAN,218,N,E,0.459,0.004,0.420,0.576,0.467555555556
sp_P26951_IL3RA_HUMAN,219,K,E,0.629,0.005,0.015,0.979,0.455777777778
sp_P26951_IL3RA_HUMAN,220,T,E,0.493,0.005,0.045,0.951,0.441555555556
sp_P26951_IL3RA_HUMAN,221,H,B,0.252,0.003,0.718,0.279,0.448
sp_P26951_IL3RA_HUMAN,222,S,B,0.036,0.001,0.900,0.099,0.442888888889
sp_P26951_IL3RA_HUMAN,223,F,B,0.186,0.011,0.918,0.071,0.440777777778
sp_P26951_IL3RA_HUMAN,224,M,B,0.021,0.006,0.962,0.032,0.448111111111
sp_P26951_IL3RA_HUMAN,225,H,B,0.202,0.001,0.959,0.040,0.461
sp_P26951_IL3RA_HUMAN,226,W,B,0.046,0.002,0.816,0.182,0.480111111111
sp_P26951_IL3RA_HUMAN,227,K,E,0.433,0.004,0.514,0.481,0.513555555556
sp_P26951_IL3RA_HUMAN,228,M,E,0.371,0.004,0.197,0.799,0.534666666667
sp_P26951_IL3RA_HUMAN,229,R,E,0.341,0.005,0.045,0.951,0.559333333333
sp_P26951_IL3RA_HUMAN,230,S,E,0.616,0.005,0.045,0.951,0.566888888889
sp_P26951_IL3RA_HUMAN,231,H,E,0.425,0.018,0.019,0.964,0.582666666667
sp_P26951_IL3RA_HUMAN,232,F,B,0.293,0.018,0.019,0.964,0.566888888889
sp_P26951_IL3RA_HUMAN,233,N,E,0.555,0.018,0.088,0.893,0.553111111111
sp_P26951_IL3RA_HUMAN,234,R,E,0.347,0.004,0.263,0.733,0.519222222222
sp_P26951_IL3RA_HUMAN,235,K,E,0.294,0.004,0.616,0.381,0.486333333333
sp_P26951_IL3RA_HUMAN,236,F,B,0.043,0.001,0.900,0.099,0.450111111111
sp_P26951_IL3RA_HUMAN,237,R,B,0.217,0.001,0.959,0.040,0.435444444444
sp_P26951_IL3RA_HUMAN,238,Y,B,0.051,0.001,0.959,0.040,0.413777777778
sp_P26951_IL3RA_HUMAN,239,E,B,0.138,0.001,0.983,0.017,0.407555555556
sp_P26951_IL3RA_HUMAN,240,L,B,0.026,0.001,0.983,0.017,0.406666666667
sp_P26951_IL3RA_HUMAN,241,Q,B,0.195,0.001,0.983,0.017,0.430222222222
sp_P26951_IL3RA_HUMAN,242,I,B,0.069,0.001,0.983,0.017,0.439222222222
sp_P26951_IL3RA_HUMAN,243,Q,B,0.256,0.001,0.959,0.040,0.471555555556
sp_P26951_IL3RA_HUMAN,244,K,E,0.429,0.002,0.816,0.182,0.490555555556
sp_P26951_IL3RA_HUMAN,245,R,E,0.594,0.004,0.197,0.799,0.515555555556
sp_P26951_IL3RA_HUMAN,246,M,E,0.628,0.004,0.085,0.910,0.525
sp_P26951_IL3RA_HUMAN,247,Q,E,0.646,0.005,0.045,0.951,0.538111111111
sp_P26951_IL3RA_HUMAN,248,P,E,0.612,0.020,0.205,0.775,0.547222222222
sp_P26951_IL3RA_HUMAN,249,V,E,0.501,0.024,0.655,0.322,0.547444444444
sp_P26951_IL3RA_HUMAN,250,I,E,0.392,0.024,0.655,0.322,0.540444444444
sp_P26951_IL3RA_HUMAN,251,T,E,0.415,0.021,0.452,0.528,0.546555555556
sp_P26951_IL3RA_HUMAN,252,E,E,0.462,0.004,0.420,0.576,0.538
sp_P26951_IL3RA_HUMAN,253,Q,E,0.592,0.004,0.420,0.576,0.532555555556
sp_P26951_IL3RA_HUMAN,254,V,E,0.361,0.004,0.616,0.381,0.523666666667
sp_P26951_IL3RA_HUMAN,255,R,E,0.449,0.002,0.816,0.182,0.516333333333
sp_P26951_IL3RA_HUMAN,256,D,E,0.479,0.002,0.816,0.182,0.502777777778
sp_P26951_IL3RA_HUMAN,257,R,E,0.305,0.001,0.900,0.099,0.490888888889
sp_P26951_IL3RA_HUMAN,258,T,B,0.232,0.001,0.900,0.099,0.467555555556
sp_P26951_IL3RA_HUMAN,259,S,B,0.237,0.001,0.900,0.099,0.475222222222
sp_P26951_IL3RA_HUMAN,260,F,B,0.111,0.002,0.816,0.182,0.473222222222
sp_P26951_IL3RA_HUMAN,261,Q,E,0.31,0.003,0.718,0.279,0.465
sp_P26951_IL3RA_HUMAN,262,L,B,0.048,0.004,0.263,0.733,0.463111111111
sp_P26951_IL3RA_HUMAN,263,L,E,0.456,0.004,0.085,0.910,0.468444444444
sp_P26951_IL3RA_HUMAN,264,N,E,0.562,0.005,0.015,0.979,0.461666666667
sp_P26951_IL3RA_HUMAN,265,P,E,0.597,0.003,0.003,0.994,0.469333333333
sp_P26951_IL3RA_HUMAN,266,G,B,0.229,0.004,0.197,0.799,0.448
sp_P26951_IL3RA_HUMAN,267,T,E,0.371,0.002,0.816,0.182,0.445888888889
sp_P26951_IL3RA_HUMAN,268,Y,B,0.048,0.001,0.959,0.040,0.408444444444
sp_P26951_IL3RA_HUMAN,269,T,B,0.149,0.001,0.959,0.040,0.395444444444
sp_P26951_IL3RA_HUMAN,270,V,B,0.014,0.001,0.959,0.040,0.373555555556
sp_P26951_IL3RA_HUMAN,271,Q,B,0.086,0.001,0.959,0.040,0.373666666667
sp_P26951_IL3RA_HUMAN,272,I,B,0.014,0.001,0.959,0.040,0.376777777778
sp_P26951_IL3RA_HUMAN,273,R,B,0.091,0.001,0.959,0.040,0.397
sp_P26951_IL3RA_HUMAN,274,A,B,0.019,0.001,0.900,0.099,0.412777777778
sp_P26951_IL3RA_HUMAN,275,R,B,0.141,0.024,0.655,0.322,0.448777777778
sp_P26951_IL3RA_HUMAN,276,E,B,0.236,0.021,0.452,0.528,0.482555555556
sp_P26951_IL3RA_HUMAN,277,R,E,0.331,0.020,0.205,0.775,0.517888888889
sp_P26951_IL3RA_HUMAN,278,V,E,0.449,0.018,0.047,0.935,0.519333333333
sp_P26951_IL3RA_HUMAN,279,Y,E,0.486,0.018,0.019,0.964,0.549111111111
sp_P26951_IL3RA_HUMAN,280,E,E,0.407,0.018,0.019,0.964,0.538111111111
sp_P26951_IL3RA_HUMAN,281,F,E,0.387,0.018,0.047,0.935,0.53
sp_P26951_IL3RA_HUMAN,282,L,B,0.116,0.018,0.047,0.935,0.522222222222
sp_P26951_IL3RA_HUMAN,283,S,B,0.166,0.018,0.088,0.893,0.520555555556
sp_P26951_IL3RA_HUMAN,284,A,E,0.462,0.052,0.084,0.864,0.508333333333
sp_P26951_IL3RA_HUMAN,285,W,B,0.119,0.018,0.088,0.893,0.495111111111
sp_P26951_IL3RA_HUMAN,286,S,B,0.182,0.018,0.088,0.893,0.494555555556
sp_P26951_IL3RA_HUMAN,287,T,E,0.508,0.020,0.205,0.775,0.491555555556
sp_P26951_IL3RA_HUMAN,288,P,E,0.439,0.021,0.452,0.528,0.487888888889
sp_P26951_IL3RA_HUMAN,289,Q,B,0.249,0.003,0.718,0.279,0.484333333333
sp_P26951_IL3RA_HUMAN,290,R,E,0.317,0.001,0.900,0.099,0.492
sp_P26951_IL3RA_HUMAN,291,F,B,0.122,0.001,0.900,0.099,0.515555555556
sp_P26951_IL3RA_HUMAN,292,E,E,0.404,0.003,0.718,0.279,0.524888888889
sp_P26951_IL3RA_HUMAN,293,C,B,0.094,0.004,0.420,0.576,0.550444444444
sp_P26951_IL3RA_HUMAN,294,D,E,0.476,0.018,0.141,0.840,0.563666666667
sp_P26951_IL3RA_HUMAN,295,Q,E,0.617,0.018,0.047,0.935,0.568666666667
sp_P26951_IL3RA_HUMAN,296,E,E,0.629,0.053,0.043,0.903,0.588333333333
sp_P26951_IL3RA_HUMAN,297,E,E,0.548,0.018,0.047,0.935,0.596333333333
sp_P26951_IL3RA_HUMAN,298,G,E,0.439,0.018,0.019,0.964,0.630555555556
sp_P26951_IL3RA_HUMAN,299,A,E,0.471,0.018,0.019,0.964,0.639
sp_P26951_IL3RA_HUMAN,300,N,E,0.489,0.058,0.017,0.925,0.625888888889
sp_P26951_IL3RA_HUMAN,301,T,B,0.28,0.181,0.017,0.803,0.616333333333
sp_P26951_IL3RA_HUMAN,302,R,B,0.312,0.339,0.016,0.645,0.586888888889
sp_P26951_IL3RA_HUMAN,303,A,B,0.306,0.522,0.016,0.462,0.566555555556
sp_P26951_IL3RA_HUMAN,304,W,B,0.217,0.802,0.014,0.185,0.544666666667
sp_P26951_IL3RA_HUMAN,305,R,B,0.197,0.802,0.014,0.185,0.520111111111
sp_P26951_IL3RA_HUMAN,306,T,E,0.311,0.878,0.010,0.111,0.499111111111
sp_P26951_IL3RA_HUMAN,307,S,E,0.262,0.938,0.007,0.055,0.462777777778
sp_P26951_IL3RA_HUMAN,308,L,E,0.311,0.923,0.002,0.076,0.417666666667
sp_P26951_IL3RA_HUMAN,309,L,E,0.246,0.970,0.001,0.029,0.386777777778
sp_P26951_IL3RA_HUMAN,310,I,E,0.301,0.970,0.001,0.029,0.367666666667
sp_P26951_IL3RA_HUMAN,311,A,E,0.26,0.970,0.001,0.029,0.348888888889
sp_P26951_IL3RA_HUMAN,312,L,B,0.272,0.970,0.001,0.029,0.322777777778
sp_P26951_IL3RA_HUMAN,313,G,B,0.232,0.988,0.000,0.012,0.303333333333
sp_P26951_IL3RA_HUMAN,314,T,E,0.275,0.988,0.000,0.012,0.281333333333
sp_P26951_IL3RA_HUMAN,315,L,B,0.228,0.988,0.000,0.012,0.258555555556
sp_P26951_IL3RA_HUMAN,316,L,B,0.21,0.988,0.000,0.012,0.244777777778
sp_P26951_IL3RA_HUMAN,317,A,B,0.215,0.988,0.000,0.012,0.250222222222
sp_P26951_IL3RA_HUMAN,318,L,B,0.232,0.988,0.000,0.012,0.242111111111
sp_P26951_IL3RA_HUMAN,319,V,B,0.22,0.988,0.000,0.012,0.239333333333
sp_P26951_IL3RA_HUMAN,320,C,B,0.143,0.988,0.000,0.012,0.241333333333
sp_P26951_IL3RA_HUMAN,321,V,B,0.167,0.988,0.000,0.012,0.247222222222
sp_P26951_IL3RA_HUMAN,322,F,B,0.164,0.988,0.000,0.012,0.269444444444
sp_P26951_IL3RA_HUMAN,323,V,B,0.149,0.970,0.001,0.029,0.308
sp_P26951_IL3RA_HUMAN,324,I,B,0.165,0.970,0.001,0.029,0.354
sp_P26951_IL3RA_HUMAN,325,C,B,0.198,0.923,0.002,0.076,0.392333333333
sp_P26951_IL3RA_HUMAN,326,R,B,0.278,0.859,0.002,0.139,0.422777777778
sp_P26951_IL3RA_HUMAN,327,R,E,0.381,0.782,0.003,0.215,0.448666666667
sp_P26951_IL3RA_HUMAN,328,Y,E,0.371,0.600,0.003,0.397,0.471111111111
sp_P26951_IL3RA_HUMAN,329,L,E,0.383,0.522,0.016,0.462,0.497555555556
sp_P26951_IL3RA_HUMAN,330,V,B,0.181,0.455,0.046,0.498,0.507444444444
sp_P26951_IL3RA_HUMAN,331,M,B,0.208,0.428,0.171,0.402,0.499444444444
sp_P26951_IL3RA_HUMAN,332,Q,E,0.377,0.352,0.332,0.316,0.493333333333
sp_P26951_IL3RA_HUMAN,333,R,B,0.204,0.252,0.423,0.325,0.486555555556
sp_P26951_IL3RA_HUMAN,334,L,B,0.053,0.148,0.418,0.435,0.474666666667
sp_P26951_IL3RA_HUMAN,335,F,B,0.11,0.056,0.142,0.802,0.479555555556
sp_P26951_IL3RA_HUMAN,336,P,B,0.208,0.018,0.047,0.935,0.485444444444
sp_P26951_IL3RA_HUMAN,337,R,E,0.429,0.018,0.019,0.964,0.480888888889
sp_P26951_IL3RA_HUMAN,338,I,B,0.063,0.003,0.003,0.994,0.49
sp_P26951_IL3RA_HUMAN,339,P,B,0.224,0.003,0.003,0.994,0.518777777778
sp_P26951_IL3RA_HUMAN,340,H,E,0.54,0.003,0.003,0.994,0.538222222222
sp_P26951_IL3RA_HUMAN,341,M,B,0.179,0.018,0.019,0.964,0.538777777778
sp_P26951_IL3RA_HUMAN,342,K,E,0.664,0.018,0.019,0.964,0.545
sp_P26951_IL3RA_HUMAN,343,D,E,0.405,0.018,0.047,0.935,0.572888888889
sp_P26951_IL3RA_HUMAN,344,P,E,0.475,0.018,0.088,0.893,0.578555555556
sp_P26951_IL3RA_HUMAN,345,I,B,0.132,0.018,0.088,0.893,0.579666666667
sp_P26951_IL3RA_HUMAN,346,G,E,0.488,0.018,0.088,0.893,0.590777777778
sp_P26951_IL3RA_HUMAN,347,D,E,0.42,0.018,0.047,0.935,0.576666666667
sp_P26951_IL3RA_HUMAN,348,S,B,0.171,0.053,0.043,0.903,0.576666666667
sp_P26951_IL3RA_HUMAN,349,F,B,0.142,0.053,0.043,0.903,0.583555555556
sp_P26951_IL3RA_HUMAN,350,Q,E,0.495,0.052,0.084,0.864,0.589777777778
sp_P26951_IL3RA_HUMAN,351,N,B,0.247,0.018,0.047,0.935,0.582333333333
sp_P26951_IL3RA_HUMAN,352,D,E,0.545,0.018,0.047,0.935,0.561666666667
sp_P26951_IL3RA_HUMAN,353,K,E,0.579,0.018,0.141,0.840,0.551222222222
sp_P26951_IL3RA_HUMAN,354,L,B,0.254,0.022,0.359,0.619,0.563555555556
sp_P26951_IL3RA_HUMAN,355,V,E,0.261,0.022,0.552,0.426,0.563111111111
sp_P26951_IL3RA_HUMAN,356,V,B,0.239,0.024,0.655,0.322,0.576222222222
sp_P26951_IL3RA_HUMAN,357,W,B,0.23,0.022,0.552,0.426,0.589444444444
sp_P26951_IL3RA_HUMAN,358,E,E,0.38,0.021,0.452,0.528,0.591222222222
sp_P26951_IL3RA_HUMAN,359,A,E,0.45,0.020,0.205,0.775,0.597555555556
sp_P26951_IL3RA_HUMAN,360,G,E,0.298,0.004,0.085,0.910,0.599333333333
sp_P26951_IL3RA_HUMAN,361,K,E,0.487,0.005,0.045,0.951,0.614666666667
sp_P26951_IL3RA_HUMAN,362,A,E,0.477,0.005,0.015,0.979,0.624333333333
sp_P26951_IL3RA_HUMAN,363,G,E,0.409,0.018,0.019,0.964,0.611222222222
sp_P26951_IL3RA_HUMAN,364,L,E,0.317,0.018,0.047,0.935,0.609444444444
sp_P26951_IL3RA_HUMAN,365,E,E,0.643,0.053,0.043,0.903,0.593777777778
sp_P26951_IL3RA_HUMAN,366,E,E,0.484,0.052,0.084,0.864,0.562888888889
sp_P26951_IL3RA_HUMAN,367,C,B,0.234,0.052,0.084,0.864,0.545888888889
sp_P26951_IL3RA_HUMAN,368,L,E,0.387,0.020,0.205,0.775,0.520444444444
sp_P26951_IL3RA_HUMAN,369,V,E,0.283,0.004,0.420,0.576,0.517666666667
sp_P26951_IL3RA_HUMAN,370,T,E,0.502,0.003,0.718,0.279,0.493555555556
sp_P26951_IL3RA_HUMAN,371,E,E,0.379,0.002,0.816,0.182,0.475555555556
sp_P26951_IL3RA_HUMAN,372,V,B,0.127,0.002,0.816,0.182,0.478222222222
sp_P26951_IL3RA_HUMAN,373,Q,B,0.277,0.001,0.900,0.099,0.469222222222
sp_P26951_IL3RA_HUMAN,374,V,B,0.235,0.001,0.900,0.099,0.464222222222
sp_P26951_IL3RA_HUMAN,375,V,B,0.191,0.002,0.816,0.182,0.412222222222
sp_P26951_IL3RA_HUMAN,376,Q,E,0.429,0.003,0.718,0.279,0.359555555556
sp_P26951_IL3RA_HUMAN,377,K,E,0.48,0.004,0.420,0.576,0.317111111111
sp_P26951_IL3RA_HUMAN,378,T,E,0.828,0.016,0.005,0.979,0.259777777778
