Entry,Position,AminoAcid,Exposed/Buried,RelativeSurfaceAccessilibity,HelixProbability,SheetProbability,CoilProbability,EpitopeProbability
sp_O43653_PSCA_HUMAN,1,M,E,0.672,0.005,0.015,0.979,0.239
sp_O43653_PSCA_HUMAN,2,A,E,0.349,0.021,0.279,0.699,0.301
sp_O43653_PSCA_HUMAN,3,G,B,0.282,0.021,0.279,0.699,0.373888888889
sp_O43653_PSCA_HUMAN,4,L,B,0.179,0.021,0.279,0.699,0.433111111111
sp_O43653_PSCA_HUMAN,5,A,B,0.265,0.020,0.205,0.775,0.489
sp_O43653_PSCA_HUMAN,6,L,B,0.181,0.018,0.141,0.840,0.519888888889
sp_O43653_PSCA_HUMAN,7,Q,E,0.49,0.018,0.088,0.893,0.532777777778
sp_O43653_PSCA_HUMAN,8,P,E,0.453,0.018,0.088,0.893,0.510888888889
sp_O43653_PSCA_HUMAN,9,G,B,0.202,0.018,0.088,0.893,0.511333333333
sp_O43653_PSCA_HUMAN,10,T,E,0.4,0.018,0.088,0.893,0.484555555556
sp_O43653_PSCA_HUMAN,11,A,B,0.154,0.022,0.552,0.426,0.474444444444
sp_O43653_PSCA_HUMAN,12,L,B,0.057,0.002,0.816,0.182,0.450666666667
sp_O43653_PSCA_HUMAN,13,L,E,0.309,0.001,0.900,0.099,0.428333333333
sp_O43653_PSCA_HUMAN,14,C,B,0.034,0.018,0.846,0.136,0.429777777778
sp_O43653_PSCA_HUMAN,15,Y,B,0.139,0.018,0.846,0.136,0.430777777778
sp_O43653_PSCA_HUMAN,16,S,B,0.215,0.003,0.718,0.279,0.444777777778
sp_O43653_PSCA_HUMAN,17,C,B,0.056,0.004,0.514,0.481,0.491555555556
sp_O43653_PSCA_HUMAN,18,K,E,0.507,0.021,0.279,0.699,0.510888888889
sp_O43653_PSCA_HUMAN,19,A,E,0.411,0.018,0.141,0.840,0.545444444444
sp_O43653_PSCA_HUMAN,20,Q,E,0.436,0.018,0.088,0.893,0.572666666667
sp_O43653_PSCA_HUMAN,21,V,E,0.472,0.018,0.047,0.935,0.594111111111
sp_O43653_PSCA_HUMAN,22,S,E,0.457,0.018,0.019,0.964,0.617555555556
sp_O43653_PSCA_HUMAN,23,N,E,0.452,0.116,0.016,0.868,0.624222222222
sp_O43653_PSCA_HUMAN,24,E,E,0.593,0.116,0.016,0.868,0.623555555556
sp_O43653_PSCA_HUMAN,25,D,E,0.429,0.058,0.017,0.925,0.600666666667
sp_O43653_PSCA_HUMAN,26,C,B,0.059,0.053,0.043,0.903,0.584888888889
sp_O43653_PSCA_HUMAN,27,L,E,0.473,0.052,0.084,0.864,0.567444444444
sp_O43653_PSCA_HUMAN,28,Q,E,0.504,0.018,0.141,0.840,0.545444444444
sp_O43653_PSCA_HUMAN,29,V,B,0.24,0.021,0.279,0.699,0.534444444444
sp_O43653_PSCA_HUMAN,30,E,E,0.31,0.022,0.552,0.426,0.530444444444
sp_O43653_PSCA_HUMAN,31,N,E,0.602,0.022,0.552,0.426,0.538777777778
sp_O43653_PSCA_HUMAN,32,C,B,0.038,0.021,0.279,0.699,0.534888888889
sp_O43653_PSCA_HUMAN,33,T,E,0.512,0.018,0.047,0.935,0.536666666667
sp_O43653_PSCA_HUMAN,34,Q,E,0.665,0.058,0.017,0.925,0.545222222222
sp_O43653_PSCA_HUMAN,35,L,E,0.584,0.058,0.017,0.925,0.527888888889
sp_O43653_PSCA_HUMAN,36,G,E,0.495,0.053,0.043,0.903,0.521888888889
sp_O43653_PSCA_HUMAN,37,E,E,0.466,0.066,0.296,0.638,0.519666666667
sp_O43653_PSCA_HUMAN,38,Q,E,0.239,0.021,0.756,0.223,0.507111111111
sp_O43653_PSCA_HUMAN,39,C,B,0.032,0.018,0.846,0.136,0.497777777778
sp_O43653_PSCA_HUMAN,40,W,B,0.182,0.011,0.918,0.071,0.482777777778
sp_O43653_PSCA_HUMAN,41,T,B,0.09,0.006,0.962,0.032,0.484666666667
sp_O43653_PSCA_HUMAN,42,A,B,0.144,0.001,0.959,0.040,0.474333333333
sp_O43653_PSCA_HUMAN,43,R,B,0.173,0.001,0.959,0.040,0.482555555556
sp_O43653_PSCA_HUMAN,44,I,B,0.161,0.001,0.959,0.040,0.497555555556
sp_O43653_PSCA_HUMAN,45,R,B,0.28,0.001,0.900,0.099,0.516666666667
sp_O43653_PSCA_HUMAN,46,A,B,0.213,0.003,0.718,0.279,0.537888888889
sp_O43653_PSCA_HUMAN,47,V,E,0.375,0.021,0.452,0.528,0.536444444444
sp_O43653_PSCA_HUMAN,48,G,E,0.451,0.021,0.279,0.699,0.538777777778
sp_O43653_PSCA_HUMAN,49,L,E,0.421,0.020,0.205,0.775,0.531666666667
sp_O43653_PSCA_HUMAN,50,L,E,0.343,0.022,0.359,0.619,0.531666666667
sp_O43653_PSCA_HUMAN,51,T,B,0.256,0.021,0.756,0.223,0.555444444444
sp_O43653_PSCA_HUMAN,52,V,B,0.25,0.011,0.918,0.071,0.554666666667
sp_O43653_PSCA_HUMAN,53,I,B,0.156,0.011,0.918,0.071,0.543333333333
sp_O43653_PSCA_HUMAN,54,S,B,0.275,0.018,0.846,0.136,0.534777777778
sp_O43653_PSCA_HUMAN,55,K,E,0.308,0.021,0.452,0.528,0.539333333333
sp_O43653_PSCA_HUMAN,56,G,E,0.376,0.022,0.359,0.619,0.548666666667
sp_O43653_PSCA_HUMAN,57,C,B,0.108,0.022,0.359,0.619,0.541666666667
sp_O43653_PSCA_HUMAN,58,S,B,0.23,0.021,0.279,0.699,0.569
sp_O43653_PSCA_HUMAN,59,L,E,0.597,0.020,0.205,0.775,0.573444444444
sp_O43653_PSCA_HUMAN,60,N,E,0.534,0.020,0.205,0.775,0.567777777778
sp_O43653_PSCA_HUMAN,61,C,B,0.115,0.018,0.141,0.840,0.572666666667
sp_O43653_PSCA_HUMAN,62,V,E,0.483,0.018,0.088,0.893,0.605444444444
sp_O43653_PSCA_HUMAN,63,D,E,0.601,0.018,0.047,0.935,0.617666666667
sp_O43653_PSCA_HUMAN,64,D,E,0.553,0.018,0.047,0.935,0.620444444444
sp_O43653_PSCA_HUMAN,65,S,E,0.375,0.018,0.047,0.935,0.624111111111
sp_O43653_PSCA_HUMAN,66,Q,E,0.358,0.018,0.088,0.893,0.629333333333
sp_O43653_PSCA_HUMAN,67,D,E,0.564,0.056,0.142,0.802,0.615666666667
sp_O43653_PSCA_HUMAN,68,Y,B,0.209,0.064,0.216,0.721,0.614777777778
sp_O43653_PSCA_HUMAN,69,Y,E,0.323,0.021,0.279,0.699,0.604333333333
sp_O43653_PSCA_HUMAN,70,V,B,0.209,0.021,0.452,0.528,0.590888888889
sp_O43653_PSCA_HUMAN,71,G,B,0.257,0.024,0.655,0.322,0.546222222222
sp_O43653_PSCA_HUMAN,72,K,E,0.36,0.018,0.846,0.136,0.525111111111
sp_O43653_PSCA_HUMAN,73,K,B,0.259,0.018,0.846,0.136,0.499777777778
sp_O43653_PSCA_HUMAN,74,N,E,0.324,0.021,0.756,0.223,0.479333333333
sp_O43653_PSCA_HUMAN,75,I,B,0.066,0.022,0.552,0.426,0.478555555556
sp_O43653_PSCA_HUMAN,76,T,B,0.278,0.021,0.452,0.528,0.467777777778
sp_O43653_PSCA_HUMAN,77,C,B,0.056,0.021,0.452,0.528,0.454666666667
sp_O43653_PSCA_HUMAN,78,C,B,0.06,0.022,0.359,0.619,0.452555555556
sp_O43653_PSCA_HUMAN,79,D,E,0.358,0.056,0.142,0.802,0.452222222222
sp_O43653_PSCA_HUMAN,80,T,E,0.372,0.113,0.043,0.844,0.483222222222
sp_O43653_PSCA_HUMAN,81,D,E,0.386,0.184,0.043,0.773,0.485555555556
sp_O43653_PSCA_HUMAN,82,L,B,0.117,0.184,0.043,0.773,0.505444444444
sp_O43653_PSCA_HUMAN,83,C,B,0.06,0.278,0.093,0.628,0.526888888889
sp_O43653_PSCA_HUMAN,84,N,B,0.218,0.184,0.043,0.773,0.540777777778
sp_O43653_PSCA_HUMAN,85,A,E,0.38,0.184,0.043,0.773,0.570888888889
sp_O43653_PSCA_HUMAN,86,S,E,0.488,0.113,0.043,0.844,0.590888888889
sp_O43653_PSCA_HUMAN,87,G,E,0.377,0.058,0.017,0.925,0.598111111111
sp_O43653_PSCA_HUMAN,88,A,B,0.226,0.053,0.043,0.903,0.613888888889
sp_O43653_PSCA_HUMAN,89,H,E,0.368,0.053,0.043,0.903,0.598222222222
sp_O43653_PSCA_HUMAN,90,A,E,0.351,0.058,0.017,0.925,0.598444444444
sp_O43653_PSCA_HUMAN,91,L,B,0.176,0.058,0.017,0.925,0.587444444444
sp_O43653_PSCA_HUMAN,92,Q,E,0.411,0.181,0.017,0.803,0.566888888889
sp_O43653_PSCA_HUMAN,93,P,B,0.184,0.321,0.003,0.675,0.531666666667
sp_O43653_PSCA_HUMAN,94,A,B,0.192,0.502,0.002,0.495,0.485222222222
sp_O43653_PSCA_HUMAN,95,A,B,0.235,0.600,0.003,0.397,0.444222222222
sp_O43653_PSCA_HUMAN,96,A,B,0.146,0.694,0.003,0.303,0.408111111111
sp_O43653_PSCA_HUMAN,97,I,B,0.147,0.859,0.002,0.139,0.366333333333
sp_O43653_PSCA_HUMAN,98,L,B,0.2,0.923,0.002,0.076,0.351
sp_O43653_PSCA_HUMAN,99,A,B,0.232,0.923,0.002,0.076,0.328333333333
sp_O43653_PSCA_HUMAN,100,L,B,0.222,0.970,0.001,0.029,0.299777777778
sp_O43653_PSCA_HUMAN,101,L,B,0.27,0.970,0.001,0.029,0.295222222222
sp_O43653_PSCA_HUMAN,102,P,B,0.255,0.923,0.002,0.076,0.302777777778
sp_O43653_PSCA_HUMAN,103,A,B,0.175,0.923,0.002,0.076,0.314222222222
sp_O43653_PSCA_HUMAN,104,L,B,0.145,0.923,0.002,0.076,0.334
sp_O43653_PSCA_HUMAN,105,G,B,0.133,0.878,0.010,0.111,0.368777777778
sp_O43653_PSCA_HUMAN,106,L,B,0.142,0.878,0.010,0.111,0.394222222222
sp_O43653_PSCA_HUMAN,107,L,B,0.153,0.831,0.044,0.125,0.415111111111
sp_O43653_PSCA_HUMAN,108,L,B,0.178,0.561,0.047,0.393,0.449444444444
sp_O43653_PSCA_HUMAN,109,W,B,0.185,0.278,0.093,0.628,0.496333333333
sp_O43653_PSCA_HUMAN,110,G,B,0.267,0.113,0.043,0.844,0.503666666667
sp_O43653_PSCA_HUMAN,111,P,E,0.483,0.058,0.017,0.925,0.460444444444
sp_O43653_PSCA_HUMAN,112,G,E,0.593,0.018,0.019,0.964,0.415888888889
sp_O43653_PSCA_HUMAN,113,Q,E,0.589,0.018,0.047,0.935,0.364666666667
sp_O43653_PSCA_HUMAN,114,L,E,0.683,0.003,0.003,0.994,0.303333333333
