Entry,Position,AminoAcid,Exposed/Buried,RelativeSurfaceAccessilibity,HelixProbability,SheetProbability,CoilProbability,EpitopeProbability
sp_Q01974_ROR2_HUMAN,1,M,E,0.711,0.003,0.003,0.994,0.263
sp_Q01974_ROR2_HUMAN,2,A,E,0.406,0.020,0.205,0.775,0.328111111111
sp_Q01974_ROR2_HUMAN,3,R,E,0.469,0.021,0.279,0.699,0.393888888889
sp_Q01974_ROR2_HUMAN,4,G,E,0.47,0.021,0.279,0.699,0.462222222222
sp_Q01974_ROR2_HUMAN,5,S,E,0.426,0.022,0.359,0.619,0.540333333333
sp_Q01974_ROR2_HUMAN,6,A,E,0.421,0.022,0.359,0.619,0.573888888889
sp_Q01974_ROR2_HUMAN,7,L,B,0.269,0.021,0.279,0.699,0.595444444444
sp_Q01974_ROR2_HUMAN,8,P,B,0.291,0.018,0.141,0.840,0.580333333333
sp_Q01974_ROR2_HUMAN,9,R,E,0.455,0.018,0.088,0.893,0.566444444444
sp_Q01974_ROR2_HUMAN,10,R,E,0.418,0.018,0.019,0.964,0.539888888889
sp_Q01974_ROR2_HUMAN,11,P,E,0.459,0.058,0.017,0.925,0.505333333333
sp_Q01974_ROR2_HUMAN,12,L,E,0.306,0.052,0.084,0.864,0.465111111111
sp_Q01974_ROR2_HUMAN,13,L,B,0.075,0.069,0.386,0.545,0.416333333333
sp_Q01974_ROR2_HUMAN,14,C,B,0.061,0.087,0.683,0.230,0.362444444444
sp_Q01974_ROR2_HUMAN,15,I,B,0.071,0.087,0.683,0.230,0.332
sp_Q01974_ROR2_HUMAN,16,P,B,0.025,0.085,0.775,0.140,0.316444444444
sp_Q01974_ROR2_HUMAN,17,A,B,0.059,0.072,0.855,0.073,0.307444444444
sp_Q01974_ROR2_HUMAN,18,V,B,0.054,0.018,0.846,0.136,0.309333333333
sp_Q01974_ROR2_HUMAN,19,W,B,0.11,0.021,0.756,0.223,0.323777777778
sp_Q01974_ROR2_HUMAN,20,A,E,0.252,0.021,0.452,0.528,0.324777777778
sp_Q01974_ROR2_HUMAN,21,A,B,0.193,0.056,0.142,0.802,0.329555555556
sp_Q01974_ROR2_HUMAN,22,A,E,0.361,0.018,0.141,0.840,0.348
sp_Q01974_ROR2_HUMAN,23,A,B,0.214,0.021,0.452,0.528,0.362666666667
sp_Q01974_ROR2_HUMAN,24,L,B,0.089,0.024,0.655,0.322,0.369777777778
sp_Q01974_ROR2_HUMAN,25,L,B,0.075,0.021,0.756,0.223,0.381555555556
sp_Q01974_ROR2_HUMAN,26,L,B,0.123,0.021,0.756,0.223,0.400444444444
sp_Q01974_ROR2_HUMAN,27,S,B,0.19,0.021,0.756,0.223,0.422333333333
sp_Q01974_ROR2_HUMAN,28,V,B,0.155,0.004,0.616,0.381,0.44
sp_Q01974_ROR2_HUMAN,29,S,E,0.381,0.004,0.336,0.660,0.467666666667
sp_Q01974_ROR2_HUMAN,30,R,B,0.228,0.004,0.197,0.799,0.502666666667
sp_Q01974_ROR2_HUMAN,31,T,E,0.486,0.018,0.088,0.893,0.521888888889
sp_Q01974_ROR2_HUMAN,32,S,E,0.391,0.018,0.047,0.935,0.541222222222
sp_Q01974_ROR2_HUMAN,33,G,E,0.52,0.018,0.047,0.935,0.533555555556
sp_Q01974_ROR2_HUMAN,34,E,E,0.507,0.020,0.205,0.775,0.531222222222
sp_Q01974_ROR2_HUMAN,35,V,B,0.188,0.022,0.552,0.426,0.529666666667
sp_Q01974_ROR2_HUMAN,36,E,E,0.288,0.021,0.756,0.223,0.531
sp_Q01974_ROR2_HUMAN,37,V,B,0.136,0.021,0.756,0.223,0.529888888889
sp_Q01974_ROR2_HUMAN,38,L,E,0.286,0.024,0.655,0.322,0.544111111111
sp_Q01974_ROR2_HUMAN,39,D,B,0.203,0.022,0.359,0.619,0.548
sp_Q01974_ROR2_HUMAN,40,P,E,0.534,0.020,0.205,0.775,0.563333333333
sp_Q01974_ROR2_HUMAN,41,N,E,0.393,0.018,0.047,0.935,0.570111111111
sp_Q01974_ROR2_HUMAN,42,D,E,0.532,0.018,0.047,0.935,0.591666666667
sp_Q01974_ROR2_HUMAN,43,P,E,0.7,0.018,0.047,0.935,0.593777777778
sp_Q01974_ROR2_HUMAN,44,L,E,0.453,0.018,0.047,0.935,0.604
sp_Q01974_ROR2_HUMAN,45,G,E,0.442,0.018,0.088,0.893,0.598444444444
sp_Q01974_ROR2_HUMAN,46,P,E,0.481,0.020,0.205,0.775,0.611
sp_Q01974_ROR2_HUMAN,47,L,E,0.3,0.021,0.279,0.699,0.613555555556
sp_Q01974_ROR2_HUMAN,48,D,E,0.431,0.064,0.216,0.721,0.613111111111
sp_Q01974_ROR2_HUMAN,49,G,B,0.292,0.056,0.142,0.802,0.610555555556
sp_Q01974_ROR2_HUMAN,50,Q,E,0.398,0.056,0.142,0.802,0.607444444444
sp_Q01974_ROR2_HUMAN,51,D,E,0.63,0.052,0.084,0.864,0.607
sp_Q01974_ROR2_HUMAN,52,G,E,0.343,0.056,0.142,0.802,0.608666666667
sp_Q01974_ROR2_HUMAN,53,P,E,0.398,0.064,0.216,0.721,0.6
sp_Q01974_ROR2_HUMAN,54,I,B,0.202,0.021,0.279,0.699,0.597888888889
sp_Q01974_ROR2_HUMAN,55,P,E,0.282,0.021,0.279,0.699,0.571222222222
sp_Q01974_ROR2_HUMAN,56,T,B,0.245,0.069,0.386,0.545,0.557333333333
sp_Q01974_ROR2_HUMAN,57,L,E,0.369,0.135,0.317,0.548,0.535888888889
sp_Q01974_ROR2_HUMAN,58,K,B,0.15,0.321,0.252,0.427,0.522666666667
sp_Q01974_ROR2_HUMAN,59,G,E,0.396,0.386,0.097,0.517,0.521666666667
sp_Q01974_ROR2_HUMAN,60,Y,E,0.304,0.606,0.105,0.289,0.519666666667
sp_Q01974_ROR2_HUMAN,61,F,B,0.096,0.606,0.105,0.289,0.511222222222
sp_Q01974_ROR2_HUMAN,62,L,B,0.232,0.606,0.105,0.289,0.524666666667
sp_Q01974_ROR2_HUMAN,63,N,E,0.373,0.538,0.173,0.289,0.531222222222
sp_Q01974_ROR2_HUMAN,64,F,B,0.2,0.428,0.171,0.402,0.551111111111
sp_Q01974_ROR2_HUMAN,65,L,B,0.208,0.278,0.093,0.628,0.553888888889
sp_Q01974_ROR2_HUMAN,66,E,E,0.551,0.113,0.043,0.844,0.573555555556
sp_Q01974_ROR2_HUMAN,67,P,E,0.319,0.058,0.017,0.925,0.565666666667
sp_Q01974_ROR2_HUMAN,68,V,E,0.359,0.053,0.043,0.903,0.554666666667
sp_Q01974_ROR2_HUMAN,69,N,E,0.561,0.052,0.084,0.864,0.529888888889
sp_Q01974_ROR2_HUMAN,70,N,E,0.559,0.064,0.216,0.721,0.537777777778
sp_Q01974_ROR2_HUMAN,71,I,B,0.207,0.022,0.552,0.426,0.532888888889
sp_Q01974_ROR2_HUMAN,72,T,E,0.473,0.021,0.756,0.223,0.525777777778
sp_Q01974_ROR2_HUMAN,73,I,B,0.097,0.021,0.756,0.223,0.505666666667
sp_Q01974_ROR2_HUMAN,74,V,E,0.464,0.021,0.452,0.528,0.498444444444
sp_Q01974_ROR2_HUMAN,75,Q,E,0.338,0.004,0.085,0.910,0.480666666667
sp_Q01974_ROR2_HUMAN,76,G,E,0.632,0.005,0.045,0.951,0.477444444444
sp_Q01974_ROR2_HUMAN,77,Q,E,0.436,0.004,0.138,0.858,0.461222222222
sp_Q01974_ROR2_HUMAN,78,T,E,0.477,0.003,0.718,0.279,0.466444444444
sp_Q01974_ROR2_HUMAN,79,A,B,0.069,0.001,0.900,0.099,0.433555555556
sp_Q01974_ROR2_HUMAN,80,I,E,0.434,0.001,0.959,0.040,0.407
sp_Q01974_ROR2_HUMAN,81,L,B,0.047,0.001,0.959,0.040,0.381666666667
sp_Q01974_ROR2_HUMAN,82,H,E,0.467,0.001,0.900,0.099,0.377333333333
sp_Q01974_ROR2_HUMAN,83,C,B,0.023,0.002,0.816,0.182,0.385
sp_Q01974_ROR2_HUMAN,84,K,E,0.465,0.003,0.718,0.279,0.397777777778
sp_Q01974_ROR2_HUMAN,85,V,B,0.08,0.004,0.616,0.381,0.413777777778
sp_Q01974_ROR2_HUMAN,86,A,E,0.53,0.004,0.514,0.481,0.448111111111
sp_Q01974_ROR2_HUMAN,87,G,E,0.444,0.004,0.197,0.799,0.46
sp_Q01974_ROR2_HUMAN,88,N,E,0.443,0.005,0.045,0.951,0.487222222222
sp_Q01974_ROR2_HUMAN,89,P,E,0.364,0.005,0.045,0.951,0.475111111111
sp_Q01974_ROR2_HUMAN,90,P,E,0.51,0.004,0.085,0.910,0.490777777778
sp_Q01974_ROR2_HUMAN,91,P,B,0.122,0.004,0.197,0.799,0.466111111111
sp_Q01974_ROR2_HUMAN,92,N,E,0.381,0.003,0.718,0.279,0.444888888889
sp_Q01974_ROR2_HUMAN,93,V,B,0.039,0.001,0.900,0.099,0.429888888889
sp_Q01974_ROR2_HUMAN,94,R,E,0.287,0.001,0.959,0.040,0.419222222222
sp_Q01974_ROR2_HUMAN,95,W,B,0.033,0.006,0.962,0.032,0.404666666667
sp_Q01974_ROR2_HUMAN,96,L,B,0.231,0.001,0.900,0.099,0.408333333333
sp_Q01974_ROR2_HUMAN,97,K,E,0.282,0.004,0.616,0.381,0.410222222222
sp_Q01974_ROR2_HUMAN,98,N,E,0.557,0.005,0.015,0.979,0.413333333333
sp_Q01974_ROR2_HUMAN,99,D,E,0.644,0.005,0.015,0.979,0.420222222222
sp_Q01974_ROR2_HUMAN,100,A,E,0.497,0.004,0.616,0.381,0.459444444444
sp_Q01974_ROR2_HUMAN,101,P,E,0.481,0.003,0.718,0.279,0.472333333333
sp_Q01974_ROR2_HUMAN,102,V,B,0.056,0.022,0.552,0.426,0.487444444444
sp_Q01974_ROR2_HUMAN,103,V,E,0.435,0.022,0.359,0.619,0.500777777778
sp_Q01974_ROR2_HUMAN,104,Q,E,0.667,0.004,0.138,0.858,0.509333333333
sp_Q01974_ROR2_HUMAN,105,E,E,0.709,0.018,0.047,0.935,0.508333333333
sp_Q01974_ROR2_HUMAN,106,P,E,0.618,0.004,0.085,0.910,0.507
sp_Q01974_ROR2_HUMAN,107,R,E,0.35,0.004,0.420,0.576,0.519777777778
sp_Q01974_ROR2_HUMAN,108,R,E,0.367,0.002,0.816,0.182,0.520555555556
sp_Q01974_ROR2_HUMAN,109,I,B,0.205,0.002,0.816,0.182,0.514555555556
sp_Q01974_ROR2_HUMAN,110,I,B,0.258,0.002,0.816,0.182,0.521666666667
sp_Q01974_ROR2_HUMAN,111,I,B,0.11,0.002,0.816,0.182,0.515444444444
sp_Q01974_ROR2_HUMAN,112,R,E,0.449,0.001,0.900,0.099,0.505555555556
sp_Q01974_ROR2_HUMAN,113,K,B,0.248,0.001,0.900,0.099,0.492777777778
sp_Q01974_ROR2_HUMAN,114,T,E,0.374,0.002,0.816,0.182,0.485
sp_Q01974_ROR2_HUMAN,115,E,E,0.382,0.003,0.718,0.279,0.478
sp_Q01974_ROR2_HUMAN,116,Y,E,0.458,0.004,0.514,0.481,0.462111111111
sp_Q01974_ROR2_HUMAN,117,G,E,0.494,0.004,0.616,0.381,0.463
sp_Q01974_ROR2_HUMAN,118,S,B,0.136,0.003,0.718,0.279,0.442444444444
sp_Q01974_ROR2_HUMAN,119,R,E,0.302,0.001,0.900,0.099,0.439
sp_Q01974_ROR2_HUMAN,120,L,B,0.036,0.001,0.959,0.040,0.442
sp_Q01974_ROR2_HUMAN,121,R,E,0.281,0.001,0.959,0.040,0.432666666667
sp_Q01974_ROR2_HUMAN,122,I,B,0.056,0.001,0.959,0.040,0.452555555556
sp_Q01974_ROR2_HUMAN,123,Q,E,0.462,0.002,0.816,0.182,0.467222222222
sp_Q01974_ROR2_HUMAN,124,D,E,0.518,0.003,0.718,0.279,0.476
sp_Q01974_ROR2_HUMAN,125,L,B,0.087,0.004,0.616,0.381,0.498111111111
sp_Q01974_ROR2_HUMAN,126,D,E,0.46,0.004,0.616,0.381,0.497222222222
sp_Q01974_ROR2_HUMAN,127,T,E,0.447,0.004,0.514,0.481,0.509444444444
sp_Q01974_ROR2_HUMAN,128,T,E,0.561,0.004,0.197,0.799,0.499333333333
sp_Q01974_ROR2_HUMAN,129,D,E,0.288,0.004,0.085,0.910,0.471888888889
sp_Q01974_ROR2_HUMAN,130,T,E,0.478,0.004,0.085,0.910,0.467333333333
sp_Q01974_ROR2_HUMAN,131,G,B,0.093,0.004,0.616,0.381,0.432555555556
sp_Q01974_ROR2_HUMAN,132,Y,E,0.327,0.001,0.900,0.099,0.412777777778
sp_Q01974_ROR2_HUMAN,133,Y,B,0.039,0.001,0.959,0.040,0.386333333333
sp_Q01974_ROR2_HUMAN,134,Q,B,0.201,0.001,0.959,0.040,0.379777777778
sp_Q01974_ROR2_HUMAN,135,C,B,0.013,0.001,0.959,0.040,0.371111111111
sp_Q01974_ROR2_HUMAN,136,V,B,0.207,0.001,0.959,0.040,0.376111111111
sp_Q01974_ROR2_HUMAN,137,A,B,0.031,0.001,0.959,0.040,0.379222222222
sp_Q01974_ROR2_HUMAN,138,T,B,0.186,0.001,0.959,0.040,0.401333333333
sp_Q01974_ROR2_HUMAN,139,N,B,0.092,0.003,0.718,0.279,0.417666666667
sp_Q01974_ROR2_HUMAN,140,G,E,0.46,0.004,0.138,0.858,0.429666666667
sp_Q01974_ROR2_HUMAN,141,M,E,0.32,0.004,0.263,0.733,0.438
sp_Q01974_ROR2_HUMAN,142,K,E,0.422,0.004,0.616,0.381,0.458777777778
sp_Q01974_ROR2_HUMAN,143,T,E,0.356,0.003,0.718,0.279,0.451555555556
sp_Q01974_ROR2_HUMAN,144,I,E,0.334,0.002,0.816,0.182,0.438
sp_Q01974_ROR2_HUMAN,145,T,E,0.426,0.003,0.718,0.279,0.421
sp_Q01974_ROR2_HUMAN,146,A,B,0.28,0.002,0.816,0.182,0.393888888889
sp_Q01974_ROR2_HUMAN,147,T,B,0.222,0.001,0.900,0.099,0.382
sp_Q01974_ROR2_HUMAN,148,G,B,0.063,0.001,0.959,0.040,0.355444444444
sp_Q01974_ROR2_HUMAN,149,V,B,0.128,0.001,0.959,0.040,0.357666666667
sp_Q01974_ROR2_HUMAN,150,L,B,0.025,0.001,0.959,0.040,0.364
sp_Q01974_ROR2_HUMAN,151,F,B,0.148,0.001,0.959,0.040,0.372222222222
sp_Q01974_ROR2_HUMAN,152,V,B,0.022,0.001,0.959,0.040,0.403888888889
sp_Q01974_ROR2_HUMAN,153,R,E,0.23,0.001,0.900,0.099,0.437666666667
sp_Q01974_ROR2_HUMAN,154,L,E,0.292,0.003,0.718,0.279,0.473888888889
sp_Q01974_ROR2_HUMAN,155,G,E,0.329,0.018,0.141,0.840,0.515777777778
sp_Q01974_ROR2_HUMAN,156,P,E,0.507,0.018,0.019,0.964,0.543111111111
sp_Q01974_ROR2_HUMAN,157,T,E,0.488,0.018,0.047,0.935,0.586777777778
sp_Q01974_ROR2_HUMAN,158,H,E,0.371,0.018,0.047,0.935,0.611888888889
sp_Q01974_ROR2_HUMAN,159,S,E,0.585,0.018,0.047,0.935,0.626666666667
sp_Q01974_ROR2_HUMAN,160,P,E,0.412,0.053,0.043,0.903,0.625666666667
sp_Q01974_ROR2_HUMAN,161,N,E,0.474,0.053,0.043,0.903,0.624333333333
sp_Q01974_ROR2_HUMAN,162,H,E,0.503,0.052,0.084,0.864,0.632222222222
sp_Q01974_ROR2_HUMAN,163,N,E,0.434,0.052,0.084,0.864,0.629888888889
sp_Q01974_ROR2_HUMAN,164,F,B,0.144,0.053,0.043,0.903,0.637666666667
sp_Q01974_ROR2_HUMAN,165,Q,E,0.549,0.053,0.043,0.903,0.635555555556
sp_Q01974_ROR2_HUMAN,166,D,E,0.51,0.053,0.043,0.903,0.623888888889
sp_Q01974_ROR2_HUMAN,167,D,E,0.459,0.113,0.087,0.800,0.614888888889
sp_Q01974_ROR2_HUMAN,168,Y,E,0.493,0.052,0.084,0.864,0.608666666667
sp_Q01974_ROR2_HUMAN,169,H,E,0.635,0.056,0.142,0.802,0.608111111111
sp_Q01974_ROR2_HUMAN,170,E,E,0.405,0.064,0.216,0.721,0.590111111111
sp_Q01974_ROR2_HUMAN,171,D,E,0.543,0.022,0.359,0.619,0.572111111111
sp_Q01974_ROR2_HUMAN,172,G,B,0.262,0.021,0.452,0.528,0.558888888889
sp_Q01974_ROR2_HUMAN,173,F,E,0.301,0.024,0.655,0.322,0.549222222222
sp_Q01974_ROR2_HUMAN,174,C,B,0.197,0.021,0.756,0.223,0.558222222222
sp_Q01974_ROR2_HUMAN,175,Q,E,0.279,0.024,0.655,0.322,0.558777777778
sp_Q01974_ROR2_HUMAN,176,P,B,0.24,0.021,0.452,0.528,0.560777777778
sp_Q01974_ROR2_HUMAN,177,Y,B,0.293,0.066,0.296,0.638,0.553333333333
sp_Q01974_ROR2_HUMAN,178,R,E,0.442,0.056,0.142,0.802,0.542888888889
sp_Q01974_ROR2_HUMAN,179,G,E,0.346,0.056,0.142,0.802,0.550666666667
sp_Q01974_ROR2_HUMAN,180,I,E,0.398,0.064,0.216,0.721,0.566333333333
sp_Q01974_ROR2_HUMAN,181,A,B,0.214,0.069,0.386,0.545,0.567666666667
sp_Q01974_ROR2_HUMAN,182,C,B,0.11,0.021,0.452,0.528,0.565444444444
sp_Q01974_ROR2_HUMAN,183,A,E,0.367,0.021,0.452,0.528,0.548222222222
sp_Q01974_ROR2_HUMAN,184,R,E,0.413,0.021,0.452,0.528,0.547
sp_Q01974_ROR2_HUMAN,185,F,B,0.263,0.021,0.452,0.528,0.538333333333
sp_Q01974_ROR2_HUMAN,186,I,B,0.166,0.020,0.205,0.775,0.527111111111
sp_Q01974_ROR2_HUMAN,187,G,E,0.39,0.005,0.045,0.951,0.514555555556
sp_Q01974_ROR2_HUMAN,188,N,E,0.468,0.005,0.045,0.951,0.481888888889
sp_Q01974_ROR2_HUMAN,189,R,E,0.292,0.004,0.263,0.733,0.437666666667
sp_Q01974_ROR2_HUMAN,190,T,B,0.104,0.003,0.718,0.279,0.415444444444
sp_Q01974_ROR2_HUMAN,191,I,B,0.038,0.001,0.900,0.099,0.406333333333
sp_Q01974_ROR2_HUMAN,192,Y,B,0.044,0.001,0.959,0.040,0.420888888889
sp_Q01974_ROR2_HUMAN,193,V,B,0.065,0.001,0.959,0.040,0.435555555556
sp_Q01974_ROR2_HUMAN,194,D,B,0.075,0.021,0.756,0.223,0.446777777778
sp_Q01974_ROR2_HUMAN,195,S,B,0.178,0.021,0.279,0.699,0.480333333333
sp_Q01974_ROR2_HUMAN,196,L,E,0.34,0.018,0.141,0.840,0.516444444444
sp_Q01974_ROR2_HUMAN,197,Q,E,0.536,0.018,0.047,0.935,0.558111111111
sp_Q01974_ROR2_HUMAN,198,M,E,0.371,0.018,0.047,0.935,0.595777777778
sp_Q01974_ROR2_HUMAN,199,Q,E,0.455,0.018,0.047,0.935,0.632666666667
sp_Q01974_ROR2_HUMAN,200,G,E,0.54,0.018,0.019,0.964,0.638444444444
sp_Q01974_ROR2_HUMAN,201,E,E,0.368,0.184,0.043,0.773,0.641666666667
sp_Q01974_ROR2_HUMAN,202,I,E,0.304,0.353,0.048,0.598,0.621111111111
sp_Q01974_ROR2_HUMAN,203,E,E,0.478,0.430,0.016,0.555,0.611777777778
sp_Q01974_ROR2_HUMAN,204,N,E,0.481,0.430,0.016,0.555,0.586777777778
sp_Q01974_ROR2_HUMAN,205,R,E,0.341,0.455,0.046,0.498,0.563333333333
sp_Q01974_ROR2_HUMAN,206,I,B,0.247,0.502,0.102,0.396,0.543111111111
sp_Q01974_ROR2_HUMAN,207,T,E,0.288,0.538,0.173,0.289,0.527333333333
sp_Q01974_ROR2_HUMAN,208,A,E,0.337,0.649,0.163,0.188,0.501555555556
sp_Q01974_ROR2_HUMAN,209,A,B,0.098,0.606,0.105,0.289,0.489222222222
sp_Q01974_ROR2_HUMAN,210,F,B,0.251,0.538,0.173,0.289,0.479111111111
sp_Q01974_ROR2_HUMAN,211,T,E,0.321,0.428,0.171,0.402,0.483888888889
sp_Q01974_ROR2_HUMAN,212,M,B,0.126,0.352,0.332,0.316,0.479666666667
sp_Q01974_ROR2_HUMAN,213,I,B,0.144,0.231,0.330,0.439,0.495888888889
sp_Q01974_ROR2_HUMAN,214,G,E,0.513,0.216,0.235,0.548,0.518888888889
sp_Q01974_ROR2_HUMAN,215,T,E,0.464,0.199,0.152,0.649,0.517777777778
sp_Q01974_ROR2_HUMAN,216,S,B,0.184,0.113,0.043,0.844,0.528
sp_Q01974_ROR2_HUMAN,217,T,E,0.573,0.053,0.043,0.903,0.549
sp_Q01974_ROR2_HUMAN,218,H,E,0.577,0.056,0.142,0.802,0.568333333333
sp_Q01974_ROR2_HUMAN,219,L,B,0.1,0.056,0.142,0.802,0.556333333333
sp_Q01974_ROR2_HUMAN,220,S,E,0.398,0.056,0.142,0.802,0.561444444444
sp_Q01974_ROR2_HUMAN,221,D,E,0.424,0.113,0.087,0.800,0.581555555556
sp_Q01974_ROR2_HUMAN,222,Q,E,0.505,0.184,0.043,0.773,0.571
sp_Q01974_ROR2_HUMAN,223,C,B,0.088,0.181,0.017,0.803,0.558
sp_Q01974_ROR2_HUMAN,224,S,E,0.466,0.268,0.043,0.689,0.568
sp_Q01974_ROR2_HUMAN,225,Q,E,0.444,0.268,0.043,0.689,0.562444444444
sp_Q01974_ROR2_HUMAN,226,F,B,0.273,0.278,0.093,0.628,0.545111111111
sp_Q01974_ROR2_HUMAN,227,A,B,0.102,0.191,0.086,0.723,0.524666666667
sp_Q01974_ROR2_HUMAN,228,I,E,0.334,0.199,0.152,0.649,0.518
sp_Q01974_ROR2_HUMAN,229,P,E,0.348,0.199,0.152,0.649,0.502777777778
sp_Q01974_ROR2_HUMAN,230,S,B,0.215,0.199,0.152,0.649,0.479444444444
sp_Q01974_ROR2_HUMAN,231,F,B,0.072,0.216,0.235,0.548,0.472777777778
sp_Q01974_ROR2_HUMAN,232,C,B,0.078,0.231,0.330,0.439,0.473444444444
sp_Q01974_ROR2_HUMAN,233,H,B,0.132,0.148,0.418,0.435,0.475777777778
sp_Q01974_ROR2_HUMAN,234,F,B,0.179,0.135,0.317,0.548,0.485666666667
sp_Q01974_ROR2_HUMAN,235,V,B,0.15,0.125,0.227,0.648,0.478111111111
sp_Q01974_ROR2_HUMAN,236,F,B,0.131,0.118,0.150,0.732,0.495222222222
sp_Q01974_ROR2_HUMAN,237,P,E,0.406,0.118,0.150,0.732,0.507222222222
sp_Q01974_ROR2_HUMAN,238,L,E,0.46,0.118,0.150,0.732,0.528666666667
sp_Q01974_ROR2_HUMAN,239,C,B,0.082,0.118,0.150,0.732,0.552222222222
sp_Q01974_ROR2_HUMAN,240,D,E,0.489,0.191,0.086,0.723,0.578333333333
sp_Q01974_ROR2_HUMAN,241,A,E,0.481,0.184,0.043,0.773,0.592777777778
sp_Q01974_ROR2_HUMAN,242,R,E,0.368,0.116,0.016,0.868,0.610333333333
sp_Q01974_ROR2_HUMAN,243,S,E,0.558,0.058,0.017,0.925,0.614333333333
sp_Q01974_ROR2_HUMAN,244,R,E,0.545,0.018,0.019,0.964,0.627
sp_Q01974_ROR2_HUMAN,245,T,E,0.407,0.018,0.019,0.964,0.625444444444
sp_Q01974_ROR2_HUMAN,246,P,E,0.448,0.053,0.043,0.903,0.622111111111
sp_Q01974_ROR2_HUMAN,247,K,E,0.535,0.053,0.043,0.903,0.605777777778
sp_Q01974_ROR2_HUMAN,248,P,B,0.225,0.113,0.087,0.800,0.575222222222
sp_Q01974_ROR2_HUMAN,249,R,E,0.297,0.113,0.087,0.800,0.555222222222
sp_Q01974_ROR2_HUMAN,250,E,E,0.481,0.307,0.165,0.527,0.542777777778
sp_Q01974_ROR2_HUMAN,251,L,B,0.133,0.428,0.171,0.402,0.515111111111
sp_Q01974_ROR2_HUMAN,252,C,B,0.045,0.606,0.105,0.289,0.491111111111
sp_Q01974_ROR2_HUMAN,253,R,E,0.34,0.878,0.010,0.111,0.495222222222
sp_Q01974_ROR2_HUMAN,254,D,E,0.588,0.878,0.010,0.111,0.484444444444
sp_Q01974_ROR2_HUMAN,255,E,B,0.181,0.859,0.002,0.139,0.466222222222
sp_Q01974_ROR2_HUMAN,256,C,B,0.049,0.923,0.002,0.076,0.473444444444
sp_Q01974_ROR2_HUMAN,257,E,E,0.434,0.923,0.002,0.076,0.483666666667
sp_Q01974_ROR2_HUMAN,258,V,E,0.242,0.938,0.007,0.055,0.482
sp_Q01974_ROR2_HUMAN,259,L,B,0.064,0.938,0.007,0.055,0.480555555556
sp_Q01974_ROR2_HUMAN,260,E,E,0.342,0.878,0.010,0.111,0.479555555556
sp_Q01974_ROR2_HUMAN,261,S,E,0.587,0.802,0.014,0.185,0.493
sp_Q01974_ROR2_HUMAN,262,D,E,0.344,0.522,0.016,0.462,0.495222222222
sp_Q01974_ROR2_HUMAN,263,L,B,0.206,0.455,0.046,0.498,0.503333333333
sp_Q01974_ROR2_HUMAN,264,C,B,0.121,0.353,0.048,0.598,0.525
sp_Q01974_ROR2_HUMAN,265,R,E,0.4,0.660,0.049,0.291,0.527111111111
sp_Q01974_ROR2_HUMAN,266,Q,E,0.511,0.751,0.050,0.199,0.525555555556
sp_Q01974_ROR2_HUMAN,267,E,B,0.299,0.831,0.044,0.125,0.512333333333
sp_Q01974_ROR2_HUMAN,268,Y,B,0.165,0.751,0.050,0.199,0.531888888889
sp_Q01974_ROR2_HUMAN,269,T,E,0.364,0.751,0.050,0.199,0.554111111111
sp_Q01974_ROR2_HUMAN,270,I,E,0.277,0.751,0.050,0.199,0.564666666667
sp_Q01974_ROR2_HUMAN,271,A,B,0.107,0.561,0.047,0.393,0.572111111111
sp_Q01974_ROR2_HUMAN,272,R,E,0.46,0.268,0.043,0.689,0.574222222222
sp_Q01974_ROR2_HUMAN,273,S,E,0.542,0.113,0.043,0.844,0.580111111111
sp_Q01974_ROR2_HUMAN,274,N,E,0.37,0.052,0.084,0.864,0.566111111111
sp_Q01974_ROR2_HUMAN,275,P,E,0.426,0.053,0.043,0.903,0.570333333333
sp_Q01974_ROR2_HUMAN,276,L,B,0.299,0.056,0.142,0.802,0.584777777778
sp_Q01974_ROR2_HUMAN,277,I,B,0.205,0.066,0.296,0.638,0.552
sp_Q01974_ROR2_HUMAN,278,L,E,0.279,0.021,0.279,0.699,0.539333333333
sp_Q01974_ROR2_HUMAN,279,M,B,0.227,0.021,0.452,0.528,0.512555555556
sp_Q01974_ROR2_HUMAN,280,R,E,0.483,0.022,0.552,0.426,0.508444444444
sp_Q01974_ROR2_HUMAN,281,L,B,0.1,0.021,0.756,0.223,0.516111111111
sp_Q01974_ROR2_HUMAN,282,Q,E,0.451,0.021,0.756,0.223,0.493666666667
sp_Q01974_ROR2_HUMAN,283,L,B,0.104,0.021,0.452,0.528,0.515666666667
sp_Q01974_ROR2_HUMAN,284,P,E,0.442,0.018,0.141,0.840,0.518555555556
sp_Q01974_ROR2_HUMAN,285,K,E,0.554,0.018,0.141,0.840,0.513444444444
sp_Q01974_ROR2_HUMAN,286,C,B,0.164,0.056,0.142,0.802,0.538333333333
sp_Q01974_ROR2_HUMAN,287,E,E,0.411,0.056,0.142,0.802,0.548444444444
sp_Q01974_ROR2_HUMAN,288,A,E,0.459,0.113,0.087,0.800,0.571444444444
sp_Q01974_ROR2_HUMAN,289,L,B,0.111,0.058,0.017,0.925,0.578555555556
sp_Q01974_ROR2_HUMAN,290,P,B,0.226,0.018,0.019,0.964,0.581888888889
sp_Q01974_ROR2_HUMAN,291,M,E,0.549,0.018,0.019,0.964,0.614777777778
sp_Q01974_ROR2_HUMAN,292,P,E,0.488,0.052,0.084,0.864,0.612
sp_Q01974_ROR2_HUMAN,293,E,E,0.454,0.056,0.142,0.802,0.605888888889
sp_Q01974_ROR2_HUMAN,294,S,E,0.341,0.052,0.084,0.864,0.607444444444
sp_Q01974_ROR2_HUMAN,295,P,E,0.53,0.052,0.084,0.864,0.591222222222
sp_Q01974_ROR2_HUMAN,296,D,E,0.528,0.018,0.088,0.893,0.565333333333
sp_Q01974_ROR2_HUMAN,297,A,E,0.323,0.018,0.088,0.893,0.531
sp_Q01974_ROR2_HUMAN,298,A,E,0.466,0.004,0.138,0.858,0.507888888889
sp_Q01974_ROR2_HUMAN,299,N,B,0.252,0.004,0.336,0.660,0.466111111111
sp_Q01974_ROR2_HUMAN,300,C,B,0.044,0.004,0.616,0.381,0.434666666667
sp_Q01974_ROR2_HUMAN,301,M,B,0.078,0.002,0.816,0.182,0.414333333333
sp_Q01974_ROR2_HUMAN,302,R,B,0.258,0.002,0.816,0.182,0.425666666667
sp_Q01974_ROR2_HUMAN,303,I,B,0.072,0.022,0.552,0.426,0.437
sp_Q01974_ROR2_HUMAN,304,G,B,0.281,0.022,0.359,0.619,0.453777777778
sp_Q01974_ROR2_HUMAN,305,I,B,0.184,0.022,0.359,0.619,0.482444444444
sp_Q01974_ROR2_HUMAN,306,P,E,0.463,0.021,0.279,0.699,0.522666666667
sp_Q01974_ROR2_HUMAN,307,A,E,0.492,0.021,0.279,0.699,0.535888888889
sp_Q01974_ROR2_HUMAN,308,E,E,0.422,0.020,0.205,0.775,0.570777777778
sp_Q01974_ROR2_HUMAN,309,R,E,0.63,0.018,0.088,0.893,0.584
sp_Q01974_ROR2_HUMAN,310,L,E,0.473,0.018,0.047,0.935,0.586555555556
sp_Q01974_ROR2_HUMAN,311,G,E,0.663,0.018,0.047,0.935,0.576111111111
sp_Q01974_ROR2_HUMAN,312,R,E,0.434,0.018,0.088,0.893,0.543666666667
sp_Q01974_ROR2_HUMAN,313,Y,E,0.448,0.021,0.279,0.699,0.520111111111
sp_Q01974_ROR2_HUMAN,314,H,B,0.148,0.022,0.552,0.426,0.499555555556
sp_Q01974_ROR2_HUMAN,315,Q,E,0.279,0.021,0.756,0.223,0.489888888889
sp_Q01974_ROR2_HUMAN,316,C,B,0.042,0.021,0.756,0.223,0.486555555556
sp_Q01974_ROR2_HUMAN,317,Y,B,0.153,0.021,0.756,0.223,0.485333333333
sp_Q01974_ROR2_HUMAN,318,N,B,0.275,0.022,0.552,0.426,0.486555555556
sp_Q01974_ROR2_HUMAN,319,G,E,0.458,0.004,0.197,0.799,0.495222222222
sp_Q01974_ROR2_HUMAN,320,S,E,0.599,0.018,0.088,0.893,0.496333333333
sp_Q01974_ROR2_HUMAN,321,G,E,0.489,0.018,0.141,0.840,0.517555555556
sp_Q01974_ROR2_HUMAN,322,M,E,0.43,0.021,0.279,0.699,0.528111111111
sp_Q01974_ROR2_HUMAN,323,D,E,0.421,0.024,0.655,0.322,0.525111111111
sp_Q01974_ROR2_HUMAN,324,Y,B,0.224,0.021,0.756,0.223,0.517333333333
sp_Q01974_ROR2_HUMAN,325,R,E,0.491,0.024,0.655,0.322,0.515333333333
sp_Q01974_ROR2_HUMAN,326,G,B,0.246,0.024,0.655,0.322,0.503111111111
sp_Q01974_ROR2_HUMAN,327,T,E,0.507,0.024,0.655,0.322,0.512111111111
sp_Q01974_ROR2_HUMAN,328,A,B,0.229,0.022,0.552,0.426,0.526555555556
sp_Q01974_ROR2_HUMAN,329,S,E,0.414,0.022,0.552,0.426,0.539111111111
sp_Q01974_ROR2_HUMAN,330,T,E,0.319,0.022,0.552,0.426,0.548
sp_Q01974_ROR2_HUMAN,331,T,E,0.328,0.021,0.452,0.528,0.552888888889
sp_Q01974_ROR2_HUMAN,332,K,E,0.536,0.022,0.359,0.619,0.566333333333
sp_Q01974_ROR2_HUMAN,333,S,E,0.403,0.021,0.279,0.699,0.559
sp_Q01974_ROR2_HUMAN,334,G,E,0.396,0.022,0.359,0.619,0.557777777778
sp_Q01974_ROR2_HUMAN,335,H,B,0.243,0.022,0.359,0.619,0.560777777778
sp_Q01974_ROR2_HUMAN,336,Q,E,0.392,0.022,0.359,0.619,0.556444444444
sp_Q01974_ROR2_HUMAN,337,C,B,0.025,0.022,0.552,0.426,0.547555555556
sp_Q01974_ROR2_HUMAN,338,Q,E,0.317,0.021,0.756,0.223,0.546222222222
sp_Q01974_ROR2_HUMAN,339,P,B,0.243,0.021,0.756,0.223,0.551777777778
sp_Q01974_ROR2_HUMAN,340,W,E,0.295,0.021,0.452,0.528,0.565444444444
sp_Q01974_ROR2_HUMAN,341,A,E,0.457,0.004,0.263,0.733,0.563777777778
sp_Q01974_ROR2_HUMAN,342,L,E,0.401,0.004,0.085,0.910,0.581444444444
sp_Q01974_ROR2_HUMAN,343,Q,E,0.318,0.018,0.047,0.935,0.590222222222
sp_Q01974_ROR2_HUMAN,344,H,E,0.508,0.018,0.019,0.964,0.603333333333
sp_Q01974_ROR2_HUMAN,345,P,B,0.301,0.018,0.047,0.935,0.611555555556
sp_Q01974_ROR2_HUMAN,346,H,B,0.242,0.020,0.205,0.775,0.601111111111
sp_Q01974_ROR2_HUMAN,347,S,B,0.184,0.021,0.452,0.528,0.598444444444
sp_Q01974_ROR2_HUMAN,348,H,E,0.349,0.022,0.552,0.426,0.592222222222
sp_Q01974_ROR2_HUMAN,349,H,E,0.352,0.004,0.420,0.576,0.581666666667
sp_Q01974_ROR2_HUMAN,350,L,B,0.135,0.004,0.420,0.576,0.591
sp_Q01974_ROR2_HUMAN,351,S,E,0.534,0.004,0.263,0.733,0.575888888889
sp_Q01974_ROR2_HUMAN,352,S,B,0.279,0.018,0.088,0.893,0.577222222222
sp_Q01974_ROR2_HUMAN,353,T,E,0.624,0.018,0.141,0.840,0.566111111111
sp_Q01974_ROR2_HUMAN,354,D,E,0.366,0.021,0.279,0.699,0.544444444444
sp_Q01974_ROR2_HUMAN,355,F,B,0.187,0.022,0.359,0.619,0.561444444444
sp_Q01974_ROR2_HUMAN,356,P,B,0.261,0.021,0.452,0.528,0.556
sp_Q01974_ROR2_HUMAN,357,E,E,0.522,0.021,0.452,0.528,0.554555555556
sp_Q01974_ROR2_HUMAN,358,L,B,0.078,0.018,0.141,0.840,0.548111111111
sp_Q01974_ROR2_HUMAN,359,G,E,0.617,0.018,0.047,0.935,0.538777777778
sp_Q01974_ROR2_HUMAN,360,G,E,0.66,0.018,0.019,0.964,0.541555555556
sp_Q01974_ROR2_HUMAN,361,G,E,0.339,0.018,0.088,0.893,0.513444444444
sp_Q01974_ROR2_HUMAN,362,H,E,0.435,0.021,0.279,0.699,0.508333333333
sp_Q01974_ROR2_HUMAN,363,A,B,0.149,0.022,0.552,0.426,0.511
sp_Q01974_ROR2_HUMAN,364,Y,B,0.188,0.024,0.655,0.322,0.505444444444
sp_Q01974_ROR2_HUMAN,365,C,B,0.122,0.024,0.655,0.322,0.517
sp_Q01974_ROR2_HUMAN,366,R,E,0.357,0.022,0.552,0.426,0.521666666667
sp_Q01974_ROR2_HUMAN,367,N,B,0.105,0.018,0.141,0.840,0.536444444444
sp_Q01974_ROR2_HUMAN,368,P,E,0.456,0.018,0.047,0.935,0.537777777778
sp_Q01974_ROR2_HUMAN,369,G,E,0.629,0.018,0.019,0.964,0.551
sp_Q01974_ROR2_HUMAN,370,G,E,0.431,0.018,0.019,0.964,0.570222222222
sp_Q01974_ROR2_HUMAN,371,Q,E,0.626,0.018,0.088,0.893,0.582
sp_Q01974_ROR2_HUMAN,372,M,E,0.504,0.020,0.205,0.775,0.588666666667
sp_Q01974_ROR2_HUMAN,373,E,B,0.313,0.004,0.138,0.858,0.573
sp_Q01974_ROR2_HUMAN,374,G,E,0.389,0.004,0.085,0.910,0.550555555556
sp_Q01974_ROR2_HUMAN,375,P,E,0.371,0.004,0.138,0.858,0.534222222222
sp_Q01974_ROR2_HUMAN,376,W,B,0.176,0.004,0.420,0.576,0.521333333333
sp_Q01974_ROR2_HUMAN,377,C,B,0.109,0.003,0.718,0.279,0.521888888889
sp_Q01974_ROR2_HUMAN,378,F,B,0.21,0.018,0.846,0.136,0.528
sp_Q01974_ROR2_HUMAN,379,T,B,0.206,0.022,0.552,0.426,0.535333333333
sp_Q01974_ROR2_HUMAN,380,Q,E,0.42,0.022,0.359,0.619,0.530777777778
sp_Q01974_ROR2_HUMAN,381,N,E,0.296,0.018,0.141,0.840,0.538777777778
sp_Q01974_ROR2_HUMAN,382,K,E,0.665,0.018,0.019,0.964,0.543333333333
sp_Q01974_ROR2_HUMAN,383,N,E,0.624,0.018,0.019,0.964,0.562222222222
sp_Q01974_ROR2_HUMAN,384,V,B,0.267,0.018,0.047,0.935,0.573333333333
sp_Q01974_ROR2_HUMAN,385,R,E,0.493,0.004,0.085,0.910,0.573444444444
sp_Q01974_ROR2_HUMAN,386,M,B,0.229,0.021,0.279,0.699,0.579333333333
sp_Q01974_ROR2_HUMAN,387,E,E,0.513,0.021,0.452,0.528,0.565444444444
sp_Q01974_ROR2_HUMAN,388,L,E,0.377,0.022,0.359,0.619,0.568666666667
sp_Q01974_ROR2_HUMAN,389,C,B,0.187,0.021,0.279,0.699,0.576333333333
sp_Q01974_ROR2_HUMAN,390,D,E,0.583,0.021,0.279,0.699,0.576222222222
sp_Q01974_ROR2_HUMAN,391,V,E,0.417,0.018,0.141,0.840,0.592555555556
sp_Q01974_ROR2_HUMAN,392,P,E,0.383,0.018,0.088,0.893,0.591555555556
sp_Q01974_ROR2_HUMAN,393,S,E,0.421,0.020,0.205,0.775,0.610888888889
sp_Q01974_ROR2_HUMAN,394,C,E,0.33,0.020,0.205,0.775,0.623333333333
sp_Q01974_ROR2_HUMAN,395,S,E,0.487,0.020,0.205,0.775,0.630888888889
sp_Q01974_ROR2_HUMAN,396,P,E,0.464,0.021,0.279,0.699,0.644666666667
sp_Q01974_ROR2_HUMAN,397,R,E,0.406,0.020,0.205,0.775,0.643
sp_Q01974_ROR2_HUMAN,398,D,E,0.505,0.056,0.142,0.802,0.634333333333
sp_Q01974_ROR2_HUMAN,399,S,E,0.457,0.052,0.084,0.864,0.619111111111
sp_Q01974_ROR2_HUMAN,400,S,E,0.386,0.053,0.043,0.903,0.592666666667
sp_Q01974_ROR2_HUMAN,401,K,E,0.318,0.113,0.087,0.800,0.572888888889
sp_Q01974_ROR2_HUMAN,402,M,B,0.197,0.199,0.152,0.649,0.534
sp_Q01974_ROR2_HUMAN,403,G,B,0.182,0.321,0.252,0.427,0.491555555556
sp_Q01974_ROR2_HUMAN,404,I,B,0.123,0.478,0.309,0.214,0.436111111111
sp_Q01974_ROR2_HUMAN,405,L,B,0.123,0.478,0.309,0.214,0.384888888889
sp_Q01974_ROR2_HUMAN,406,Y,B,0.203,0.594,0.285,0.121,0.340111111111
sp_Q01974_ROR2_HUMAN,407,I,B,0.124,0.662,0.225,0.114,0.307
sp_Q01974_ROR2_HUMAN,408,L,B,0.153,0.779,0.101,0.120,0.283444444444
sp_Q01974_ROR2_HUMAN,409,V,B,0.205,0.911,0.033,0.057,0.263111111111
sp_Q01974_ROR2_HUMAN,410,P,B,0.206,0.878,0.010,0.111,0.242333333333
sp_Q01974_ROR2_HUMAN,411,S,B,0.113,0.859,0.002,0.139,0.225
sp_Q01974_ROR2_HUMAN,412,I,B,0.159,0.923,0.002,0.076,0.219555555556
sp_Q01974_ROR2_HUMAN,413,A,B,0.192,0.970,0.001,0.029,0.221888888889
sp_Q01974_ROR2_HUMAN,414,I,B,0.148,0.970,0.001,0.029,0.222222222222
sp_Q01974_ROR2_HUMAN,415,P,B,0.17,0.970,0.001,0.029,0.217333333333
sp_Q01974_ROR2_HUMAN,416,L,B,0.176,0.988,0.000,0.012,0.213777777778
sp_Q01974_ROR2_HUMAN,417,V,B,0.195,0.988,0.000,0.012,0.212444444444
sp_Q01974_ROR2_HUMAN,418,I,B,0.208,0.988,0.000,0.012,0.218333333333
sp_Q01974_ROR2_HUMAN,419,A,B,0.171,0.988,0.000,0.012,0.210222222222
sp_Q01974_ROR2_HUMAN,420,C,B,0.149,0.992,0.000,0.007,0.201888888889
sp_Q01974_ROR2_HUMAN,421,L,B,0.144,0.975,0.003,0.022,0.198777777778
sp_Q01974_ROR2_HUMAN,422,F,B,0.122,0.975,0.003,0.022,0.193777777778
sp_Q01974_ROR2_HUMAN,423,F,B,0.092,0.975,0.003,0.022,0.196111111111
sp_Q01974_ROR2_HUMAN,424,L,B,0.071,0.975,0.003,0.022,0.205444444444
sp_Q01974_ROR2_HUMAN,425,V,B,0.058,0.975,0.003,0.022,0.226555555556
sp_Q01974_ROR2_HUMAN,426,C,B,0.053,0.975,0.003,0.022,0.251777777778
sp_Q01974_ROR2_HUMAN,427,M,B,0.08,0.975,0.003,0.022,0.29
sp_Q01974_ROR2_HUMAN,428,C,B,0.11,0.938,0.007,0.055,0.348
sp_Q01974_ROR2_HUMAN,429,R,B,0.23,0.878,0.010,0.111,0.411222222222
sp_Q01974_ROR2_HUMAN,430,N,E,0.367,0.802,0.014,0.185,0.459666666667
sp_Q01974_ROR2_HUMAN,431,K,E,0.562,0.600,0.003,0.397,0.515888888889
sp_Q01974_ROR2_HUMAN,432,Q,E,0.519,0.339,0.016,0.645,0.563666666667
sp_Q01974_ROR2_HUMAN,433,K,E,0.574,0.257,0.016,0.727,0.606
sp_Q01974_ROR2_HUMAN,434,A,E,0.467,0.257,0.016,0.727,0.623555555556
sp_Q01974_ROR2_HUMAN,435,S,E,0.526,0.430,0.016,0.555,0.639
sp_Q01974_ROR2_HUMAN,436,A,E,0.591,0.622,0.015,0.363,0.629
sp_Q01974_ROR2_HUMAN,437,S,E,0.524,0.622,0.015,0.363,0.631
sp_Q01974_ROR2_HUMAN,438,T,E,0.384,0.622,0.015,0.363,0.639333333333
sp_Q01974_ROR2_HUMAN,439,P,E,0.433,0.561,0.047,0.393,0.652777777778
sp_Q01974_ROR2_HUMAN,440,Q,E,0.442,0.561,0.047,0.393,0.648777777778
sp_Q01974_ROR2_HUMAN,441,R,E,0.402,0.386,0.097,0.517,0.657111111111
sp_Q01974_ROR2_HUMAN,442,R,E,0.402,0.199,0.152,0.649,0.660111111111
sp_Q01974_ROR2_HUMAN,443,Q,E,0.495,0.125,0.227,0.648,0.667333333333
sp_Q01974_ROR2_HUMAN,444,L,B,0.273,0.066,0.296,0.638,0.669666666667
sp_Q01974_ROR2_HUMAN,445,M,E,0.453,0.066,0.296,0.638,0.677222222222
sp_Q01974_ROR2_HUMAN,446,A,E,0.456,0.064,0.216,0.721,0.679666666667
sp_Q01974_ROR2_HUMAN,447,S,E,0.407,0.052,0.084,0.864,0.660777777778
sp_Q01974_ROR2_HUMAN,448,P,E,0.502,0.052,0.084,0.864,0.644
sp_Q01974_ROR2_HUMAN,449,S,E,0.401,0.053,0.043,0.903,0.649555555556
sp_Q01974_ROR2_HUMAN,450,Q,E,0.607,0.053,0.043,0.903,0.634888888889
sp_Q01974_ROR2_HUMAN,451,D,E,0.558,0.053,0.043,0.903,0.636777777778
sp_Q01974_ROR2_HUMAN,452,M,E,0.333,0.113,0.043,0.844,0.641666666667
sp_Q01974_ROR2_HUMAN,453,E,E,0.538,0.113,0.043,0.844,0.641333333333
sp_Q01974_ROR2_HUMAN,454,M,E,0.425,0.053,0.043,0.903,0.647111111111
sp_Q01974_ROR2_HUMAN,455,P,E,0.372,0.053,0.043,0.903,0.638333333333
sp_Q01974_ROR2_HUMAN,456,L,E,0.302,0.053,0.043,0.903,0.634444444444
sp_Q01974_ROR2_HUMAN,457,I,E,0.382,0.053,0.043,0.903,0.644666666667
sp_Q01974_ROR2_HUMAN,458,N,E,0.543,0.058,0.017,0.925,0.639333333333
sp_Q01974_ROR2_HUMAN,459,Q,E,0.584,0.058,0.017,0.925,0.641111111111
sp_Q01974_ROR2_HUMAN,460,H,B,0.236,0.058,0.017,0.925,0.639333333333
sp_Q01974_ROR2_HUMAN,461,K,E,0.452,0.058,0.017,0.925,0.628444444444
sp_Q01974_ROR2_HUMAN,462,Q,E,0.588,0.113,0.043,0.844,0.625444444444
sp_Q01974_ROR2_HUMAN,463,A,E,0.491,0.116,0.016,0.868,0.618555555556
sp_Q01974_ROR2_HUMAN,464,K,E,0.543,0.053,0.043,0.903,0.597888888889
sp_Q01974_ROR2_HUMAN,465,L,E,0.441,0.052,0.084,0.864,0.601888888889
sp_Q01974_ROR2_HUMAN,466,K,B,0.205,0.064,0.216,0.721,0.581777777778
sp_Q01974_ROR2_HUMAN,467,E,E,0.361,0.021,0.279,0.699,0.571777777778
sp_Q01974_ROR2_HUMAN,468,I,B,0.052,0.020,0.205,0.775,0.561333333333
sp_Q01974_ROR2_HUMAN,469,S,E,0.397,0.052,0.084,0.864,0.527666666667
sp_Q01974_ROR2_HUMAN,470,L,E,0.294,0.257,0.016,0.727,0.524444444444
sp_Q01974_ROR2_HUMAN,471,S,E,0.7,0.257,0.016,0.727,0.510555555556
sp_Q01974_ROR2_HUMAN,472,A,E,0.334,0.353,0.048,0.598,0.5
sp_Q01974_ROR2_HUMAN,473,V,B,0.033,0.453,0.248,0.299,0.513777777778
sp_Q01974_ROR2_HUMAN,474,R,E,0.453,0.391,0.466,0.143,0.509444444444
sp_Q01974_ROR2_HUMAN,475,F,B,0.179,0.391,0.466,0.143,0.505777777778
sp_Q01974_ROR2_HUMAN,476,M,E,0.282,0.478,0.309,0.214,0.506555555556
sp_Q01974_ROR2_HUMAN,477,E,E,0.49,0.453,0.248,0.299,0.518444444444
sp_Q01974_ROR2_HUMAN,478,E,E,0.349,0.478,0.309,0.214,0.538777777778
sp_Q01974_ROR2_HUMAN,479,L,B,0.084,0.321,0.252,0.427,0.535222222222
sp_Q01974_ROR2_HUMAN,480,G,B,0.198,0.125,0.227,0.648,0.533888888889
sp_Q01974_ROR2_HUMAN,481,E,E,0.478,0.056,0.142,0.802,0.514555555556
sp_Q01974_ROR2_HUMAN,482,D,B,0.138,0.018,0.141,0.840,0.499333333333
sp_Q01974_ROR2_HUMAN,483,R,B,0.274,0.056,0.142,0.802,0.466444444444
sp_Q01974_ROR2_HUMAN,484,F,B,0.212,0.069,0.386,0.545,0.457888888889
sp_Q01974_ROR2_HUMAN,485,G,B,0.069,0.074,0.484,0.442,0.450111111111
sp_Q01974_ROR2_HUMAN,486,K,E,0.247,0.087,0.683,0.230,0.411777777778
sp_Q01974_ROR2_HUMAN,487,V,B,0.033,0.011,0.918,0.071,0.407666666667
sp_Q01974_ROR2_HUMAN,488,Y,B,0.1,0.006,0.962,0.032,0.390222222222
sp_Q01974_ROR2_HUMAN,489,K,B,0.189,0.006,0.962,0.032,0.393555555556
sp_Q01974_ROR2_HUMAN,490,G,B,0.017,0.001,0.959,0.040,0.407666666667
sp_Q01974_ROR2_HUMAN,491,H,E,0.249,0.001,0.983,0.017,0.417
sp_Q01974_ROR2_HUMAN,492,L,B,0.029,0.001,0.959,0.040,0.445111111111
sp_Q01974_ROR2_HUMAN,493,F,E,0.377,0.001,0.900,0.099,0.469444444444
sp_Q01974_ROR2_HUMAN,494,G,E,0.319,0.004,0.616,0.381,0.471666666667
sp_Q01974_ROR2_HUMAN,495,P,E,0.336,0.004,0.197,0.799,0.500777777778
sp_Q01974_ROR2_HUMAN,496,A,E,0.538,0.005,0.045,0.951,0.497555555556
sp_Q01974_ROR2_HUMAN,497,P,E,0.728,0.005,0.015,0.979,0.514666666667
sp_Q01974_ROR2_HUMAN,498,G,E,0.718,0.003,0.003,0.994,0.508555555556
sp_Q01974_ROR2_HUMAN,499,E,E,0.4,0.005,0.015,0.979,0.498444444444
sp_Q01974_ROR2_HUMAN,500,Q,E,0.41,0.018,0.141,0.840,0.466222222222
sp_Q01974_ROR2_HUMAN,501,T,E,0.375,0.004,0.616,0.381,0.439777777778
sp_Q01974_ROR2_HUMAN,502,Q,B,0.155,0.002,0.816,0.182,0.399111111111
sp_Q01974_ROR2_HUMAN,503,A,B,0.218,0.011,0.918,0.071,0.388
sp_Q01974_ROR2_HUMAN,504,V,B,0.021,0.006,0.962,0.032,0.364222222222
sp_Q01974_ROR2_HUMAN,505,A,B,0.026,0.006,0.962,0.032,0.356111111111
sp_Q01974_ROR2_HUMAN,506,I,B,0.026,0.011,0.918,0.071,0.352
sp_Q01974_ROR2_HUMAN,507,K,B,0.054,0.018,0.846,0.136,0.371444444444
sp_Q01974_ROR2_HUMAN,508,T,B,0.095,0.024,0.655,0.322,0.39
sp_Q01974_ROR2_HUMAN,509,L,B,0.032,0.066,0.296,0.638,0.414111111111
sp_Q01974_ROR2_HUMAN,510,K,E,0.331,0.018,0.047,0.935,0.437777777778
sp_Q01974_ROR2_HUMAN,511,D,E,0.672,0.018,0.019,0.964,0.466666666667
sp_Q01974_ROR2_HUMAN,512,K,E,0.687,0.003,0.003,0.994,0.487777777778
sp_Q01974_ROR2_HUMAN,513,A,B,0.181,0.003,0.003,0.994,0.512888888889
sp_Q01974_ROR2_HUMAN,514,E,E,0.543,0.003,0.003,0.994,0.518111111111
sp_Q01974_ROR2_HUMAN,515,G,E,0.592,0.923,0.002,0.076,0.527666666667
sp_Q01974_ROR2_HUMAN,516,P,E,0.686,0.970,0.001,0.029,0.523
sp_Q01974_ROR2_HUMAN,517,L,B,0.185,0.970,0.001,0.029,0.500777777778
sp_Q01974_ROR2_HUMAN,518,R,B,0.198,0.988,0.000,0.012,0.502222222222
sp_Q01974_ROR2_HUMAN,519,E,E,0.518,0.970,0.001,0.029,0.503777777778
sp_Q01974_ROR2_HUMAN,520,E,E,0.346,0.970,0.001,0.029,0.489888888889
sp_Q01974_ROR2_HUMAN,521,F,B,0.027,0.970,0.001,0.029,0.461777777778
sp_Q01974_ROR2_HUMAN,522,R,B,0.188,0.970,0.001,0.029,0.455555555556
sp_Q01974_ROR2_HUMAN,523,H,E,0.427,0.970,0.001,0.029,0.449666666667
sp_Q01974_ROR2_HUMAN,524,E,B,0.062,0.970,0.001,0.029,0.427444444444
sp_Q01974_ROR2_HUMAN,525,A,B,0.031,0.970,0.001,0.029,0.409666666667
sp_Q01974_ROR2_HUMAN,526,M,E,0.401,0.970,0.001,0.029,0.429222222222
sp_Q01974_ROR2_HUMAN,527,L,B,0.091,0.970,0.001,0.029,0.415111111111
sp_Q01974_ROR2_HUMAN,528,R,B,0.06,0.923,0.002,0.076,0.425111111111
sp_Q01974_ROR2_HUMAN,529,A,E,0.341,0.859,0.002,0.139,0.428666666667
sp_Q01974_ROR2_HUMAN,530,R,E,0.512,0.600,0.003,0.397,0.449
sp_Q01974_ROR2_HUMAN,531,L,B,0.063,0.176,0.004,0.820,0.444666666667
sp_Q01974_ROR2_HUMAN,532,Q,E,0.618,0.016,0.005,0.979,0.443333333333
sp_Q01974_ROR2_HUMAN,533,H,B,0.106,0.003,0.003,0.994,0.439555555556
sp_Q01974_ROR2_HUMAN,534,P,E,0.557,0.058,0.017,0.925,0.432444444444
sp_Q01974_ROR2_HUMAN,535,N,B,0.132,0.113,0.043,0.844,0.412222222222
sp_Q01974_ROR2_HUMAN,536,V,B,0.021,0.069,0.386,0.545,0.401555555556
sp_Q01974_ROR2_HUMAN,537,V,B,0.021,0.021,0.756,0.223,0.358555555556
sp_Q01974_ROR2_HUMAN,538,C,B,0.139,0.011,0.918,0.071,0.356555555556
sp_Q01974_ROR2_HUMAN,539,L,B,0.016,0.011,0.918,0.071,0.329888888889
sp_Q01974_ROR2_HUMAN,540,L,B,0.054,0.011,0.918,0.071,0.320555555556
sp_Q01974_ROR2_HUMAN,541,G,B,0.019,0.011,0.918,0.071,0.337555555556
sp_Q01974_ROR2_HUMAN,542,V,B,0.028,0.006,0.962,0.032,0.362777777778
sp_Q01974_ROR2_HUMAN,543,V,B,0.017,0.006,0.962,0.032,0.382666666667
sp_Q01974_ROR2_HUMAN,544,T,B,0.101,0.002,0.816,0.182,0.395666666667
sp_Q01974_ROR2_HUMAN,545,K,E,0.434,0.004,0.263,0.733,0.409222222222
sp_Q01974_ROR2_HUMAN,546,D,E,0.672,0.005,0.015,0.979,0.416222222222
sp_Q01974_ROR2_HUMAN,547,Q,E,0.501,0.003,0.003,0.994,0.398
sp_Q01974_ROR2_HUMAN,548,P,B,0.152,0.018,0.141,0.840,0.396666666667
sp_Q01974_ROR2_HUMAN,549,L,B,0.074,0.021,0.756,0.223,0.397444444444
sp_Q01974_ROR2_HUMAN,550,S,B,0.032,0.011,0.918,0.071,0.374888888889
sp_Q01974_ROR2_HUMAN,551,M,B,0.015,0.011,0.918,0.071,0.358111111111
sp_Q01974_ROR2_HUMAN,552,I,B,0.014,0.006,0.962,0.032,0.349333333333
sp_Q01974_ROR2_HUMAN,553,F,B,0.024,0.011,0.918,0.071,0.356111111111
sp_Q01974_ROR2_HUMAN,554,S,B,0.034,0.018,0.846,0.136,0.373
sp_Q01974_ROR2_HUMAN,555,Y,B,0.048,0.021,0.452,0.528,0.390888888889
sp_Q01974_ROR2_HUMAN,556,C,B,0.04,0.018,0.088,0.893,0.421555555556
sp_Q01974_ROR2_HUMAN,557,S,E,0.508,0.018,0.047,0.935,0.433777777778
sp_Q01974_ROR2_HUMAN,558,H,E,0.414,0.005,0.015,0.979,0.449333333333
sp_Q01974_ROR2_HUMAN,559,G,B,0.108,0.018,0.019,0.964,0.464555555556
sp_Q01974_ROR2_HUMAN,560,D,B,0.205,0.116,0.016,0.868,0.471666666667
sp_Q01974_ROR2_HUMAN,561,L,B,0.024,0.782,0.003,0.215,0.455777777778
sp_Q01974_ROR2_HUMAN,562,H,E,0.266,0.859,0.002,0.139,0.460666666667
sp_Q01974_ROR2_HUMAN,563,E,E,0.461,0.923,0.002,0.076,0.458666666667
sp_Q01974_ROR2_HUMAN,564,F,B,0.088,0.970,0.001,0.029,0.469888888889
sp_Q01974_ROR2_HUMAN,565,L,B,0.022,0.923,0.002,0.076,0.480777777778
sp_Q01974_ROR2_HUMAN,566,V,E,0.386,0.859,0.002,0.139,0.510444444444
sp_Q01974_ROR2_HUMAN,567,M,E,0.633,0.694,0.003,0.303,0.522777777778
sp_Q01974_ROR2_HUMAN,568,R,E,0.297,0.321,0.003,0.675,0.551111111111
sp_Q01974_ROR2_HUMAN,569,S,E,0.398,0.109,0.005,0.886,0.578777777778
sp_Q01974_ROR2_HUMAN,570,P,E,0.522,0.058,0.017,0.925,0.620333333333
sp_Q01974_ROR2_HUMAN,571,H,E,0.506,0.116,0.016,0.868,0.636444444444
sp_Q01974_ROR2_HUMAN,572,S,E,0.406,0.113,0.043,0.844,0.646
sp_Q01974_ROR2_HUMAN,573,D,E,0.479,0.184,0.043,0.773,0.651555555556
sp_Q01974_ROR2_HUMAN,574,V,E,0.401,0.268,0.043,0.689,0.659111111111
sp_Q01974_ROR2_HUMAN,575,G,E,0.379,0.353,0.048,0.598,0.662333333333
sp_Q01974_ROR2_HUMAN,576,S,E,0.385,0.339,0.016,0.645,0.673
sp_Q01974_ROR2_HUMAN,577,T,E,0.39,0.339,0.016,0.645,0.670222222222
sp_Q01974_ROR2_HUMAN,578,D,E,0.484,0.430,0.016,0.555,0.667333333333
sp_Q01974_ROR2_HUMAN,579,D,E,0.454,0.339,0.016,0.645,0.662333333333
sp_Q01974_ROR2_HUMAN,580,D,E,0.444,0.339,0.016,0.645,0.655777777778
sp_Q01974_ROR2_HUMAN,581,R,E,0.497,0.257,0.016,0.727,0.658555555556
sp_Q01974_ROR2_HUMAN,582,T,E,0.543,0.257,0.016,0.727,0.650555555556
sp_Q01974_ROR2_HUMAN,583,V,E,0.494,0.181,0.017,0.803,0.618333333333
sp_Q01974_ROR2_HUMAN,584,K,E,0.624,0.053,0.004,0.942,0.602222222222
sp_Q01974_ROR2_HUMAN,585,S,E,0.569,0.018,0.019,0.964,0.573111111111
sp_Q01974_ROR2_HUMAN,586,A,E,0.632,0.018,0.019,0.964,0.553222222222
sp_Q01974_ROR2_HUMAN,587,L,B,0.042,0.005,0.045,0.951,0.535333333333
sp_Q01974_ROR2_HUMAN,588,E,E,0.435,0.005,0.015,0.979,0.507777777778
sp_Q01974_ROR2_HUMAN,589,P,B,0.205,0.970,0.001,0.029,0.471555555556
sp_Q01974_ROR2_HUMAN,590,P,E,0.454,0.970,0.001,0.029,0.453111111111
sp_Q01974_ROR2_HUMAN,591,D,B,0.213,0.970,0.001,0.029,0.426
sp_Q01974_ROR2_HUMAN,592,F,B,0.035,0.970,0.001,0.029,0.407888888889
sp_Q01974_ROR2_HUMAN,593,V,B,0.035,0.970,0.001,0.029,0.379333333333
sp_Q01974_ROR2_HUMAN,594,H,E,0.313,0.970,0.001,0.029,0.359111111111
sp_Q01974_ROR2_HUMAN,595,L,B,0.032,0.970,0.001,0.029,0.319888888889
sp_Q01974_ROR2_HUMAN,596,V,B,0.015,0.988,0.000,0.012,0.284888888889
sp_Q01974_ROR2_HUMAN,597,A,B,0.099,0.988,0.000,0.012,0.283222222222
sp_Q01974_ROR2_HUMAN,598,Q,B,0.063,0.988,0.000,0.012,0.277666666667
