Entry,Position,AminoAcid,Exposed/Buried,RelativeSurfaceAccessilibity,HelixProbability,SheetProbability,CoilProbability,EpitopeProbability
sp_P30408_T4S1_HUMAN,1,M,E,0.632,0.003,0.003,0.994,0.242555555556
sp_P30408_T4S1_HUMAN,2,C,E,0.245,0.052,0.084,0.864,0.297444444444
sp_P30408_T4S1_HUMAN,3,Y,E,0.474,0.056,0.142,0.802,0.349888888889
sp_P30408_T4S1_HUMAN,4,G,E,0.487,0.184,0.043,0.773,0.397
sp_P30408_T4S1_HUMAN,5,K,E,0.52,0.339,0.016,0.645,0.435888888889
sp_P30408_T4S1_HUMAN,6,C,B,0.147,0.522,0.016,0.462,0.411888888889
sp_P30408_T4S1_HUMAN,7,A,B,0.19,0.622,0.015,0.363,0.411222222222
sp_P30408_T4S1_HUMAN,8,R,E,0.38,0.717,0.014,0.269,0.404444444444
sp_P30408_T4S1_HUMAN,9,C,B,0.063,0.878,0.010,0.111,0.391888888889
sp_P30408_T4S1_HUMAN,10,I,B,0.075,0.859,0.002,0.139,0.365444444444
sp_P30408_T4S1_HUMAN,11,G,B,0.089,0.694,0.003,0.303,0.342555555556
sp_P30408_T4S1_HUMAN,12,H,B,0.145,0.859,0.002,0.139,0.322
sp_P30408_T4S1_HUMAN,13,S,B,0.097,0.859,0.002,0.139,0.300777777778
sp_P30408_T4S1_HUMAN,14,L,B,0.07,0.923,0.002,0.076,0.290222222222
sp_P30408_T4S1_HUMAN,15,V,B,0.116,0.970,0.001,0.029,0.294444444444
sp_P30408_T4S1_HUMAN,16,G,B,0.103,0.970,0.001,0.029,0.286444444444
sp_P30408_T4S1_HUMAN,17,L,B,0.091,0.970,0.001,0.029,0.263111111111
sp_P30408_T4S1_HUMAN,18,A,B,0.116,0.988,0.000,0.012,0.249111111111
sp_P30408_T4S1_HUMAN,19,L,B,0.131,0.988,0.000,0.012,0.244444444444
sp_P30408_T4S1_HUMAN,20,L,B,0.116,0.988,0.000,0.012,0.237555555556
sp_P30408_T4S1_HUMAN,21,C,B,0.062,0.988,0.000,0.012,0.238888888889
sp_P30408_T4S1_HUMAN,22,I,B,0.094,0.970,0.001,0.029,0.244555555556
sp_P30408_T4S1_HUMAN,23,A,B,0.128,0.970,0.001,0.029,0.255555555556
sp_P30408_T4S1_HUMAN,24,A,B,0.071,0.923,0.002,0.076,0.260111111111
sp_P30408_T4S1_HUMAN,25,N,B,0.104,0.923,0.002,0.076,0.285666666667
sp_P30408_T4S1_HUMAN,26,I,B,0.076,0.859,0.002,0.139,0.312888888889
sp_P30408_T4S1_HUMAN,27,L,B,0.089,0.802,0.014,0.185,0.352111111111
sp_P30408_T4S1_HUMAN,28,L,B,0.084,0.660,0.049,0.291,0.393666666667
sp_P30408_T4S1_HUMAN,29,Y,B,0.125,0.386,0.097,0.517,0.426777777778
sp_P30408_T4S1_HUMAN,30,F,B,0.085,0.113,0.043,0.844,0.460111111111
sp_P30408_T4S1_HUMAN,31,P,B,0.298,0.018,0.019,0.964,0.497
sp_P30408_T4S1_HUMAN,32,N,E,0.531,0.016,0.005,0.979,0.531333333333
sp_P30408_T4S1_HUMAN,33,G,B,0.198,0.053,0.043,0.903,0.558444444444
sp_P30408_T4S1_HUMAN,34,E,E,0.575,0.118,0.150,0.732,0.571444444444
sp_P30408_T4S1_HUMAN,35,T,B,0.23,0.216,0.235,0.548,0.604111111111
sp_P30408_T4S1_HUMAN,36,K,E,0.491,0.216,0.235,0.548,0.619
sp_P30408_T4S1_HUMAN,37,Y,E,0.32,0.428,0.171,0.402,0.614111111111
sp_P30408_T4S1_HUMAN,38,A,E,0.304,0.386,0.097,0.517,0.619333333333
sp_P30408_T4S1_HUMAN,39,S,E,0.506,0.268,0.043,0.689,0.600333333333
sp_P30408_T4S1_HUMAN,40,E,E,0.66,0.184,0.043,0.773,0.585
sp_P30408_T4S1_HUMAN,41,N,E,0.485,0.116,0.016,0.868,0.575444444444
sp_P30408_T4S1_HUMAN,42,H,E,0.435,0.053,0.043,0.903,0.563
sp_P30408_T4S1_HUMAN,43,L,B,0.071,0.118,0.150,0.732,0.534
sp_P30408_T4S1_HUMAN,44,S,B,0.168,0.118,0.150,0.732,0.503
sp_P30408_T4S1_HUMAN,45,R,E,0.34,0.216,0.235,0.548,0.472333333333
sp_P30408_T4S1_HUMAN,46,F,B,0.112,0.352,0.332,0.316,0.456333333333
sp_P30408_T4S1_HUMAN,47,V,B,0.052,0.373,0.401,0.226,0.442111111111
sp_P30408_T4S1_HUMAN,48,W,B,0.09,0.373,0.401,0.226,0.447777777778
sp_P30408_T4S1_HUMAN,49,F,B,0.111,0.352,0.332,0.316,0.442444444444
sp_P30408_T4S1_HUMAN,50,F,B,0.093,0.307,0.165,0.527,0.436666666667
sp_P30408_T4S1_HUMAN,51,S,B,0.224,0.184,0.043,0.773,0.431777777778
sp_P30408_T4S1_HUMAN,52,G,B,0.135,0.184,0.043,0.773,0.449444444444
sp_P30408_T4S1_HUMAN,53,I,B,0.095,0.386,0.097,0.517,0.460222222222
sp_P30408_T4S1_HUMAN,54,V,B,0.16,0.386,0.097,0.517,0.462777777778
sp_P30408_T4S1_HUMAN,55,G,B,0.143,0.353,0.048,0.598,0.462666666667
sp_P30408_T4S1_HUMAN,56,G,B,0.108,0.430,0.016,0.555,0.450888888889
sp_P30408_T4S1_HUMAN,57,G,B,0.202,0.561,0.047,0.393,0.417444444444
sp_P30408_T4S1_HUMAN,58,L,B,0.133,0.660,0.049,0.291,0.390666666667
sp_P30408_T4S1_HUMAN,59,L,B,0.136,0.751,0.050,0.199,0.360111111111
sp_P30408_T4S1_HUMAN,60,M,B,0.117,0.831,0.044,0.125,0.333111111111
sp_P30408_T4S1_HUMAN,61,L,B,0.084,0.802,0.014,0.185,0.302222222222
sp_P30408_T4S1_HUMAN,62,L,B,0.086,0.878,0.010,0.111,0.277444444444
sp_P30408_T4S1_HUMAN,63,P,B,0.108,0.878,0.010,0.111,0.262777777778
sp_P30408_T4S1_HUMAN,64,A,B,0.095,0.938,0.007,0.055,0.262
sp_P30408_T4S1_HUMAN,65,F,B,0.087,0.938,0.007,0.055,0.271888888889
sp_P30408_T4S1_HUMAN,66,V,B,0.101,0.911,0.033,0.057,0.301777777778
sp_P30408_T4S1_HUMAN,67,F,B,0.072,0.911,0.033,0.057,0.342222222222
sp_P30408_T4S1_HUMAN,68,I,B,0.125,0.911,0.033,0.057,0.380111111111
sp_P30408_T4S1_HUMAN,69,G,B,0.22,0.751,0.050,0.199,0.422333333333
sp_P30408_T4S1_HUMAN,70,L,B,0.14,0.430,0.016,0.555,0.463888888889
sp_P30408_T4S1_HUMAN,71,E,E,0.49,0.181,0.017,0.803,0.485555555556
sp_P30408_T4S1_HUMAN,72,Q,E,0.558,0.113,0.043,0.844,0.508222222222
sp_P30408_T4S1_HUMAN,73,D,E,0.617,0.018,0.019,0.964,0.521555555556
sp_P30408_T4S1_HUMAN,74,D,E,0.5,0.005,0.015,0.979,0.526888888889
sp_P30408_T4S1_HUMAN,75,C,B,0.192,0.004,0.138,0.858,0.536555555556
sp_P30408_T4S1_HUMAN,76,C,B,0.117,0.004,0.263,0.733,0.536222222222
sp_P30408_T4S1_HUMAN,77,G,E,0.38,0.021,0.279,0.699,0.536222222222
sp_P30408_T4S1_HUMAN,78,C,B,0.25,0.018,0.141,0.840,0.542555555556
sp_P30408_T4S1_HUMAN,79,C,B,0.287,0.018,0.088,0.893,0.540666666667
sp_P30408_T4S1_HUMAN,80,G,E,0.456,0.018,0.088,0.893,0.545777777778
sp_P30408_T4S1_HUMAN,81,H,E,0.49,0.018,0.088,0.893,0.557444444444
sp_P30408_T4S1_HUMAN,82,E,E,0.617,0.018,0.088,0.893,0.560111111111
sp_P30408_T4S1_HUMAN,83,N,E,0.443,0.052,0.084,0.864,0.568888888889
sp_P30408_T4S1_HUMAN,84,C,B,0.212,0.116,0.016,0.868,0.553555555556
sp_P30408_T4S1_HUMAN,85,G,E,0.425,0.109,0.005,0.886,0.535333333333
sp_P30408_T4S1_HUMAN,86,K,E,0.384,0.321,0.003,0.675,0.496555555556
sp_P30408_T4S1_HUMAN,87,R,B,0.21,0.622,0.015,0.363,0.451777777778
sp_P30408_T4S1_HUMAN,88,C,B,0.064,0.717,0.014,0.269,0.425222222222
sp_P30408_T4S1_HUMAN,89,A,B,0.166,0.802,0.014,0.185,0.392111111111
sp_P30408_T4S1_HUMAN,90,M,B,0.084,0.878,0.010,0.111,0.347777777778
sp_P30408_T4S1_HUMAN,91,L,B,0.037,0.970,0.001,0.029,0.318
sp_P30408_T4S1_HUMAN,92,S,B,0.146,0.970,0.001,0.029,0.289333333333
sp_P30408_T4S1_HUMAN,93,S,B,0.116,0.970,0.001,0.029,0.273
sp_P30408_T4S1_HUMAN,94,V,B,0.099,0.988,0.000,0.012,0.258
sp_P30408_T4S1_HUMAN,95,L,B,0.131,0.970,0.001,0.029,0.265333333333
sp_P30408_T4S1_HUMAN,96,A,B,0.205,0.970,0.001,0.029,0.274111111111
sp_P30408_T4S1_HUMAN,97,A,B,0.241,0.970,0.001,0.029,0.271777777778
sp_P30408_T4S1_HUMAN,98,L,B,0.197,0.970,0.001,0.029,0.277333333333
sp_P30408_T4S1_HUMAN,99,I,B,0.257,0.970,0.001,0.029,0.298111111111
sp_P30408_T4S1_HUMAN,100,G,B,0.211,0.923,0.002,0.076,0.309666666667
sp_P30408_T4S1_HUMAN,101,I,B,0.215,0.923,0.002,0.076,0.328
sp_P30408_T4S1_HUMAN,102,A,B,0.208,0.923,0.002,0.076,0.348777777778
sp_P30408_T4S1_HUMAN,103,G,B,0.206,0.859,0.002,0.139,0.349888888889
sp_P30408_T4S1_HUMAN,104,S,B,0.172,0.859,0.002,0.139,0.353555555556
sp_P30408_T4S1_HUMAN,105,G,B,0.21,0.923,0.002,0.076,0.342
sp_P30408_T4S1_HUMAN,106,Y,B,0.157,0.970,0.001,0.029,0.336
sp_P30408_T4S1_HUMAN,107,C,B,0.051,0.970,0.001,0.029,0.327666666667
sp_P30408_T4S1_HUMAN,108,V,B,0.117,0.975,0.003,0.022,0.304222222222
sp_P30408_T4S1_HUMAN,109,I,B,0.094,0.975,0.003,0.022,0.297777777778
sp_P30408_T4S1_HUMAN,110,V,B,0.071,0.938,0.007,0.055,0.280333333333
sp_P30408_T4S1_HUMAN,111,A,B,0.081,0.938,0.007,0.055,0.263777777778
sp_P30408_T4S1_HUMAN,112,A,B,0.089,0.923,0.002,0.076,0.287222222222
sp_P30408_T4S1_HUMAN,113,L,B,0.137,0.923,0.002,0.076,0.310888888889
sp_P30408_T4S1_HUMAN,114,G,B,0.073,0.859,0.002,0.139,0.338333333333
sp_P30408_T4S1_HUMAN,115,L,B,0.083,0.782,0.003,0.215,0.367666666667
sp_P30408_T4S1_HUMAN,116,A,E,0.317,0.600,0.003,0.397,0.406333333333
sp_P30408_T4S1_HUMAN,117,E,E,0.582,0.176,0.004,0.820,0.434444444444
sp_P30408_T4S1_HUMAN,118,G,B,0.156,0.018,0.019,0.964,0.453666666667
sp_P30408_T4S1_HUMAN,119,P,B,0.255,0.005,0.015,0.979,0.476222222222
sp_P30408_T4S1_HUMAN,120,L,B,0.251,0.021,0.452,0.528,0.505444444444
sp_P30408_T4S1_HUMAN,121,C,B,0.035,0.024,0.655,0.322,0.526
sp_P30408_T4S1_HUMAN,122,L,B,0.213,0.024,0.655,0.322,0.536333333333
sp_P30408_T4S1_HUMAN,123,D,B,0.244,0.022,0.552,0.426,0.559111111111
sp_P30408_T4S1_HUMAN,124,S,E,0.384,0.022,0.359,0.619,0.563111111111
sp_P30408_T4S1_HUMAN,125,L,E,0.448,0.018,0.141,0.840,0.563888888889
sp_P30408_T4S1_HUMAN,126,G,E,0.528,0.018,0.088,0.893,0.577
sp_P30408_T4S1_HUMAN,127,Q,E,0.548,0.021,0.279,0.699,0.579333333333
sp_P30408_T4S1_HUMAN,128,W,B,0.153,0.021,0.452,0.528,0.576555555556
sp_P30408_T4S1_HUMAN,129,N,E,0.478,0.021,0.279,0.699,0.576444444444
sp_P30408_T4S1_HUMAN,130,Y,B,0.159,0.020,0.205,0.775,0.563
sp_P30408_T4S1_HUMAN,131,T,E,0.356,0.022,0.359,0.619,0.551666666667
sp_P30408_T4S1_HUMAN,132,F,B,0.101,0.021,0.452,0.528,0.546444444444
sp_P30408_T4S1_HUMAN,133,A,E,0.578,0.022,0.359,0.619,0.543888888889
sp_P30408_T4S1_HUMAN,134,S,E,0.546,0.020,0.205,0.775,0.545888888889
sp_P30408_T4S1_HUMAN,135,T,E,0.274,0.018,0.088,0.893,0.550111111111
sp_P30408_T4S1_HUMAN,136,E,E,0.68,0.018,0.088,0.893,0.540888888889
sp_P30408_T4S1_HUMAN,137,G,E,0.438,0.018,0.047,0.935,0.543888888889
sp_P30408_T4S1_HUMAN,138,Q,E,0.344,0.018,0.141,0.840,0.541666666667
sp_P30408_T4S1_HUMAN,139,Y,B,0.175,0.021,0.452,0.528,0.548777777778
sp_P30408_T4S1_HUMAN,140,L,B,0.106,0.022,0.552,0.426,0.557333333333
sp_P30408_T4S1_HUMAN,141,L,B,0.29,0.022,0.552,0.426,0.551777777778
sp_P30408_T4S1_HUMAN,142,D,B,0.191,0.021,0.452,0.528,0.551777777778
sp_P30408_T4S1_HUMAN,143,T,E,0.423,0.020,0.205,0.775,0.555555555556
sp_P30408_T4S1_HUMAN,144,S,E,0.557,0.113,0.087,0.800,0.551333333333
sp_P30408_T4S1_HUMAN,145,T,E,0.305,0.191,0.086,0.723,0.553222222222
sp_P30408_T4S1_HUMAN,146,W,B,0.169,0.386,0.097,0.517,0.565222222222
sp_P30408_T4S1_HUMAN,147,S,E,0.561,0.353,0.048,0.598,0.566
sp_P30408_T4S1_HUMAN,148,E,E,0.474,0.386,0.097,0.517,0.554111111111
sp_P30408_T4S1_HUMAN,149,C,B,0.132,0.386,0.097,0.517,0.549777777778
sp_P30408_T4S1_HUMAN,150,T,E,0.408,0.191,0.086,0.723,0.552666666667
sp_P30408_T4S1_HUMAN,151,E,E,0.523,0.053,0.043,0.903,0.550777777778
sp_P30408_T4S1_HUMAN,152,P,B,0.222,0.058,0.017,0.925,0.529777777778
sp_P30408_T4S1_HUMAN,153,K,E,0.618,0.018,0.019,0.964,0.523111111111
sp_P30408_T4S1_HUMAN,154,H,E,0.523,0.113,0.043,0.844,0.529666666667
sp_P30408_T4S1_HUMAN,155,I,B,0.111,0.231,0.330,0.439,0.507
sp_P30408_T4S1_HUMAN,156,V,B,0.077,0.391,0.466,0.143,0.492222222222
sp_P30408_T4S1_HUMAN,157,E,E,0.285,0.504,0.430,0.065,0.475444444444
sp_P30408_T4S1_HUMAN,158,W,B,0.123,0.614,0.324,0.062,0.453444444444
sp_P30408_T4S1_HUMAN,159,N,B,0.111,0.725,0.163,0.112,0.427666666667
sp_P30408_T4S1_HUMAN,160,V,B,0.15,0.911,0.033,0.057,0.410222222222
sp_P30408_T4S1_HUMAN,161,S,B,0.193,0.938,0.007,0.055,0.397111111111
sp_P30408_T4S1_HUMAN,162,L,B,0.137,0.975,0.003,0.022,0.368888888889
sp_P30408_T4S1_HUMAN,163,F,B,0.134,0.970,0.001,0.029,0.343222222222
sp_P30408_T4S1_HUMAN,164,S,B,0.262,0.970,0.001,0.029,0.323555555556
sp_P30408_T4S1_HUMAN,165,I,B,0.233,0.970,0.001,0.029,0.308666666667
sp_P30408_T4S1_HUMAN,166,L,B,0.158,0.970,0.001,0.029,0.303
sp_P30408_T4S1_HUMAN,167,L,B,0.191,0.970,0.001,0.029,0.300888888889
sp_P30408_T4S1_HUMAN,168,A,B,0.219,0.970,0.001,0.029,0.301666666667
sp_P30408_T4S1_HUMAN,169,L,B,0.181,0.970,0.001,0.029,0.309
sp_P30408_T4S1_HUMAN,170,G,B,0.177,0.923,0.002,0.076,0.315
sp_P30408_T4S1_HUMAN,171,G,B,0.182,0.970,0.001,0.029,0.320222222222
sp_P30408_T4S1_HUMAN,172,I,B,0.15,0.970,0.001,0.029,0.315777777778
sp_P30408_T4S1_HUMAN,173,E,B,0.186,0.988,0.000,0.012,0.312111111111
sp_P30408_T4S1_HUMAN,174,F,B,0.143,0.988,0.000,0.012,0.310555555556
sp_P30408_T4S1_HUMAN,175,I,B,0.139,0.988,0.000,0.012,0.307333333333
sp_P30408_T4S1_HUMAN,176,L,B,0.11,0.970,0.001,0.029,0.299666666667
sp_P30408_T4S1_HUMAN,177,C,B,0.068,0.970,0.001,0.029,0.293555555556
sp_P30408_T4S1_HUMAN,178,L,B,0.148,0.988,0.000,0.012,0.280222222222
sp_P30408_T4S1_HUMAN,179,I,B,0.148,0.988,0.000,0.012,0.280444444444
sp_P30408_T4S1_HUMAN,180,Q,B,0.208,0.988,0.000,0.012,0.288333333333
sp_P30408_T4S1_HUMAN,181,V,B,0.132,0.988,0.000,0.012,0.298888888889
sp_P30408_T4S1_HUMAN,182,I,B,0.157,0.988,0.000,0.012,0.320111111111
sp_P30408_T4S1_HUMAN,183,N,B,0.14,0.970,0.001,0.029,0.333
sp_P30408_T4S1_HUMAN,184,G,B,0.149,0.970,0.001,0.029,0.337222222222
sp_P30408_T4S1_HUMAN,185,V,B,0.12,0.923,0.002,0.076,0.335777777778
sp_P30408_T4S1_HUMAN,186,L,B,0.108,0.878,0.010,0.111,0.341111111111
sp_P30408_T4S1_HUMAN,187,G,B,0.154,0.622,0.015,0.363,0.360222222222
sp_P30408_T4S1_HUMAN,188,G,B,0.063,0.660,0.049,0.291,0.374333333333
sp_P30408_T4S1_HUMAN,189,I,B,0.065,0.538,0.173,0.289,0.381444444444
sp_P30408_T4S1_HUMAN,190,C,B,0.039,0.352,0.332,0.316,0.401222222222
sp_P30408_T4S1_HUMAN,191,G,B,0.203,0.216,0.235,0.548,0.421666666667
sp_P30408_T4S1_HUMAN,192,F,B,0.284,0.199,0.152,0.649,0.444666666667
sp_P30408_T4S1_HUMAN,193,C,B,0.059,0.118,0.150,0.732,0.483666666667
sp_P30408_T4S1_HUMAN,194,C,E,0.379,0.113,0.087,0.800,0.525222222222
sp_P30408_T4S1_HUMAN,195,S,E,0.566,0.191,0.086,0.723,0.550555555556
sp_P30408_T4S1_HUMAN,196,H,E,0.47,0.191,0.086,0.723,0.562777777778
sp_P30408_T4S1_HUMAN,197,Q,E,0.603,0.113,0.087,0.800,0.570666666667
sp_P30408_T4S1_HUMAN,198,Q,E,0.573,0.118,0.150,0.732,0.569666666667
sp_P30408_T4S1_HUMAN,199,Q,E,0.66,0.125,0.227,0.648,0.511888888889
sp_P30408_T4S1_HUMAN,200,Y,E,0.36,0.064,0.216,0.721,0.447777777778
sp_P30408_T4S1_HUMAN,201,D,E,0.692,0.018,0.088,0.893,0.383555555556
sp_P30408_T4S1_HUMAN,202,C,E,0.721,0.003,0.003,0.994,0.311222222222
