Entry,Position,AminoAcid,Exposed/Buried,RelativeSurfaceAccessilibity,HelixProbability,SheetProbability,CoilProbability,EpitopeProbability
sp_Q9NZQ7_PD1L1_HUMAN,1,M,E,0.564,0.016,0.005,0.979,0.198222222222
sp_Q9NZQ7_PD1L1_HUMAN,2,R,E,0.322,0.717,0.014,0.269,0.229
sp_Q9NZQ7_PD1L1_HUMAN,3,I,E,0.244,0.831,0.044,0.125,0.256666666667
sp_Q9NZQ7_PD1L1_HUMAN,4,F,B,0.182,0.911,0.033,0.057,0.283666666667
sp_Q9NZQ7_PD1L1_HUMAN,5,A,B,0.13,0.917,0.063,0.019,0.304777777778
sp_Q9NZQ7_PD1L1_HUMAN,6,V,B,0.141,0.917,0.063,0.019,0.304333333333
sp_Q9NZQ7_PD1L1_HUMAN,7,F,B,0.16,0.950,0.028,0.022,0.286555555556
sp_Q9NZQ7_PD1L1_HUMAN,8,I,B,0.11,0.938,0.007,0.055,0.281222222222
sp_Q9NZQ7_PD1L1_HUMAN,9,F,B,0.082,0.938,0.007,0.055,0.277888888889
sp_Q9NZQ7_PD1L1_HUMAN,10,M,B,0.105,0.878,0.010,0.111,0.293888888889
sp_Q9NZQ7_PD1L1_HUMAN,11,T,B,0.095,0.802,0.014,0.185,0.31
sp_Q9NZQ7_PD1L1_HUMAN,12,Y,B,0.1,0.717,0.014,0.269,0.335222222222
sp_Q9NZQ7_PD1L1_HUMAN,13,W,B,0.102,0.622,0.015,0.363,0.371444444444
sp_Q9NZQ7_PD1L1_HUMAN,14,H,B,0.241,0.430,0.016,0.555,0.407666666667
sp_Q9NZQ7_PD1L1_HUMAN,15,L,B,0.081,0.268,0.043,0.689,0.423333333333
sp_Q9NZQ7_PD1L1_HUMAN,16,L,B,0.135,0.053,0.043,0.903,0.444888888889
sp_Q9NZQ7_PD1L1_HUMAN,17,N,E,0.487,0.018,0.088,0.893,0.450333333333
sp_Q9NZQ7_PD1L1_HUMAN,18,A,E,0.444,0.004,0.263,0.733,0.457333333333
sp_Q9NZQ7_PD1L1_HUMAN,19,F,B,0.082,0.004,0.616,0.381,0.453888888889
sp_Q9NZQ7_PD1L1_HUMAN,20,T,E,0.513,0.001,0.900,0.099,0.462888888889
sp_Q9NZQ7_PD1L1_HUMAN,21,V,B,0.111,0.001,0.959,0.040,0.473888888889
sp_Q9NZQ7_PD1L1_HUMAN,22,T,E,0.454,0.001,0.900,0.099,0.470888888889
sp_Q9NZQ7_PD1L1_HUMAN,23,V,E,0.282,0.004,0.616,0.381,0.469888888889
sp_Q9NZQ7_PD1L1_HUMAN,24,P,E,0.401,0.004,0.138,0.858,0.480222222222
sp_Q9NZQ7_PD1L1_HUMAN,25,K,E,0.621,0.005,0.045,0.951,0.473777777778
sp_Q9NZQ7_PD1L1_HUMAN,26,D,E,0.674,0.004,0.197,0.799,0.468555555556
sp_Q9NZQ7_PD1L1_HUMAN,27,L,E,0.448,0.004,0.616,0.381,0.471777777778
sp_Q9NZQ7_PD1L1_HUMAN,28,Y,B,0.112,0.001,0.900,0.099,0.484111111111
sp_Q9NZQ7_PD1L1_HUMAN,29,V,E,0.443,0.001,0.959,0.040,0.488555555556
sp_Q9NZQ7_PD1L1_HUMAN,30,V,B,0.051,0.001,0.959,0.040,0.480777777778
sp_Q9NZQ7_PD1L1_HUMAN,31,E,E,0.4,0.001,0.900,0.099,0.484
sp_Q9NZQ7_PD1L1_HUMAN,32,Y,E,0.359,0.004,0.420,0.576,0.476222222222
sp_Q9NZQ7_PD1L1_HUMAN,33,G,E,0.627,0.005,0.045,0.951,0.481444444444
sp_Q9NZQ7_PD1L1_HUMAN,34,S,E,0.566,0.005,0.045,0.951,0.471333333333
sp_Q9NZQ7_PD1L1_HUMAN,35,N,E,0.583,0.004,0.514,0.481,0.476555555556
sp_Q9NZQ7_PD1L1_HUMAN,36,M,B,0.043,0.001,0.900,0.099,0.452777777778
sp_Q9NZQ7_PD1L1_HUMAN,37,T,E,0.404,0.001,0.959,0.040,0.442
sp_Q9NZQ7_PD1L1_HUMAN,38,I,B,0.044,0.001,0.959,0.040,0.410666666667
sp_Q9NZQ7_PD1L1_HUMAN,39,E,E,0.339,0.001,0.900,0.099,0.408222222222
sp_Q9NZQ7_PD1L1_HUMAN,40,C,B,0.018,0.001,0.900,0.099,0.411
sp_Q9NZQ7_PD1L1_HUMAN,41,K,E,0.378,0.001,0.900,0.099,0.428777777778
sp_Q9NZQ7_PD1L1_HUMAN,42,F,B,0.062,0.002,0.816,0.182,0.444
sp_Q9NZQ7_PD1L1_HUMAN,43,P,E,0.464,0.004,0.514,0.481,0.487222222222
sp_Q9NZQ7_PD1L1_HUMAN,44,V,E,0.409,0.004,0.197,0.799,0.510777777778
sp_Q9NZQ7_PD1L1_HUMAN,45,E,E,0.523,0.004,0.085,0.910,0.552333333333
sp_Q9NZQ7_PD1L1_HUMAN,46,K,E,0.481,0.004,0.085,0.910,0.558777777778
sp_Q9NZQ7_PD1L1_HUMAN,47,Q,E,0.579,0.004,0.085,0.910,0.589222222222
sp_Q9NZQ7_PD1L1_HUMAN,48,L,B,0.244,0.005,0.045,0.951,0.588444444444
sp_Q9NZQ7_PD1L1_HUMAN,49,D,E,0.691,0.004,0.085,0.910,0.555111111111
sp_Q9NZQ7_PD1L1_HUMAN,50,L,E,0.32,0.004,0.197,0.799,0.529333333333
sp_Q9NZQ7_PD1L1_HUMAN,51,A,E,0.412,0.004,0.420,0.576,0.483444444444
sp_Q9NZQ7_PD1L1_HUMAN,52,A,E,0.428,0.002,0.816,0.182,0.452444444444
sp_Q9NZQ7_PD1L1_HUMAN,53,L,B,0.093,0.001,0.900,0.099,0.421555555556
sp_Q9NZQ7_PD1L1_HUMAN,54,I,B,0.22,0.001,0.959,0.040,0.400777777778
sp_Q9NZQ7_PD1L1_HUMAN,55,V,B,0.026,0.001,0.983,0.017,0.402111111111
sp_Q9NZQ7_PD1L1_HUMAN,56,Y,B,0.11,0.001,0.959,0.040,0.398777777778
sp_Q9NZQ7_PD1L1_HUMAN,57,W,B,0.048,0.001,0.959,0.040,0.401444444444
sp_Q9NZQ7_PD1L1_HUMAN,58,E,B,0.208,0.001,0.959,0.040,0.433444444444
sp_Q9NZQ7_PD1L1_HUMAN,59,M,E,0.293,0.003,0.718,0.279,0.445666666667
sp_Q9NZQ7_PD1L1_HUMAN,60,E,E,0.589,0.005,0.045,0.951,0.468888888889
sp_Q9NZQ7_PD1L1_HUMAN,61,D,E,0.786,0.003,0.003,0.994,0.472111111111
sp_Q9NZQ7_PD1L1_HUMAN,62,K,E,0.662,0.004,0.263,0.733,0.489555555556
sp_Q9NZQ7_PD1L1_HUMAN,63,N,E,0.407,0.003,0.718,0.279,0.484444444444
sp_Q9NZQ7_PD1L1_HUMAN,64,I,B,0.178,0.002,0.816,0.182,0.476111111111
sp_Q9NZQ7_PD1L1_HUMAN,65,I,B,0.183,0.001,0.900,0.099,0.481888888889
sp_Q9NZQ7_PD1L1_HUMAN,66,Q,B,0.163,0.001,0.900,0.099,0.487
sp_Q9NZQ7_PD1L1_HUMAN,67,F,B,0.137,0.001,0.900,0.099,0.494555555556
sp_Q9NZQ7_PD1L1_HUMAN,68,V,E,0.273,0.002,0.816,0.182,0.513777777778
sp_Q9NZQ7_PD1L1_HUMAN,69,H,E,0.339,0.022,0.552,0.426,0.537666666667
sp_Q9NZQ7_PD1L1_HUMAN,70,G,E,0.432,0.020,0.205,0.775,0.563444444444
sp_Q9NZQ7_PD1L1_HUMAN,71,E,E,0.568,0.021,0.279,0.699,0.588777777778
sp_Q9NZQ7_PD1L1_HUMAN,72,E,E,0.595,0.021,0.279,0.699,0.614444444444
sp_Q9NZQ7_PD1L1_HUMAN,73,D,E,0.337,0.064,0.216,0.721,0.635666666667
sp_Q9NZQ7_PD1L1_HUMAN,74,L,E,0.418,0.066,0.296,0.638,0.646444444444
sp_Q9NZQ7_PD1L1_HUMAN,75,K,E,0.5,0.066,0.296,0.638,0.664333333333
sp_Q9NZQ7_PD1L1_HUMAN,76,V,E,0.602,0.066,0.296,0.638,0.66
sp_Q9NZQ7_PD1L1_HUMAN,77,Q,E,0.387,0.066,0.296,0.638,0.658111111111
sp_Q9NZQ7_PD1L1_HUMAN,78,H,E,0.405,0.056,0.142,0.802,0.651444444444
sp_Q9NZQ7_PD1L1_HUMAN,79,S,E,0.484,0.056,0.142,0.802,0.641111111111
sp_Q9NZQ7_PD1L1_HUMAN,80,S,E,0.615,0.020,0.205,0.775,0.622888888889
sp_Q9NZQ7_PD1L1_HUMAN,81,Y,B,0.216,0.021,0.279,0.699,0.596777777778
sp_Q9NZQ7_PD1L1_HUMAN,82,R,E,0.466,0.022,0.359,0.619,0.571555555556
sp_Q9NZQ7_PD1L1_HUMAN,83,Q,E,0.373,0.004,0.336,0.660,0.535777777778
sp_Q9NZQ7_PD1L1_HUMAN,84,R,B,0.156,0.003,0.718,0.279,0.507333333333
sp_Q9NZQ7_PD1L1_HUMAN,85,A,B,0.085,0.001,0.900,0.099,0.499222222222
sp_Q9NZQ7_PD1L1_HUMAN,86,R,E,0.304,0.001,0.900,0.099,0.495444444444
sp_Q9NZQ7_PD1L1_HUMAN,87,L,B,0.095,0.001,0.900,0.099,0.498888888889
sp_Q9NZQ7_PD1L1_HUMAN,88,L,B,0.198,0.003,0.718,0.279,0.514888888889
sp_Q9NZQ7_PD1L1_HUMAN,89,K,E,0.402,0.022,0.552,0.426,0.536
sp_Q9NZQ7_PD1L1_HUMAN,90,D,E,0.565,0.022,0.359,0.619,0.557666666667
sp_Q9NZQ7_PD1L1_HUMAN,91,Q,E,0.506,0.020,0.205,0.775,0.57
sp_Q9NZQ7_PD1L1_HUMAN,92,L,E,0.329,0.022,0.359,0.619,0.590888888889
sp_Q9NZQ7_PD1L1_HUMAN,93,S,E,0.602,0.004,0.336,0.660,0.576333333333
sp_Q9NZQ7_PD1L1_HUMAN,94,L,E,0.583,0.004,0.263,0.733,0.555222222222
sp_Q9NZQ7_PD1L1_HUMAN,95,G,E,0.387,0.004,0.263,0.733,0.513222222222
sp_Q9NZQ7_PD1L1_HUMAN,96,N,E,0.446,0.004,0.514,0.481,0.497555555556
sp_Q9NZQ7_PD1L1_HUMAN,97,A,B,0.062,0.002,0.816,0.182,0.451555555556
sp_Q9NZQ7_PD1L1_HUMAN,98,A,B,0.146,0.001,0.900,0.099,0.428777777778
sp_Q9NZQ7_PD1L1_HUMAN,99,L,B,0.019,0.001,0.959,0.040,0.422111111111
sp_Q9NZQ7_PD1L1_HUMAN,100,Q,B,0.217,0.001,0.959,0.040,0.410222222222
sp_Q9NZQ7_PD1L1_HUMAN,101,I,B,0.024,0.001,0.959,0.040,0.418222222222
sp_Q9NZQ7_PD1L1_HUMAN,102,T,E,0.391,0.002,0.816,0.182,0.450222222222
sp_Q9NZQ7_PD1L1_HUMAN,103,D,E,0.507,0.004,0.616,0.381,0.476888888889
sp_Q9NZQ7_PD1L1_HUMAN,104,V,B,0.095,0.004,0.336,0.660,0.507
sp_Q9NZQ7_PD1L1_HUMAN,105,K,E,0.455,0.004,0.420,0.576,0.509444444444
sp_Q9NZQ7_PD1L1_HUMAN,106,L,E,0.518,0.004,0.514,0.481,0.531888888889
sp_Q9NZQ7_PD1L1_HUMAN,107,Q,E,0.599,0.004,0.336,0.660,0.524333333333
sp_Q9NZQ7_PD1L1_HUMAN,108,D,B,0.269,0.004,0.138,0.858,0.506666666667
sp_Q9NZQ7_PD1L1_HUMAN,109,A,E,0.582,0.004,0.138,0.858,0.503888888889
sp_Q9NZQ7_PD1L1_HUMAN,110,G,B,0.203,0.003,0.718,0.279,0.465222222222
sp_Q9NZQ7_PD1L1_HUMAN,111,V,E,0.363,0.001,0.959,0.040,0.442222222222
sp_Q9NZQ7_PD1L1_HUMAN,112,Y,B,0.037,0.001,0.959,0.040,0.415555555556
sp_Q9NZQ7_PD1L1_HUMAN,113,R,B,0.203,0.001,0.959,0.040,0.406888888889
sp_Q9NZQ7_PD1L1_HUMAN,114,C,B,0.011,0.001,0.959,0.040,0.4
sp_Q9NZQ7_PD1L1_HUMAN,115,M,B,0.167,0.001,0.959,0.040,0.395777777778
sp_Q9NZQ7_PD1L1_HUMAN,116,I,B,0.023,0.001,0.959,0.040,0.401777777778
sp_Q9NZQ7_PD1L1_HUMAN,117,S,E,0.31,0.001,0.959,0.040,0.417444444444
sp_Q9NZQ7_PD1L1_HUMAN,118,Y,E,0.303,0.004,0.616,0.381,0.432777777778
sp_Q9NZQ7_PD1L1_HUMAN,119,G,E,0.605,0.005,0.045,0.951,0.462888888889
sp_Q9NZQ7_PD1L1_HUMAN,120,G,E,0.669,0.004,0.085,0.910,0.475222222222
sp_Q9NZQ7_PD1L1_HUMAN,121,A,E,0.518,0.004,0.420,0.576,0.490555555556
sp_Q9NZQ7_PD1L1_HUMAN,122,D,E,0.476,0.004,0.616,0.381,0.487444444444
sp_Q9NZQ7_PD1L1_HUMAN,123,Y,E,0.369,0.003,0.718,0.279,0.474222222222
sp_Q9NZQ7_PD1L1_HUMAN,124,K,E,0.361,0.001,0.900,0.099,0.443333333333
sp_Q9NZQ7_PD1L1_HUMAN,125,R,E,0.415,0.001,0.959,0.040,0.414888888889
sp_Q9NZQ7_PD1L1_HUMAN,126,I,B,0.06,0.001,0.959,0.040,0.379222222222
sp_Q9NZQ7_PD1L1_HUMAN,127,T,E,0.325,0.001,0.959,0.040,0.368666666667
sp_Q9NZQ7_PD1L1_HUMAN,128,V,B,0.042,0.001,0.959,0.040,0.352444444444
sp_Q9NZQ7_PD1L1_HUMAN,129,K,E,0.324,0.001,0.959,0.040,0.356333333333
sp_Q9NZQ7_PD1L1_HUMAN,130,V,B,0.038,0.001,0.959,0.040,0.369222222222
sp_Q9NZQ7_PD1L1_HUMAN,131,N,E,0.363,0.001,0.900,0.099,0.393333333333
sp_Q9NZQ7_PD1L1_HUMAN,132,A,B,0.173,0.003,0.718,0.279,0.430222222222
sp_Q9NZQ7_PD1L1_HUMAN,133,P,E,0.391,0.020,0.205,0.775,0.484111111111
sp_Q9NZQ7_PD1L1_HUMAN,134,Y,E,0.402,0.018,0.141,0.840,0.527444444444
sp_Q9NZQ7_PD1L1_HUMAN,135,N,E,0.537,0.004,0.197,0.799,0.569111111111
sp_Q9NZQ7_PD1L1_HUMAN,136,K,E,0.418,0.004,0.197,0.799,0.593333333333
sp_Q9NZQ7_PD1L1_HUMAN,137,I,E,0.391,0.004,0.197,0.799,0.619888888889
sp_Q9NZQ7_PD1L1_HUMAN,138,N,E,0.608,0.004,0.138,0.858,0.620888888889
sp_Q9NZQ7_PD1L1_HUMAN,139,Q,E,0.323,0.004,0.085,0.910,0.606222222222
sp_Q9NZQ7_PD1L1_HUMAN,140,R,E,0.567,0.004,0.197,0.799,0.590333333333
sp_Q9NZQ7_PD1L1_HUMAN,141,I,E,0.36,0.004,0.420,0.576,0.569555555556
sp_Q9NZQ7_PD1L1_HUMAN,142,L,E,0.492,0.004,0.514,0.481,0.553888888889
sp_Q9NZQ7_PD1L1_HUMAN,143,V,B,0.17,0.003,0.718,0.279,0.549
sp_Q9NZQ7_PD1L1_HUMAN,144,V,E,0.529,0.002,0.816,0.182,0.539888888889
sp_Q9NZQ7_PD1L1_HUMAN,145,D,B,0.179,0.002,0.816,0.182,0.527333333333
sp_Q9NZQ7_PD1L1_HUMAN,146,P,E,0.526,0.004,0.616,0.381,0.513888888889
sp_Q9NZQ7_PD1L1_HUMAN,147,V,E,0.474,0.004,0.336,0.660,0.492333333333
sp_Q9NZQ7_PD1L1_HUMAN,148,T,E,0.616,0.004,0.138,0.858,0.490111111111
sp_Q9NZQ7_PD1L1_HUMAN,149,S,E,0.562,0.004,0.138,0.858,0.464111111111
sp_Q9NZQ7_PD1L1_HUMAN,150,E,E,0.543,0.004,0.514,0.481,0.446333333333
sp_Q9NZQ7_PD1L1_HUMAN,151,H,B,0.065,0.001,0.900,0.099,0.407888888889
sp_Q9NZQ7_PD1L1_HUMAN,152,E,E,0.33,0.001,0.959,0.040,0.386555555556
sp_Q9NZQ7_PD1L1_HUMAN,153,L,B,0.033,0.011,0.918,0.071,0.370666666667
sp_Q9NZQ7_PD1L1_HUMAN,154,T,B,0.234,0.011,0.918,0.071,0.371222222222
sp_Q9NZQ7_PD1L1_HUMAN,155,C,B,0.017,0.011,0.918,0.071,0.371777777778
sp_Q9NZQ7_PD1L1_HUMAN,156,Q,E,0.372,0.001,0.900,0.099,0.387
sp_Q9NZQ7_PD1L1_HUMAN,157,A,B,0.072,0.003,0.718,0.279,0.401222222222
sp_Q9NZQ7_PD1L1_HUMAN,158,E,E,0.614,0.004,0.197,0.799,0.43
sp_Q9NZQ7_PD1L1_HUMAN,159,G,E,0.518,0.004,0.085,0.910,0.448111111111
sp_Q9NZQ7_PD1L1_HUMAN,160,Y,E,0.434,0.004,0.197,0.799,0.480111111111
sp_Q9NZQ7_PD1L1_HUMAN,161,P,B,0.202,0.004,0.138,0.858,0.466333333333
sp_Q9NZQ7_PD1L1_HUMAN,162,K,E,0.496,0.004,0.138,0.858,0.472555555556
sp_Q9NZQ7_PD1L1_HUMAN,163,A,B,0.1,0.004,0.420,0.576,0.438333333333
sp_Q9NZQ7_PD1L1_HUMAN,164,E,E,0.412,0.002,0.816,0.182,0.428555555556
sp_Q9NZQ7_PD1L1_HUMAN,165,V,B,0.058,0.001,0.900,0.099,0.426444444444
sp_Q9NZQ7_PD1L1_HUMAN,166,I,E,0.304,0.006,0.962,0.032,0.415222222222
sp_Q9NZQ7_PD1L1_HUMAN,167,W,B,0.033,0.011,0.918,0.071,0.420888888889
sp_Q9NZQ7_PD1L1_HUMAN,168,T,E,0.294,0.001,0.900,0.099,0.427888888889
sp_Q9NZQ7_PD1L1_HUMAN,169,S,E,0.255,0.003,0.718,0.279,0.434333333333
sp_Q9NZQ7_PD1L1_HUMAN,170,S,E,0.594,0.018,0.088,0.893,0.461
sp_Q9NZQ7_PD1L1_HUMAN,171,D,E,0.757,0.018,0.019,0.964,0.474
sp_Q9NZQ7_PD1L1_HUMAN,172,H,E,0.664,0.004,0.138,0.858,0.505777777778
sp_Q9NZQ7_PD1L1_HUMAN,173,Q,E,0.634,0.004,0.336,0.660,0.522777777778
sp_Q9NZQ7_PD1L1_HUMAN,174,V,E,0.395,0.004,0.420,0.576,0.542555555556
sp_Q9NZQ7_PD1L1_HUMAN,175,L,B,0.207,0.021,0.279,0.699,0.553222222222
sp_Q9NZQ7_PD1L1_HUMAN,176,S,E,0.544,0.018,0.141,0.840,0.557444444444
sp_Q9NZQ7_PD1L1_HUMAN,177,G,E,0.523,0.018,0.047,0.935,0.555666666667
sp_Q9NZQ7_PD1L1_HUMAN,178,K,E,0.565,0.018,0.088,0.893,0.555555555556
sp_Q9NZQ7_PD1L1_HUMAN,179,T,E,0.469,0.021,0.279,0.699,0.561111111111
sp_Q9NZQ7_PD1L1_HUMAN,180,T,E,0.466,0.004,0.616,0.381,0.573111111111
sp_Q9NZQ7_PD1L1_HUMAN,181,T,E,0.409,0.021,0.756,0.223,0.582222222222
sp_Q9NZQ7_PD1L1_HUMAN,182,T,E,0.406,0.018,0.846,0.136,0.595555555556
sp_Q9NZQ7_PD1L1_HUMAN,183,N,E,0.356,0.018,0.846,0.136,0.584333333333
sp_Q9NZQ7_PD1L1_HUMAN,184,S,E,0.434,0.002,0.816,0.182,0.575
sp_Q9NZQ7_PD1L1_HUMAN,185,K,E,0.501,0.004,0.514,0.481,0.570444444444
sp_Q9NZQ7_PD1L1_HUMAN,186,R,E,0.491,0.020,0.205,0.775,0.559777777778
sp_Q9NZQ7_PD1L1_HUMAN,187,E,E,0.622,0.018,0.088,0.893,0.542111111111
sp_Q9NZQ7_PD1L1_HUMAN,188,E,E,0.575,0.004,0.138,0.858,0.526555555556
sp_Q9NZQ7_PD1L1_HUMAN,189,K,B,0.264,0.004,0.420,0.576,0.490888888889
sp_Q9NZQ7_PD1L1_HUMAN,190,L,B,0.243,0.002,0.816,0.182,0.467333333333
sp_Q9NZQ7_PD1L1_HUMAN,191,F,B,0.131,0.001,0.900,0.099,0.440777777778
sp_Q9NZQ7_PD1L1_HUMAN,192,N,B,0.224,0.001,0.900,0.099,0.413222222222
sp_Q9NZQ7_PD1L1_HUMAN,193,V,B,0.077,0.001,0.959,0.040,0.401333333333
sp_Q9NZQ7_PD1L1_HUMAN,194,T,E,0.276,0.001,0.959,0.040,0.395
sp_Q9NZQ7_PD1L1_HUMAN,195,S,B,0.158,0.001,0.959,0.040,0.373666666667
sp_Q9NZQ7_PD1L1_HUMAN,196,T,B,0.204,0.001,0.959,0.040,0.387777777778
sp_Q9NZQ7_PD1L1_HUMAN,197,L,B,0.138,0.001,0.959,0.040,0.404666666667
sp_Q9NZQ7_PD1L1_HUMAN,198,R,E,0.425,0.001,0.900,0.099,0.432888888889
sp_Q9NZQ7_PD1L1_HUMAN,199,I,B,0.058,0.002,0.816,0.182,0.442777777778
sp_Q9NZQ7_PD1L1_HUMAN,200,N,E,0.401,0.003,0.718,0.279,0.446
sp_Q9NZQ7_PD1L1_HUMAN,201,T,E,0.51,0.004,0.336,0.660,0.467
sp_Q9NZQ7_PD1L1_HUMAN,202,T,E,0.545,0.004,0.085,0.910,0.483444444444
sp_Q9NZQ7_PD1L1_HUMAN,203,T,E,0.583,0.005,0.015,0.979,0.462777777778
sp_Q9NZQ7_PD1L1_HUMAN,204,N,E,0.586,0.005,0.045,0.951,0.487
sp_Q9NZQ7_PD1L1_HUMAN,205,E,B,0.251,0.004,0.514,0.481,0.465888888889
sp_Q9NZQ7_PD1L1_HUMAN,206,I,E,0.366,0.001,0.900,0.099,0.456777777778
sp_Q9NZQ7_PD1L1_HUMAN,207,F,B,0.044,0.001,0.959,0.040,0.437777777778
sp_Q9NZQ7_PD1L1_HUMAN,208,Y,B,0.186,0.001,0.959,0.040,0.444111111111
sp_Q9NZQ7_PD1L1_HUMAN,209,C,B,0.013,0.001,0.959,0.040,0.450222222222
sp_Q9NZQ7_PD1L1_HUMAN,210,T,B,0.177,0.001,0.959,0.040,0.452333333333
sp_Q9NZQ7_PD1L1_HUMAN,211,F,B,0.029,0.001,0.959,0.040,0.452111111111
sp_Q9NZQ7_PD1L1_HUMAN,212,R,E,0.346,0.001,0.959,0.040,0.482666666667
sp_Q9NZQ7_PD1L1_HUMAN,213,R,B,0.133,0.003,0.718,0.279,0.492
sp_Q9NZQ7_PD1L1_HUMAN,214,L,E,0.613,0.004,0.085,0.910,0.515111111111
sp_Q9NZQ7_PD1L1_HUMAN,215,D,E,0.419,0.004,0.138,0.858,0.512444444444
sp_Q9NZQ7_PD1L1_HUMAN,216,P,E,0.467,0.004,0.263,0.733,0.522111111111
sp_Q9NZQ7_PD1L1_HUMAN,217,E,E,0.562,0.004,0.514,0.481,0.499444444444
sp_Q9NZQ7_PD1L1_HUMAN,218,E,E,0.422,0.002,0.816,0.182,0.473666666667
sp_Q9NZQ7_PD1L1_HUMAN,219,N,E,0.539,0.002,0.816,0.182,0.456777777778
sp_Q9NZQ7_PD1L1_HUMAN,220,H,B,0.24,0.001,0.900,0.099,0.421555555556
sp_Q9NZQ7_PD1L1_HUMAN,221,T,E,0.465,0.001,0.959,0.040,0.410666666667
sp_Q9NZQ7_PD1L1_HUMAN,222,A,B,0.048,0.001,0.959,0.040,0.375222222222
sp_Q9NZQ7_PD1L1_HUMAN,223,E,E,0.326,0.001,0.959,0.040,0.367222222222
sp_Q9NZQ7_PD1L1_HUMAN,224,L,B,0.03,0.001,0.959,0.040,0.379222222222
sp_Q9NZQ7_PD1L1_HUMAN,225,V,E,0.31,0.001,0.959,0.040,0.395444444444
sp_Q9NZQ7_PD1L1_HUMAN,226,I,B,0.041,0.001,0.900,0.099,0.425777777778
sp_Q9NZQ7_PD1L1_HUMAN,227,P,E,0.366,0.004,0.616,0.381,0.468111111111
sp_Q9NZQ7_PD1L1_HUMAN,228,E,B,0.305,0.004,0.336,0.660,0.502111111111
sp_Q9NZQ7_PD1L1_HUMAN,229,L,E,0.447,0.018,0.141,0.840,0.547444444444
sp_Q9NZQ7_PD1L1_HUMAN,230,P,E,0.326,0.018,0.088,0.893,0.556111111111
sp_Q9NZQ7_PD1L1_HUMAN,231,L,E,0.368,0.021,0.279,0.699,0.598888888889
sp_Q9NZQ7_PD1L1_HUMAN,232,A,E,0.414,0.021,0.279,0.699,0.622111111111
sp_Q9NZQ7_PD1L1_HUMAN,233,H,E,0.419,0.020,0.205,0.775,0.628666666667
sp_Q9NZQ7_PD1L1_HUMAN,234,P,E,0.333,0.018,0.047,0.935,0.635111111111
sp_Q9NZQ7_PD1L1_HUMAN,235,P,E,0.432,0.053,0.043,0.903,0.620333333333
sp_Q9NZQ7_PD1L1_HUMAN,236,N,E,0.535,0.113,0.043,0.844,0.606222222222
sp_Q9NZQ7_PD1L1_HUMAN,237,E,E,0.578,0.113,0.043,0.844,0.582777777778
sp_Q9NZQ7_PD1L1_HUMAN,238,R,E,0.323,0.191,0.086,0.723,0.56
sp_Q9NZQ7_PD1L1_HUMAN,239,T,B,0.263,0.216,0.235,0.548,0.531333333333
sp_Q9NZQ7_PD1L1_HUMAN,240,H,B,0.25,0.373,0.401,0.226,0.491777777778
sp_Q9NZQ7_PD1L1_HUMAN,241,L,B,0.234,0.478,0.309,0.214,0.436222222222
sp_Q9NZQ7_PD1L1_HUMAN,242,V,B,0.153,0.701,0.107,0.192,0.388888888889
sp_Q9NZQ7_PD1L1_HUMAN,243,I,B,0.177,0.911,0.033,0.057,0.342555555556
sp_Q9NZQ7_PD1L1_HUMAN,244,L,B,0.259,0.878,0.010,0.111,0.321777777778
sp_Q9NZQ7_PD1L1_HUMAN,245,G,B,0.241,0.923,0.002,0.076,0.289444444444
sp_Q9NZQ7_PD1L1_HUMAN,246,A,B,0.096,0.923,0.002,0.076,0.254666666667
sp_Q9NZQ7_PD1L1_HUMAN,247,I,B,0.145,0.975,0.003,0.022,0.23
sp_Q9NZQ7_PD1L1_HUMAN,248,L,B,0.18,0.975,0.003,0.022,0.220555555556
sp_Q9NZQ7_PD1L1_HUMAN,249,L,B,0.192,0.970,0.001,0.029,0.221555555556
sp_Q9NZQ7_PD1L1_HUMAN,250,C,B,0.102,0.970,0.001,0.029,0.228111111111
sp_Q9NZQ7_PD1L1_HUMAN,251,L,B,0.173,0.970,0.001,0.029,0.231777777778
sp_Q9NZQ7_PD1L1_HUMAN,252,G,B,0.23,0.975,0.003,0.022,0.233111111111
sp_Q9NZQ7_PD1L1_HUMAN,253,V,B,0.19,0.938,0.007,0.055,0.228444444444
sp_Q9NZQ7_PD1L1_HUMAN,254,A,B,0.092,0.938,0.007,0.055,0.225222222222
sp_Q9NZQ7_PD1L1_HUMAN,255,L,B,0.07,0.911,0.033,0.057,0.250111111111
sp_Q9NZQ7_PD1L1_HUMAN,256,T,B,0.089,0.870,0.077,0.053,0.273555555556
sp_Q9NZQ7_PD1L1_HUMAN,257,F,B,0.071,0.746,0.197,0.057,0.299888888889
sp_Q9NZQ7_PD1L1_HUMAN,258,I,B,0.041,0.685,0.273,0.043,0.334777777778
sp_Q9NZQ7_PD1L1_HUMAN,259,F,B,0.069,0.547,0.408,0.044,0.373333333333
sp_Q9NZQ7_PD1L1_HUMAN,260,R,B,0.107,0.473,0.482,0.045,0.408
sp_Q9NZQ7_PD1L1_HUMAN,261,L,B,0.183,0.614,0.324,0.062,0.449222222222
sp_Q9NZQ7_PD1L1_HUMAN,262,R,E,0.412,0.453,0.248,0.299,0.483444444444
sp_Q9NZQ7_PD1L1_HUMAN,263,K,E,0.679,0.191,0.086,0.723,0.522111111111
sp_Q9NZQ7_PD1L1_HUMAN,264,G,E,0.645,0.052,0.084,0.864,0.541111111111
sp_Q9NZQ7_PD1L1_HUMAN,265,R,E,0.562,0.056,0.142,0.802,0.557222222222
sp_Q9NZQ7_PD1L1_HUMAN,266,M,E,0.589,0.018,0.141,0.840,0.577222222222
sp_Q9NZQ7_PD1L1_HUMAN,267,M,E,0.403,0.018,0.088,0.893,0.578333333333
sp_Q9NZQ7_PD1L1_HUMAN,268,D,E,0.643,0.113,0.087,0.800,0.578111111111
sp_Q9NZQ7_PD1L1_HUMAN,269,V,E,0.549,0.199,0.152,0.649,0.576555555556
sp_Q9NZQ7_PD1L1_HUMAN,270,K,E,0.608,0.216,0.235,0.548,0.566111111111
sp_Q9NZQ7_PD1L1_HUMAN,271,K,E,0.499,0.231,0.330,0.439,0.57
sp_Q9NZQ7_PD1L1_HUMAN,272,C,E,0.429,0.252,0.423,0.325,0.573777777778
sp_Q9NZQ7_PD1L1_HUMAN,273,G,E,0.6,0.148,0.418,0.435,0.579222222222
sp_Q9NZQ7_PD1L1_HUMAN,274,I,E,0.414,0.159,0.516,0.325,0.59
sp_Q9NZQ7_PD1L1_HUMAN,275,Q,E,0.569,0.159,0.516,0.325,0.589888888889
sp_Q9NZQ7_PD1L1_HUMAN,276,D,E,0.517,0.148,0.418,0.435,0.602222222222
sp_Q9NZQ7_PD1L1_HUMAN,277,T,E,0.552,0.118,0.150,0.732,0.616555555556
sp_Q9NZQ7_PD1L1_HUMAN,278,N,E,0.666,0.053,0.043,0.903,0.626
sp_Q9NZQ7_PD1L1_HUMAN,279,S,E,0.562,0.053,0.043,0.903,0.633888888889
sp_Q9NZQ7_PD1L1_HUMAN,280,K,E,0.634,0.113,0.087,0.800,0.634555555556
sp_Q9NZQ7_PD1L1_HUMAN,281,K,E,0.528,0.191,0.086,0.723,0.64
sp_Q9NZQ7_PD1L1_HUMAN,282,Q,E,0.663,0.278,0.093,0.628,0.642222222222
sp_Q9NZQ7_PD1L1_HUMAN,283,S,E,0.6,0.268,0.043,0.689,0.627
sp_Q9NZQ7_PD1L1_HUMAN,284,D,E,0.481,0.353,0.048,0.598,0.624777777778
sp_Q9NZQ7_PD1L1_HUMAN,285,T,E,0.529,0.386,0.097,0.517,0.608111111111
sp_Q9NZQ7_PD1L1_HUMAN,286,H,E,0.506,0.428,0.171,0.402,0.583111111111
sp_Q9NZQ7_PD1L1_HUMAN,287,L,E,0.464,0.428,0.171,0.402,0.512444444444
sp_Q9NZQ7_PD1L1_HUMAN,288,E,E,0.612,0.278,0.093,0.628,0.444777777778
sp_Q9NZQ7_PD1L1_HUMAN,289,E,E,0.527,0.191,0.086,0.723,0.377111111111
sp_Q9NZQ7_PD1L1_HUMAN,290,T,E,0.782,0.016,0.005,0.979,0.304333333333
