Entry,Position,AminoAcid,Exposed/Buried,RelativeSurfaceAccessilibity,HelixProbability,SheetProbability,CoilProbability,EpitopeProbability
sp_P11049_CD37_HUMAN,1,M,E,0.754,0.003,0.003,0.994,0.223
sp_P11049_CD37_HUMAN,2,S,E,0.487,0.184,0.043,0.773,0.285
sp_P11049_CD37_HUMAN,3,A,E,0.377,0.455,0.046,0.498,0.326777777778
sp_P11049_CD37_HUMAN,4,Q,E,0.351,0.522,0.016,0.462,0.370777777778
sp_P11049_CD37_HUMAN,5,E,E,0.393,0.622,0.015,0.363,0.408222222222
sp_P11049_CD37_HUMAN,6,S,B,0.131,0.717,0.014,0.269,0.396666666667
sp_P11049_CD37_HUMAN,7,C,B,0.062,0.879,0.010,0.111,0.384444444444
sp_P11049_CD37_HUMAN,8,L,B,0.138,0.879,0.010,0.111,0.379
sp_P11049_CD37_HUMAN,9,S,B,0.203,0.938,0.007,0.055,0.362555555556
sp_P11049_CD37_HUMAN,10,L,B,0.049,0.970,0.001,0.030,0.341333333333
sp_P11049_CD37_HUMAN,11,I,B,0.063,0.970,0.001,0.030,0.307777777778
sp_P11049_CD37_HUMAN,12,K,B,0.156,0.988,0.000,0.012,0.298111111111
sp_P11049_CD37_HUMAN,13,Y,B,0.159,0.988,0.000,0.012,0.284222222222
sp_P11049_CD37_HUMAN,14,F,B,0.138,0.988,0.000,0.012,0.271222222222
sp_P11049_CD37_HUMAN,15,L,B,0.093,0.988,0.000,0.012,0.281
sp_P11049_CD37_HUMAN,16,F,B,0.165,0.988,0.000,0.012,0.284555555556
sp_P11049_CD37_HUMAN,17,V,E,0.247,0.988,0.000,0.012,0.290111111111
sp_P11049_CD37_HUMAN,18,F,B,0.188,0.970,0.001,0.030,0.293444444444
sp_P11049_CD37_HUMAN,19,N,B,0.191,0.970,0.001,0.030,0.294333333333
sp_P11049_CD37_HUMAN,20,L,B,0.226,0.988,0.000,0.012,0.294888888889
sp_P11049_CD37_HUMAN,21,F,E,0.281,0.988,0.000,0.012,0.296
sp_P11049_CD37_HUMAN,22,F,B,0.16,0.988,0.000,0.012,0.297888888889
sp_P11049_CD37_HUMAN,23,F,B,0.189,0.988,0.000,0.012,0.318666666667
sp_P11049_CD37_HUMAN,24,V,E,0.296,0.970,0.001,0.030,0.322888888889
sp_P11049_CD37_HUMAN,25,L,E,0.262,0.970,0.001,0.030,0.336111111111
sp_P11049_CD37_HUMAN,26,G,B,0.226,0.970,0.001,0.030,0.326222222222
sp_P11049_CD37_HUMAN,27,S,E,0.251,0.970,0.001,0.030,0.317777777778
sp_P11049_CD37_HUMAN,28,L,E,0.335,0.988,0.000,0.012,0.310555555556
sp_P11049_CD37_HUMAN,29,I,B,0.178,0.970,0.001,0.030,0.306555555556
sp_P11049_CD37_HUMAN,30,F,B,0.162,0.975,0.003,0.022,0.305666666667
sp_P11049_CD37_HUMAN,31,C,B,0.214,0.975,0.003,0.022,0.317333333333
sp_P11049_CD37_HUMAN,32,F,B,0.257,0.975,0.003,0.022,0.318555555556
sp_P11049_CD37_HUMAN,33,G,B,0.133,0.975,0.003,0.022,0.324777777778
sp_P11049_CD37_HUMAN,34,I,B,0.139,0.975,0.003,0.022,0.324777777778
sp_P11049_CD37_HUMAN,35,W,B,0.149,0.950,0.028,0.022,0.349
sp_P11049_CD37_HUMAN,36,I,B,0.128,0.918,0.063,0.019,0.391555555556
sp_P11049_CD37_HUMAN,37,L,B,0.211,0.807,0.137,0.056,0.435666666667
sp_P11049_CD37_HUMAN,38,I,B,0.164,0.649,0.163,0.188,0.480888888889
sp_P11049_CD37_HUMAN,39,D,E,0.369,0.386,0.097,0.517,0.507555555556
sp_P11049_CD37_HUMAN,40,K,E,0.389,0.268,0.043,0.689,0.537
sp_P11049_CD37_HUMAN,41,T,E,0.615,0.184,0.043,0.773,0.551888888889
sp_P11049_CD37_HUMAN,42,S,E,0.478,0.113,0.087,0.800,0.566555555556
sp_P11049_CD37_HUMAN,43,F,B,0.222,0.216,0.235,0.548,0.588333333333
sp_P11049_CD37_HUMAN,44,V,E,0.347,0.216,0.235,0.548,0.595888888889
sp_P11049_CD37_HUMAN,45,S,E,0.469,0.321,0.252,0.427,0.584
sp_P11049_CD37_HUMAN,46,F,B,0.172,0.307,0.165,0.527,0.582666666667
sp_P11049_CD37_HUMAN,47,V,B,0.281,0.307,0.165,0.527,0.58
sp_P11049_CD37_HUMAN,48,G,E,0.594,0.191,0.086,0.723,0.582777777778
sp_P11049_CD37_HUMAN,49,L,E,0.401,0.184,0.043,0.773,0.573555555556
sp_P11049_CD37_HUMAN,50,A,E,0.474,0.181,0.016,0.803,0.564777777778
sp_P11049_CD37_HUMAN,51,F,B,0.296,0.257,0.016,0.727,0.557888888889
sp_P11049_CD37_HUMAN,52,V,E,0.371,0.406,0.004,0.590,0.550666666667
sp_P11049_CD37_HUMAN,53,P,B,0.274,0.600,0.003,0.397,0.544111111111
sp_P11049_CD37_HUMAN,54,L,B,0.136,0.694,0.003,0.303,0.531
sp_P11049_CD37_HUMAN,55,Q,B,0.2,0.782,0.003,0.216,0.510888888889
sp_P11049_CD37_HUMAN,56,I,B,0.226,0.923,0.002,0.076,0.484111111111
sp_P11049_CD37_HUMAN,57,W,B,0.202,0.923,0.002,0.076,0.467111111111
sp_P11049_CD37_HUMAN,58,S,B,0.237,0.970,0.001,0.030,0.441777777778
sp_P11049_CD37_HUMAN,59,K,E,0.291,0.970,0.001,0.030,0.425222222222
sp_P11049_CD37_HUMAN,60,V,E,0.288,0.988,0.000,0.012,0.409444444444
sp_P11049_CD37_HUMAN,61,L,B,0.193,0.988,0.000,0.012,0.392666666667
sp_P11049_CD37_HUMAN,62,A,B,0.236,0.970,0.001,0.030,0.383666666667
sp_P11049_CD37_HUMAN,63,I,E,0.316,0.970,0.001,0.030,0.388222222222
sp_P11049_CD37_HUMAN,64,S,E,0.271,0.970,0.001,0.030,0.378
sp_P11049_CD37_HUMAN,65,G,B,0.209,0.970,0.001,0.030,0.373555555556
sp_P11049_CD37_HUMAN,66,I,E,0.274,0.988,0.000,0.012,0.366444444444
sp_P11049_CD37_HUMAN,67,F,E,0.296,0.988,0.000,0.012,0.370888888889
sp_P11049_CD37_HUMAN,68,T,B,0.199,0.988,0.000,0.012,0.368222222222
sp_P11049_CD37_HUMAN,69,M,B,0.181,0.975,0.003,0.022,0.369666666667
sp_P11049_CD37_HUMAN,70,G,E,0.334,0.970,0.001,0.030,0.368666666667
sp_P11049_CD37_HUMAN,71,I,B,0.248,0.970,0.001,0.030,0.349888888889
sp_P11049_CD37_HUMAN,72,A,B,0.143,0.970,0.001,0.030,0.324
sp_P11049_CD37_HUMAN,73,L,B,0.257,0.970,0.001,0.030,0.317333333333
sp_P11049_CD37_HUMAN,74,L,E,0.282,0.970,0.001,0.030,0.328888888889
sp_P11049_CD37_HUMAN,75,G,B,0.145,0.923,0.002,0.076,0.329888888889
sp_P11049_CD37_HUMAN,76,C,B,0.104,0.970,0.001,0.030,0.327444444444
sp_P11049_CD37_HUMAN,77,V,B,0.161,0.923,0.002,0.076,0.356777777778
sp_P11049_CD37_HUMAN,78,G,B,0.117,0.923,0.002,0.076,0.382777777778
sp_P11049_CD37_HUMAN,79,A,B,0.116,0.879,0.010,0.111,0.398111111111
sp_P11049_CD37_HUMAN,80,L,B,0.172,0.802,0.014,0.185,0.430666666667
sp_P11049_CD37_HUMAN,81,K,E,0.412,0.622,0.015,0.363,0.462333333333
sp_P11049_CD37_HUMAN,82,E,E,0.663,0.246,0.004,0.750,0.475777777778
sp_P11049_CD37_HUMAN,83,L,E,0.302,0.109,0.005,0.886,0.469777777778
sp_P11049_CD37_HUMAN,84,R,E,0.407,0.321,0.003,0.675,0.471444444444
sp_P11049_CD37_HUMAN,85,C,B,0.163,0.522,0.016,0.462,0.470888888889
sp_P11049_CD37_HUMAN,86,L,B,0.118,0.802,0.014,0.185,0.448666666667
sp_P11049_CD37_HUMAN,87,L,B,0.23,0.938,0.007,0.055,0.423
sp_P11049_CD37_HUMAN,88,G,E,0.294,0.938,0.007,0.055,0.399333333333
sp_P11049_CD37_HUMAN,89,L,B,0.166,0.975,0.003,0.022,0.367555555556
sp_P11049_CD37_HUMAN,90,Y,B,0.175,0.970,0.001,0.030,0.346888888889
sp_P11049_CD37_HUMAN,91,F,B,0.251,0.988,0.000,0.012,0.338
sp_P11049_CD37_HUMAN,92,G,E,0.36,0.988,0.000,0.012,0.329555555556
sp_P11049_CD37_HUMAN,93,M,B,0.201,0.988,0.000,0.012,0.311333333333
sp_P11049_CD37_HUMAN,94,L,B,0.195,0.988,0.000,0.012,0.295111111111
sp_P11049_CD37_HUMAN,95,L,B,0.226,0.988,0.000,0.012,0.276555555556
sp_P11049_CD37_HUMAN,96,L,E,0.258,0.988,0.000,0.012,0.264666666667
sp_P11049_CD37_HUMAN,97,L,B,0.154,0.988,0.000,0.012,0.274666666667
sp_P11049_CD37_HUMAN,98,F,B,0.181,0.988,0.000,0.012,0.281555555556
sp_P11049_CD37_HUMAN,99,A,B,0.205,0.988,0.000,0.012,0.283666666667
sp_P11049_CD37_HUMAN,100,T,B,0.226,0.988,0.000,0.012,0.275444444444
sp_P11049_CD37_HUMAN,101,Q,B,0.21,0.988,0.000,0.012,0.265888888889
sp_P11049_CD37_HUMAN,102,I,B,0.178,0.988,0.000,0.012,0.273111111111
sp_P11049_CD37_HUMAN,103,T,B,0.18,0.988,0.000,0.012,0.278333333333
sp_P11049_CD37_HUMAN,104,L,B,0.197,0.988,0.000,0.012,0.294
sp_P11049_CD37_HUMAN,105,G,B,0.146,0.988,0.000,0.012,0.304222222222
sp_P11049_CD37_HUMAN,106,I,B,0.127,0.975,0.003,0.022,0.303777777778
sp_P11049_CD37_HUMAN,107,L,B,0.167,0.975,0.003,0.022,0.323666666667
sp_P11049_CD37_HUMAN,108,I,B,0.133,0.938,0.007,0.055,0.348333333333
sp_P11049_CD37_HUMAN,109,S,B,0.159,0.879,0.010,0.111,0.380555555556
sp_P11049_CD37_HUMAN,110,T,B,0.216,0.879,0.010,0.111,0.419111111111
sp_P11049_CD37_HUMAN,111,Q,B,0.264,0.717,0.014,0.269,0.441444444444
sp_P11049_CD37_HUMAN,112,R,E,0.407,0.782,0.003,0.216,0.479
sp_P11049_CD37_HUMAN,113,A,E,0.569,0.694,0.003,0.303,0.504555555556
sp_P11049_CD37_HUMAN,114,Q,E,0.339,0.782,0.003,0.216,0.534888888889
sp_P11049_CD37_HUMAN,115,L,B,0.131,0.782,0.003,0.216,0.555777777778
sp_P11049_CD37_HUMAN,116,E,E,0.479,0.858,0.002,0.139,0.568666666667
sp_P11049_CD37_HUMAN,117,R,E,0.605,0.923,0.002,0.076,0.571777777778
sp_P11049_CD37_HUMAN,118,S,E,0.392,0.970,0.001,0.030,0.570333333333
sp_P11049_CD37_HUMAN,119,L,B,0.223,0.970,0.001,0.030,0.557111111111
sp_P11049_CD37_HUMAN,120,R,E,0.434,0.988,0.000,0.012,0.579222222222
sp_P11049_CD37_HUMAN,121,D,E,0.569,0.988,0.000,0.012,0.569777777778
sp_P11049_CD37_HUMAN,122,V,E,0.235,0.988,0.000,0.012,0.560666666667
sp_P11049_CD37_HUMAN,123,V,B,0.077,0.988,0.000,0.012,0.539111111111
sp_P11049_CD37_HUMAN,124,E,E,0.361,0.988,0.000,0.012,0.544333333333
sp_P11049_CD37_HUMAN,125,K,E,0.492,0.970,0.001,0.030,0.535222222222
sp_P11049_CD37_HUMAN,126,T,B,0.074,0.970,0.001,0.030,0.529222222222
sp_P11049_CD37_HUMAN,127,I,B,0.06,0.970,0.001,0.030,0.540555555556
sp_P11049_CD37_HUMAN,128,Q,E,0.504,0.938,0.007,0.055,0.560666666667
sp_P11049_CD37_HUMAN,129,K,E,0.519,0.879,0.010,0.111,0.552777777778
sp_P11049_CD37_HUMAN,130,Y,B,0.163,0.694,0.003,0.303,0.561666666667
sp_P11049_CD37_HUMAN,131,G,E,0.425,0.406,0.004,0.590,0.577111111111
sp_P11049_CD37_HUMAN,132,T,E,0.661,0.176,0.004,0.820,0.593111111111
sp_P11049_CD37_HUMAN,133,N,E,0.485,0.053,0.005,0.942,0.601444444444
sp_P11049_CD37_HUMAN,134,P,E,0.61,0.109,0.005,0.886,0.611555555556
sp_P11049_CD37_HUMAN,135,E,E,0.51,0.109,0.005,0.886,0.602333333333
sp_P11049_CD37_HUMAN,136,E,E,0.446,0.321,0.003,0.675,0.598888888889
sp_P11049_CD37_HUMAN,137,T,E,0.626,0.858,0.002,0.139,0.591
sp_P11049_CD37_HUMAN,138,A,E,0.456,0.923,0.002,0.076,0.586111111111
sp_P11049_CD37_HUMAN,139,A,B,0.091,0.970,0.001,0.030,0.575777777778
sp_P11049_CD37_HUMAN,140,E,E,0.361,0.970,0.001,0.030,0.574555555556
sp_P11049_CD37_HUMAN,141,E,E,0.546,0.970,0.001,0.030,0.575444444444
sp_P11049_CD37_HUMAN,142,S,B,0.104,0.970,0.001,0.030,0.538555555556
sp_P11049_CD37_HUMAN,143,W,B,0.059,0.988,0.000,0.012,0.512444444444
sp_P11049_CD37_HUMAN,144,D,E,0.461,0.970,0.001,0.030,0.515444444444
sp_P11049_CD37_HUMAN,145,Y,E,0.365,0.970,0.001,0.030,0.505666666667
sp_P11049_CD37_HUMAN,146,V,B,0.037,0.970,0.001,0.030,0.5
sp_P11049_CD37_HUMAN,147,Q,B,0.116,0.970,0.001,0.030,0.505888888889
sp_P11049_CD37_HUMAN,148,F,E,0.556,0.923,0.002,0.076,0.509333333333
sp_P11049_CD37_HUMAN,149,Q,B,0.283,0.858,0.002,0.139,0.501888888889
sp_P11049_CD37_HUMAN,150,L,B,0.201,0.694,0.003,0.303,0.503
sp_P11049_CD37_HUMAN,151,R,E,0.444,0.430,0.016,0.555,0.531555555556
sp_P11049_CD37_HUMAN,152,C,B,0.313,0.278,0.093,0.628,0.554111111111
sp_P11049_CD37_HUMAN,153,C,B,0.302,0.052,0.084,0.864,0.567666666667
sp_P11049_CD37_HUMAN,154,G,E,0.421,0.056,0.142,0.802,0.568
sp_P11049_CD37_HUMAN,155,W,B,0.277,0.056,0.142,0.802,0.589111111111
sp_P11049_CD37_HUMAN,156,H,E,0.482,0.056,0.142,0.802,0.590666666667
sp_P11049_CD37_HUMAN,157,Y,E,0.379,0.018,0.088,0.893,0.595777777778
sp_P11049_CD37_HUMAN,158,P,E,0.355,0.056,0.142,0.802,0.604555555556
sp_P11049_CD37_HUMAN,159,Q,E,0.545,0.118,0.150,0.732,0.609888888889
sp_P11049_CD37_HUMAN,160,D,E,0.377,0.191,0.086,0.723,0.596222222222
sp_P11049_CD37_HUMAN,161,W,B,0.192,0.268,0.043,0.689,0.598444444444
sp_P11049_CD37_HUMAN,162,F,E,0.526,0.354,0.048,0.598,0.600444444444
sp_P11049_CD37_HUMAN,163,Q,E,0.524,0.386,0.097,0.517,0.613
sp_P11049_CD37_HUMAN,164,V,E,0.327,0.307,0.165,0.527,0.612111111111
sp_P11049_CD37_HUMAN,165,L,E,0.401,0.307,0.165,0.527,0.609222222222
sp_P11049_CD37_HUMAN,166,I,E,0.281,0.307,0.165,0.527,0.620111111111
sp_P11049_CD37_HUMAN,167,L,E,0.302,0.307,0.165,0.527,0.62
sp_P11049_CD37_HUMAN,168,R,E,0.553,0.307,0.165,0.527,0.623888888889
sp_P11049_CD37_HUMAN,169,G,E,0.3,0.191,0.086,0.723,0.645333333333
sp_P11049_CD37_HUMAN,170,N,E,0.554,0.113,0.043,0.844,0.635222222222
sp_P11049_CD37_HUMAN,171,G,E,0.493,0.058,0.017,0.925,0.635888888889
sp_P11049_CD37_HUMAN,172,S,E,0.507,0.018,0.019,0.964,0.632
sp_P11049_CD37_HUMAN,173,E,E,0.657,0.018,0.047,0.935,0.606777777778
sp_P11049_CD37_HUMAN,174,A,E,0.545,0.018,0.047,0.935,0.593
sp_P11049_CD37_HUMAN,175,H,E,0.439,0.004,0.085,0.910,0.581666666667
sp_P11049_CD37_HUMAN,176,R,E,0.524,0.004,0.138,0.858,0.568333333333
sp_P11049_CD37_HUMAN,177,V,B,0.164,0.004,0.085,0.910,0.543666666667
sp_P11049_CD37_HUMAN,178,P,B,0.176,0.005,0.045,0.951,0.531
sp_P11049_CD37_HUMAN,179,C,E,0.524,0.004,0.138,0.858,0.527222222222
sp_P11049_CD37_HUMAN,180,S,E,0.419,0.019,0.141,0.840,0.514333333333
sp_P11049_CD37_HUMAN,181,C,B,0.046,0.019,0.141,0.840,0.519555555556
sp_P11049_CD37_HUMAN,182,Y,B,0.18,0.019,0.141,0.840,0.543222222222
sp_P11049_CD37_HUMAN,183,N,E,0.495,0.019,0.141,0.840,0.560333333333
sp_P11049_CD37_HUMAN,184,L,E,0.508,0.018,0.088,0.893,0.566888888889
sp_P11049_CD37_HUMAN,185,S,E,0.506,0.018,0.019,0.964,0.578444444444
sp_P11049_CD37_HUMAN,186,A,E,0.613,0.053,0.043,0.903,0.596777777778
sp_P11049_CD37_HUMAN,187,T,E,0.646,0.018,0.047,0.935,0.610222222222
sp_P11049_CD37_HUMAN,188,N,E,0.56,0.018,0.047,0.935,0.627888888889
sp_P11049_CD37_HUMAN,189,D,E,0.575,0.018,0.047,0.935,0.633333333333
sp_P11049_CD37_HUMAN,190,S,E,0.385,0.018,0.088,0.893,0.627444444444
sp_P11049_CD37_HUMAN,191,T,E,0.4,0.018,0.088,0.893,0.629777777778
sp_P11049_CD37_HUMAN,192,I,E,0.331,0.019,0.141,0.840,0.627888888889
sp_P11049_CD37_HUMAN,193,L,E,0.45,0.018,0.088,0.893,0.636777777778
sp_P11049_CD37_HUMAN,194,D,E,0.552,0.018,0.047,0.935,0.635666666667
sp_P11049_CD37_HUMAN,195,K,E,0.55,0.018,0.047,0.935,0.637666666667
sp_P11049_CD37_HUMAN,196,V,E,0.466,0.053,0.043,0.903,0.642555555556
sp_P11049_CD37_HUMAN,197,I,E,0.406,0.052,0.084,0.864,0.642
sp_P11049_CD37_HUMAN,198,L,E,0.435,0.113,0.087,0.800,0.659777777778
sp_P11049_CD37_HUMAN,199,P,E,0.521,0.113,0.043,0.844,0.675666666667
sp_P11049_CD37_HUMAN,200,Q,E,0.484,0.113,0.043,0.844,0.667777777778
sp_P11049_CD37_HUMAN,201,L,E,0.404,0.113,0.043,0.844,0.680666666667
sp_P11049_CD37_HUMAN,202,S,E,0.405,0.053,0.043,0.903,0.676
sp_P11049_CD37_HUMAN,203,R,E,0.449,0.052,0.084,0.864,0.685888888889
sp_P11049_CD37_HUMAN,204,L,E,0.321,0.056,0.142,0.802,0.689888888889
sp_P11049_CD37_HUMAN,205,G,E,0.504,0.052,0.084,0.864,0.689555555556
sp_P11049_CD37_HUMAN,206,H,E,0.39,0.056,0.142,0.802,0.692555555556
sp_P11049_CD37_HUMAN,207,L,E,0.437,0.113,0.087,0.800,0.696888888889
sp_P11049_CD37_HUMAN,208,A,E,0.45,0.113,0.087,0.800,0.694666666667
sp_P11049_CD37_HUMAN,209,R,E,0.492,0.184,0.043,0.773,0.705666666667
sp_P11049_CD37_HUMAN,210,S,E,0.403,0.184,0.043,0.773,0.695
sp_P11049_CD37_HUMAN,211,R,E,0.488,0.184,0.043,0.773,0.696444444444
sp_P11049_CD37_HUMAN,212,H,E,0.449,0.184,0.043,0.773,0.693666666667
sp_P11049_CD37_HUMAN,213,S,E,0.413,0.184,0.043,0.773,0.690777777778
sp_P11049_CD37_HUMAN,214,A,E,0.498,0.268,0.043,0.689,0.680222222222
sp_P11049_CD37_HUMAN,215,D,E,0.536,0.268,0.043,0.689,0.672111111111
sp_P11049_CD37_HUMAN,216,I,E,0.371,0.257,0.016,0.727,0.653777777778
sp_P11049_CD37_HUMAN,217,C,E,0.497,0.184,0.043,0.773,0.635444444444
sp_P11049_CD37_HUMAN,218,A,E,0.571,0.184,0.043,0.773,0.621888888889
sp_P11049_CD37_HUMAN,219,V,E,0.398,0.184,0.043,0.773,0.606888888889
sp_P11049_CD37_HUMAN,220,P,E,0.546,0.113,0.043,0.844,0.594222222222
sp_P11049_CD37_HUMAN,221,A,E,0.459,0.113,0.043,0.844,0.584666666667
sp_P11049_CD37_HUMAN,222,E,E,0.607,0.058,0.017,0.925,0.576666666667
sp_P11049_CD37_HUMAN,223,S,E,0.391,0.018,0.019,0.964,0.567222222222
sp_P11049_CD37_HUMAN,224,H,B,0.252,0.020,0.205,0.775,0.561777777778
sp_P11049_CD37_HUMAN,225,I,B,0.154,0.021,0.451,0.528,0.554222222222
sp_P11049_CD37_HUMAN,226,Y,B,0.227,0.021,0.451,0.528,0.539111111111
sp_P11049_CD37_HUMAN,227,R,E,0.309,0.118,0.150,0.732,0.526333333333
sp_P11049_CD37_HUMAN,228,E,E,0.536,0.257,0.016,0.727,0.532222222222
sp_P11049_CD37_HUMAN,229,G,B,0.152,0.321,0.003,0.675,0.529111111111
sp_P11049_CD37_HUMAN,230,C,B,0.017,0.782,0.003,0.216,0.509444444444
sp_P11049_CD37_HUMAN,231,A,B,0.205,0.923,0.002,0.076,0.505444444444
sp_P11049_CD37_HUMAN,232,Q,E,0.604,0.970,0.001,0.030,0.516555555556
sp_P11049_CD37_HUMAN,233,G,B,0.243,0.988,0.000,0.012,0.516666666667
sp_P11049_CD37_HUMAN,234,L,B,0.018,0.988,0.000,0.012,0.491555555556
sp_P11049_CD37_HUMAN,235,Q,E,0.324,0.988,0.000,0.012,0.513444444444
sp_P11049_CD37_HUMAN,236,K,E,0.58,0.988,0.000,0.012,0.516444444444
sp_P11049_CD37_HUMAN,237,W,B,0.185,0.970,0.001,0.030,0.512111111111
sp_P11049_CD37_HUMAN,238,L,B,0.078,0.970,0.001,0.030,0.509
sp_P11049_CD37_HUMAN,239,H,E,0.449,0.970,0.001,0.030,0.525666666667
sp_P11049_CD37_HUMAN,240,N,E,0.629,0.970,0.001,0.030,0.523333333333
sp_P11049_CD37_HUMAN,241,N,B,0.31,0.923,0.002,0.076,0.501444444444
sp_P11049_CD37_HUMAN,242,L,B,0.183,0.923,0.002,0.076,0.480333333333
sp_P11049_CD37_HUMAN,243,I,E,0.35,0.923,0.002,0.076,0.492666666667
sp_P11049_CD37_HUMAN,244,S,E,0.313,0.970,0.001,0.030,0.468666666667
sp_P11049_CD37_HUMAN,245,I,E,0.202,0.992,0.000,0.007,0.443444444444
sp_P11049_CD37_HUMAN,246,V,E,0.276,0.992,0.000,0.007,0.418
sp_P11049_CD37_HUMAN,247,G,E,0.311,0.992,0.000,0.007,0.389666666667
sp_P11049_CD37_HUMAN,248,I,E,0.286,0.988,0.000,0.012,0.362888888889
sp_P11049_CD37_HUMAN,249,C,E,0.233,0.988,0.000,0.012,0.344555555556
sp_P11049_CD37_HUMAN,250,L,E,0.231,0.988,0.000,0.012,0.339111111111
sp_P11049_CD37_HUMAN,251,G,E,0.264,0.988,0.000,0.012,0.340111111111
sp_P11049_CD37_HUMAN,252,V,E,0.212,0.988,0.000,0.012,0.345888888889
sp_P11049_CD37_HUMAN,253,G,B,0.175,0.988,0.000,0.012,0.341888888889
sp_P11049_CD37_HUMAN,254,L,E,0.238,0.988,0.000,0.012,0.357222222222
sp_P11049_CD37_HUMAN,255,L,E,0.28,0.988,0.000,0.012,0.369666666667
sp_P11049_CD37_HUMAN,256,E,B,0.202,0.988,0.000,0.012,0.378222222222
sp_P11049_CD37_HUMAN,257,L,E,0.22,0.988,0.000,0.012,0.374777777778
sp_P11049_CD37_HUMAN,258,G,E,0.294,0.988,0.000,0.012,0.364555555556
sp_P11049_CD37_HUMAN,259,F,B,0.241,0.988,0.000,0.012,0.346
sp_P11049_CD37_HUMAN,260,M,B,0.13,0.988,0.000,0.012,0.336333333333
sp_P11049_CD37_HUMAN,261,T,B,0.174,0.988,0.000,0.012,0.314222222222
sp_P11049_CD37_HUMAN,262,L,B,0.147,0.988,0.000,0.012,0.294222222222
sp_P11049_CD37_HUMAN,263,S,B,0.098,0.988,0.000,0.012,0.272444444444
sp_P11049_CD37_HUMAN,264,I,B,0.111,0.988,0.000,0.012,0.271666666667
sp_P11049_CD37_HUMAN,265,F,B,0.107,0.988,0.000,0.012,0.274555555556
sp_P11049_CD37_HUMAN,266,L,B,0.069,0.970,0.001,0.030,0.291
sp_P11049_CD37_HUMAN,267,C,B,0.061,0.970,0.001,0.030,0.326444444444
sp_P11049_CD37_HUMAN,268,R,B,0.172,0.970,0.001,0.030,0.361333333333
sp_P11049_CD37_HUMAN,269,N,B,0.29,0.923,0.002,0.076,0.394111111111
sp_P11049_CD37_HUMAN,270,L,B,0.103,0.923,0.002,0.076,0.426333333333
sp_P11049_CD37_HUMAN,271,D,E,0.414,0.923,0.002,0.076,0.466333333333
sp_P11049_CD37_HUMAN,272,H,E,0.507,0.923,0.002,0.076,0.507222222222
sp_P11049_CD37_HUMAN,273,V,E,0.363,0.923,0.002,0.076,0.52
sp_P11049_CD37_HUMAN,274,Y,E,0.364,0.923,0.002,0.076,0.541888888889
sp_P11049_CD37_HUMAN,275,N,E,0.595,0.858,0.002,0.139,0.561222222222
sp_P11049_CD37_HUMAN,276,R,E,0.472,0.694,0.003,0.303,0.553666666667
sp_P11049_CD37_HUMAN,277,L,E,0.305,0.600,0.003,0.397,0.552
sp_P11049_CD37_HUMAN,278,A,E,0.579,0.406,0.004,0.590,0.484888888889
sp_P11049_CD37_HUMAN,279,R,E,0.604,0.406,0.004,0.590,0.422777777778
sp_P11049_CD37_HUMAN,280,Y,E,0.266,0.181,0.016,0.803,0.361777777778
sp_P11049_CD37_HUMAN,281,R,E,0.814,0.003,0.003,0.994,0.296
