Entry,Position,AminoAcid,Exposed/Buried,RelativeSurfaceAccessilibity,HelixProbability,SheetProbability,CoilProbability,EpitopeProbability
sp_P06127_CD5_HUMAN,1,M,E,0.592,0.003,0.003,0.994,0.252777777778
sp_P06127_CD5_HUMAN,2,P,B,0.204,0.005,0.045,0.951,0.309666666667
sp_P06127_CD5_HUMAN,3,M,E,0.361,0.018,0.047,0.935,0.372444444444
sp_P06127_CD5_HUMAN,4,G,E,0.333,0.053,0.043,0.903,0.425
sp_P06127_CD5_HUMAN,5,S,E,0.432,0.181,0.017,0.803,0.458222222222
sp_P06127_CD5_HUMAN,6,L,B,0.231,0.339,0.016,0.645,0.445666666667
sp_P06127_CD5_HUMAN,7,Q,B,0.204,0.181,0.017,0.803,0.439555555556
sp_P06127_CD5_HUMAN,8,P,B,0.101,0.600,0.003,0.397,0.403
sp_P06127_CD5_HUMAN,9,L,B,0.04,0.694,0.003,0.303,0.397333333333
sp_P06127_CD5_HUMAN,10,A,B,0.148,0.717,0.014,0.269,0.372111111111
sp_P06127_CD5_HUMAN,11,T,B,0.11,0.717,0.014,0.269,0.352888888889
sp_P06127_CD5_HUMAN,12,L,B,0.028,0.717,0.014,0.269,0.330555555556
sp_P06127_CD5_HUMAN,13,Y,B,0.189,0.622,0.015,0.363,0.314888888889
sp_P06127_CD5_HUMAN,14,L,B,0.128,0.622,0.015,0.363,0.319777777778
sp_P06127_CD5_HUMAN,15,L,B,0.094,0.430,0.016,0.555,0.324222222222
sp_P06127_CD5_HUMAN,16,G,B,0.091,0.116,0.016,0.868,0.327666666667
sp_P06127_CD5_HUMAN,17,M,B,0.044,0.052,0.084,0.864,0.343111111111
sp_P06127_CD5_HUMAN,18,L,B,0.033,0.022,0.359,0.619,0.336666666667
sp_P06127_CD5_HUMAN,19,V,B,0.059,0.022,0.552,0.426,0.351111111111
sp_P06127_CD5_HUMAN,20,A,B,0.04,0.022,0.359,0.619,0.358
sp_P06127_CD5_HUMAN,21,S,B,0.066,0.020,0.205,0.775,0.372222222222
sp_P06127_CD5_HUMAN,22,C,B,0.04,0.018,0.088,0.893,0.401555555556
sp_P06127_CD5_HUMAN,23,L,B,0.174,0.005,0.045,0.951,0.434
sp_P06127_CD5_HUMAN,24,G,B,0.154,0.018,0.088,0.893,0.456777777778
sp_P06127_CD5_HUMAN,25,R,B,0.28,0.018,0.088,0.893,0.483333333333
sp_P06127_CD5_HUMAN,26,L,B,0.241,0.018,0.141,0.840,0.495777777778
sp_P06127_CD5_HUMAN,27,S,E,0.445,0.020,0.205,0.775,0.520222222222
sp_P06127_CD5_HUMAN,28,W,E,0.331,0.018,0.141,0.840,0.536111111111
sp_P06127_CD5_HUMAN,29,Y,E,0.523,0.004,0.085,0.910,0.544777777778
sp_P06127_CD5_HUMAN,30,D,B,0.274,0.005,0.045,0.951,0.550111111111
sp_P06127_CD5_HUMAN,31,P,E,0.694,0.005,0.045,0.951,0.518555555556
sp_P06127_CD5_HUMAN,32,D,E,0.683,0.004,0.085,0.910,0.503111111111
sp_P06127_CD5_HUMAN,33,F,B,0.212,0.004,0.197,0.799,0.471222222222
sp_P06127_CD5_HUMAN,34,Q,E,0.383,0.004,0.336,0.660,0.455
sp_P06127_CD5_HUMAN,35,A,B,0.03,0.002,0.816,0.182,0.459333333333
sp_P06127_CD5_HUMAN,36,R,B,0.124,0.001,0.959,0.040,0.457111111111
sp_P06127_CD5_HUMAN,37,L,B,0.035,0.001,0.900,0.099,0.454222222222
sp_P06127_CD5_HUMAN,38,T,B,0.132,0.021,0.756,0.223,0.463555555556
sp_P06127_CD5_HUMAN,39,R,E,0.438,0.004,0.263,0.733,0.472222222222
sp_P06127_CD5_HUMAN,40,S,E,0.394,0.005,0.045,0.951,0.487666666667
sp_P06127_CD5_HUMAN,41,N,E,0.686,0.005,0.045,0.951,0.489888888889
sp_P06127_CD5_HUMAN,42,S,E,0.421,0.005,0.045,0.951,0.495333333333
sp_P06127_CD5_HUMAN,43,K,E,0.549,0.005,0.045,0.951,0.49
sp_P06127_CD5_HUMAN,44,C,B,0.164,0.004,0.197,0.799,0.468
sp_P06127_CD5_HUMAN,45,Q,E,0.26,0.004,0.514,0.481,0.442444444444
sp_P06127_CD5_HUMAN,46,G,B,0.029,0.001,0.900,0.099,0.417333333333
sp_P06127_CD5_HUMAN,47,Q,B,0.197,0.001,0.959,0.040,0.403555555556
sp_P06127_CD5_HUMAN,48,L,B,0.027,0.001,0.959,0.040,0.385444444444
sp_P06127_CD5_HUMAN,49,E,B,0.064,0.001,0.959,0.040,0.389333333333
sp_P06127_CD5_HUMAN,50,V,B,0.029,0.001,0.959,0.040,0.391111111111
sp_P06127_CD5_HUMAN,51,Y,B,0.192,0.001,0.959,0.040,0.410555555556
sp_P06127_CD5_HUMAN,52,L,B,0.216,0.001,0.900,0.099,0.420222222222
sp_P06127_CD5_HUMAN,53,K,E,0.671,0.005,0.045,0.951,0.429888888889
sp_P06127_CD5_HUMAN,54,D,E,0.571,0.003,0.003,0.994,0.438
sp_P06127_CD5_HUMAN,55,G,E,0.463,0.004,0.514,0.481,0.432555555556
sp_P06127_CD5_HUMAN,56,W,B,0.169,0.003,0.718,0.279,0.412444444444
sp_P06127_CD5_HUMAN,57,H,B,0.13,0.021,0.756,0.223,0.414666666667
sp_P06127_CD5_HUMAN,58,M,B,0.214,0.021,0.756,0.223,0.422222222222
sp_P06127_CD5_HUMAN,59,V,B,0.034,0.021,0.756,0.223,0.422
sp_P06127_CD5_HUMAN,60,C,B,0.029,0.022,0.552,0.426,0.434333333333
sp_P06127_CD5_HUMAN,61,S,B,0.195,0.018,0.141,0.840,0.462444444444
sp_P06127_CD5_HUMAN,62,Q,E,0.486,0.053,0.043,0.903,0.496222222222
sp_P06127_CD5_HUMAN,63,S,E,0.362,0.116,0.016,0.868,0.520111111111
sp_P06127_CD5_HUMAN,64,W,B,0.116,0.181,0.017,0.803,0.564333333333
sp_P06127_CD5_HUMAN,65,G,E,0.418,0.181,0.017,0.803,0.614
sp_P06127_CD5_HUMAN,66,R,E,0.362,0.181,0.017,0.803,0.640666666667
sp_P06127_CD5_HUMAN,67,S,E,0.442,0.181,0.017,0.803,0.650444444444
sp_P06127_CD5_HUMAN,68,S,E,0.437,0.116,0.016,0.868,0.666222222222
sp_P06127_CD5_HUMAN,69,K,E,0.407,0.113,0.043,0.844,0.668777777778
sp_P06127_CD5_HUMAN,70,Q,E,0.502,0.113,0.043,0.844,0.654888888889
sp_P06127_CD5_HUMAN,71,W,E,0.375,0.113,0.087,0.800,0.647111111111
sp_P06127_CD5_HUMAN,72,E,B,0.312,0.113,0.043,0.844,0.638333333333
sp_P06127_CD5_HUMAN,73,D,E,0.424,0.184,0.043,0.773,0.604444444444
sp_P06127_CD5_HUMAN,74,P,E,0.28,0.622,0.015,0.363,0.568333333333
sp_P06127_CD5_HUMAN,75,S,E,0.478,0.717,0.014,0.269,0.54
sp_P06127_CD5_HUMAN,76,Q,B,0.253,0.717,0.014,0.269,0.508444444444
sp_P06127_CD5_HUMAN,77,A,B,0.025,0.802,0.014,0.185,0.463111111111
sp_P06127_CD5_HUMAN,78,S,B,0.256,0.751,0.050,0.199,0.445222222222
sp_P06127_CD5_HUMAN,79,K,B,0.144,0.807,0.137,0.056,0.433
sp_P06127_CD5_HUMAN,80,V,B,0.031,0.807,0.137,0.056,0.415555555556
sp_P06127_CD5_HUMAN,81,C,B,0.019,0.725,0.163,0.112,0.424333333333
sp_P06127_CD5_HUMAN,82,Q,E,0.306,0.701,0.107,0.192,0.434
sp_P06127_CD5_HUMAN,83,R,B,0.259,0.502,0.102,0.396,0.456111111111
sp_P06127_CD5_HUMAN,84,L,B,0.094,0.184,0.043,0.773,0.458222222222
sp_P06127_CD5_HUMAN,85,N,E,0.501,0.053,0.043,0.903,0.471555555556
sp_P06127_CD5_HUMAN,86,C,B,0.244,0.053,0.043,0.903,0.501888888889
sp_P06127_CD5_HUMAN,87,G,E,0.482,0.113,0.087,0.800,0.508333333333
sp_P06127_CD5_HUMAN,88,V,E,0.464,0.118,0.150,0.732,0.507
sp_P06127_CD5_HUMAN,89,P,B,0.09,0.148,0.418,0.435,0.510333333333
sp_P06127_CD5_HUMAN,90,L,B,0.247,0.074,0.484,0.442,0.514333333333
sp_P06127_CD5_HUMAN,91,S,E,0.435,0.074,0.484,0.442,0.528222222222
sp_P06127_CD5_HUMAN,92,L,B,0.132,0.022,0.359,0.619,0.533555555556
sp_P06127_CD5_HUMAN,93,G,B,0.221,0.020,0.205,0.775,0.541333333333
sp_P06127_CD5_HUMAN,94,P,E,0.411,0.018,0.141,0.840,0.547
sp_P06127_CD5_HUMAN,95,F,E,0.485,0.018,0.047,0.935,0.547777777778
sp_P06127_CD5_HUMAN,96,L,B,0.279,0.018,0.047,0.935,0.547555555556
sp_P06127_CD5_HUMAN,97,V,E,0.433,0.018,0.141,0.840,0.551888888889
sp_P06127_CD5_HUMAN,98,T,E,0.323,0.018,0.141,0.840,0.544222222222
sp_P06127_CD5_HUMAN,99,Y,B,0.26,0.020,0.205,0.775,0.521444444444
sp_P06127_CD5_HUMAN,100,T,B,0.109,0.004,0.420,0.576,0.501222222222
sp_P06127_CD5_HUMAN,101,P,B,0.152,0.004,0.514,0.481,0.465333333333
sp_P06127_CD5_HUMAN,102,Q,B,0.074,0.004,0.616,0.381,0.462222222222
sp_P06127_CD5_HUMAN,103,S,B,0.184,0.004,0.514,0.481,0.438444444444
sp_P06127_CD5_HUMAN,104,S,E,0.257,0.004,0.336,0.660,0.438
sp_P06127_CD5_HUMAN,105,I,B,0.06,0.022,0.552,0.426,0.448333333333
sp_P06127_CD5_HUMAN,106,I,E,0.292,0.004,0.616,0.381,0.454555555556
sp_P06127_CD5_HUMAN,107,C,B,0.034,0.021,0.452,0.528,0.479
sp_P06127_CD5_HUMAN,108,Y,E,0.38,0.018,0.141,0.840,0.497666666667
sp_P06127_CD5_HUMAN,109,G,E,0.41,0.018,0.047,0.935,0.51
sp_P06127_CD5_HUMAN,110,Q,E,0.421,0.018,0.047,0.935,0.524222222222
sp_P06127_CD5_HUMAN,111,L,B,0.264,0.053,0.043,0.903,0.537
sp_P06127_CD5_HUMAN,112,G,E,0.414,0.053,0.043,0.903,0.562666666667
sp_P06127_CD5_HUMAN,113,S,E,0.24,0.053,0.043,0.903,0.550666666667
sp_P06127_CD5_HUMAN,114,F,B,0.064,0.113,0.087,0.800,0.549888888889
sp_P06127_CD5_HUMAN,115,S,E,0.367,0.052,0.084,0.864,0.549111111111
sp_P06127_CD5_HUMAN,116,N,E,0.472,0.052,0.084,0.864,0.550666666667
sp_P06127_CD5_HUMAN,117,C,B,0.04,0.018,0.047,0.935,0.555555555556
sp_P06127_CD5_HUMAN,118,S,E,0.407,0.018,0.047,0.935,0.565111111111
sp_P06127_CD5_HUMAN,119,H,B,0.33,0.018,0.047,0.935,0.594222222222
sp_P06127_CD5_HUMAN,120,S,E,0.404,0.018,0.019,0.964,0.582333333333
sp_P06127_CD5_HUMAN,121,R,E,0.566,0.016,0.005,0.979,0.588666666667
sp_P06127_CD5_HUMAN,122,N,E,0.357,0.018,0.019,0.964,0.606777777778
sp_P06127_CD5_HUMAN,123,D,E,0.355,0.018,0.019,0.964,0.611555555556
sp_P06127_CD5_HUMAN,124,M,B,0.152,0.018,0.047,0.935,0.622666666667
sp_P06127_CD5_HUMAN,125,C,E,0.313,0.018,0.088,0.893,0.617444444444
sp_P06127_CD5_HUMAN,126,H,B,0.235,0.018,0.047,0.935,0.610444444444
sp_P06127_CD5_HUMAN,127,S,E,0.461,0.018,0.019,0.964,0.604333333333
sp_P06127_CD5_HUMAN,128,L,E,0.449,0.016,0.005,0.979,0.586444444444
sp_P06127_CD5_HUMAN,129,G,E,0.518,0.005,0.015,0.979,0.594333333333
sp_P06127_CD5_HUMAN,130,L,E,0.374,0.005,0.045,0.951,0.594555555556
sp_P06127_CD5_HUMAN,131,T,E,0.529,0.004,0.197,0.799,0.598111111111
sp_P06127_CD5_HUMAN,132,C,B,0.284,0.004,0.263,0.733,0.608222222222
sp_P06127_CD5_HUMAN,133,L,E,0.435,0.020,0.205,0.775,0.619555555556
sp_P06127_CD5_HUMAN,134,E,E,0.414,0.018,0.088,0.893,0.629888888889
sp_P06127_CD5_HUMAN,135,P,E,0.494,0.018,0.088,0.893,0.639444444444
sp_P06127_CD5_HUMAN,136,Q,E,0.433,0.020,0.205,0.775,0.639222222222
sp_P06127_CD5_HUMAN,137,K,E,0.538,0.022,0.359,0.619,0.650333333333
sp_P06127_CD5_HUMAN,138,T,E,0.323,0.021,0.279,0.699,0.653888888889
sp_P06127_CD5_HUMAN,139,T,E,0.451,0.020,0.205,0.775,0.654444444444
sp_P06127_CD5_HUMAN,140,P,B,0.276,0.018,0.141,0.840,0.672333333333
sp_P06127_CD5_HUMAN,141,P,E,0.34,0.018,0.088,0.893,0.662222222222
sp_P06127_CD5_HUMAN,142,T,E,0.422,0.018,0.141,0.840,0.653555555556
sp_P06127_CD5_HUMAN,143,T,E,0.486,0.018,0.141,0.840,0.646666666667
sp_P06127_CD5_HUMAN,144,R,E,0.435,0.018,0.141,0.840,0.640111111111
sp_P06127_CD5_HUMAN,145,P,E,0.438,0.018,0.088,0.893,0.642555555556
sp_P06127_CD5_HUMAN,146,P,E,0.46,0.018,0.141,0.840,0.635333333333
sp_P06127_CD5_HUMAN,147,P,E,0.471,0.018,0.141,0.840,0.634888888889
sp_P06127_CD5_HUMAN,148,T,E,0.498,0.018,0.141,0.840,0.642222222222
sp_P06127_CD5_HUMAN,149,T,E,0.347,0.020,0.205,0.775,0.622888888889
sp_P06127_CD5_HUMAN,150,T,E,0.331,0.021,0.279,0.699,0.623333333333
sp_P06127_CD5_HUMAN,151,P,E,0.384,0.020,0.205,0.775,0.623333333333
sp_P06127_CD5_HUMAN,152,E,E,0.405,0.018,0.141,0.840,0.619666666667
sp_P06127_CD5_HUMAN,153,P,E,0.345,0.018,0.141,0.840,0.608888888889
sp_P06127_CD5_HUMAN,154,T,E,0.467,0.018,0.141,0.840,0.613222222222
sp_P06127_CD5_HUMAN,155,A,E,0.449,0.018,0.088,0.893,0.596
sp_P06127_CD5_HUMAN,156,P,E,0.481,0.018,0.088,0.893,0.575333333333
sp_P06127_CD5_HUMAN,157,P,E,0.422,0.004,0.138,0.858,0.525111111111
sp_P06127_CD5_HUMAN,158,R,E,0.39,0.004,0.197,0.799,0.490333333333
sp_P06127_CD5_HUMAN,159,L,B,0.154,0.004,0.420,0.576,0.444222222222
sp_P06127_CD5_HUMAN,160,Q,B,0.137,0.003,0.718,0.279,0.414
sp_P06127_CD5_HUMAN,161,L,B,0.02,0.001,0.900,0.099,0.403
sp_P06127_CD5_HUMAN,162,V,B,0.095,0.001,0.900,0.099,0.411111111111
sp_P06127_CD5_HUMAN,163,A,B,0.034,0.018,0.846,0.136,0.405888888889
sp_P06127_CD5_HUMAN,164,Q,B,0.114,0.021,0.452,0.528,0.428777777778
sp_P06127_CD5_HUMAN,165,S,E,0.477,0.004,0.197,0.799,0.441
sp_P06127_CD5_HUMAN,166,G,E,0.37,0.005,0.015,0.979,0.461888888889
sp_P06127_CD5_HUMAN,167,G,E,0.637,0.005,0.015,0.979,0.482222222222
sp_P06127_CD5_HUMAN,168,Q,E,0.375,0.005,0.045,0.951,0.494555555556
sp_P06127_CD5_HUMAN,169,H,E,0.508,0.004,0.138,0.858,0.493666666667
sp_P06127_CD5_HUMAN,170,C,B,0.135,0.004,0.336,0.660,0.471222222222
sp_P06127_CD5_HUMAN,171,A,B,0.206,0.004,0.514,0.481,0.445555555556
sp_P06127_CD5_HUMAN,172,G,B,0.035,0.002,0.816,0.182,0.413666666667
sp_P06127_CD5_HUMAN,173,V,B,0.163,0.001,0.959,0.040,0.394666666667
sp_P06127_CD5_HUMAN,174,V,B,0.025,0.001,0.959,0.040,0.375777777778
sp_P06127_CD5_HUMAN,175,E,B,0.048,0.001,0.959,0.040,0.389222222222
sp_P06127_CD5_HUMAN,176,F,B,0.03,0.001,0.959,0.040,0.398888888889
sp_P06127_CD5_HUMAN,177,Y,B,0.156,0.001,0.959,0.040,0.418666666667
sp_P06127_CD5_HUMAN,178,S,B,0.206,0.003,0.718,0.279,0.430666666667
sp_P06127_CD5_HUMAN,179,G,E,0.557,0.005,0.015,0.979,0.436
sp_P06127_CD5_HUMAN,180,S,E,0.575,0.003,0.003,0.994,0.437888888889
sp_P06127_CD5_HUMAN,181,L,E,0.379,0.004,0.336,0.660,0.441111111111
sp_P06127_CD5_HUMAN,182,G,B,0.168,0.004,0.616,0.381,0.426777777778
sp_P06127_CD5_HUMAN,183,G,B,0.065,0.024,0.655,0.322,0.437555555556
sp_P06127_CD5_HUMAN,184,T,B,0.12,0.024,0.655,0.322,0.442333333333
sp_P06127_CD5_HUMAN,185,I,B,0.036,0.024,0.655,0.322,0.438555555556
sp_P06127_CD5_HUMAN,186,S,B,0.034,0.021,0.452,0.528,0.449888888889
sp_P06127_CD5_HUMAN,187,Y,B,0.144,0.018,0.141,0.840,0.469222222222
sp_P06127_CD5_HUMAN,188,E,E,0.428,0.018,0.019,0.964,0.499444444444
sp_P06127_CD5_HUMAN,189,A,E,0.391,0.018,0.019,0.964,0.519333333333
sp_P06127_CD5_HUMAN,190,Q,B,0.214,0.018,0.019,0.964,0.548888888889
sp_P06127_CD5_HUMAN,191,D,E,0.386,0.018,0.019,0.964,0.570888888889
sp_P06127_CD5_HUMAN,192,K,B,0.175,0.018,0.019,0.964,0.580222222222
sp_P06127_CD5_HUMAN,193,T,E,0.421,0.018,0.019,0.964,0.568222222222
sp_P06127_CD5_HUMAN,194,Q,E,0.476,0.246,0.004,0.750,0.559222222222
sp_P06127_CD5_HUMAN,195,D,E,0.516,0.502,0.002,0.495,0.544888888889
sp_P06127_CD5_HUMAN,196,L,B,0.261,0.600,0.003,0.397,0.506444444444
sp_P06127_CD5_HUMAN,197,E,B,0.035,0.802,0.014,0.185,0.464555555556
sp_P06127_CD5_HUMAN,198,N,E,0.286,0.751,0.050,0.199,0.454555555556
sp_P06127_CD5_HUMAN,199,F,B,0.133,0.779,0.101,0.120,0.441111111111
sp_P06127_CD5_HUMAN,200,L,B,0.045,0.807,0.137,0.056,0.438333333333
sp_P06127_CD5_HUMAN,201,C,B,0.018,0.779,0.101,0.120,0.447
sp_P06127_CD5_HUMAN,202,N,E,0.32,0.660,0.049,0.291,0.440111111111
sp_P06127_CD5_HUMAN,203,N,E,0.38,0.561,0.047,0.393,0.443333333333
sp_P06127_CD5_HUMAN,204,L,B,0.154,0.181,0.017,0.803,0.449
sp_P06127_CD5_HUMAN,205,Q,E,0.497,0.058,0.017,0.925,0.462444444444
sp_P06127_CD5_HUMAN,206,C,B,0.151,0.018,0.019,0.964,0.498
sp_P06127_CD5_HUMAN,207,G,E,0.472,0.018,0.047,0.935,0.513
sp_P06127_CD5_HUMAN,208,S,E,0.432,0.052,0.084,0.864,0.522777777778
sp_P06127_CD5_HUMAN,209,F,B,0.095,0.064,0.216,0.721,0.536333333333
sp_P06127_CD5_HUMAN,210,L,B,0.239,0.066,0.296,0.638,0.536666666667
sp_P06127_CD5_HUMAN,211,K,E,0.403,0.069,0.386,0.545,0.562
sp_P06127_CD5_HUMAN,212,H,B,0.118,0.066,0.296,0.638,0.571
sp_P06127_CD5_HUMAN,213,L,B,0.264,0.018,0.141,0.840,0.582111111111
sp_P06127_CD5_HUMAN,214,P,E,0.435,0.018,0.088,0.893,0.588777777778
sp_P06127_CD5_HUMAN,215,E,E,0.367,0.018,0.088,0.893,0.593
sp_P06127_CD5_HUMAN,216,T,B,0.124,0.018,0.088,0.893,0.603222222222
sp_P06127_CD5_HUMAN,217,E,E,0.323,0.020,0.205,0.775,0.610666666667
sp_P06127_CD5_HUMAN,218,A,B,0.116,0.020,0.205,0.775,0.620111111111
sp_P06127_CD5_HUMAN,219,G,B,0.199,0.018,0.088,0.893,0.618555555556
sp_P06127_CD5_HUMAN,220,R,E,0.478,0.018,0.047,0.935,0.614666666667
sp_P06127_CD5_HUMAN,221,A,B,0.314,0.018,0.047,0.935,0.611777777778
sp_P06127_CD5_HUMAN,222,Q,E,0.357,0.018,0.047,0.935,0.604222222222
sp_P06127_CD5_HUMAN,223,D,B,0.266,0.018,0.047,0.935,0.605
sp_P06127_CD5_HUMAN,224,P,E,0.37,0.018,0.088,0.893,0.613222222222
sp_P06127_CD5_HUMAN,225,G,B,0.24,0.021,0.279,0.699,0.602555555556
sp_P06127_CD5_HUMAN,226,E,B,0.204,0.022,0.359,0.619,0.585111111111
sp_P06127_CD5_HUMAN,227,P,B,0.175,0.022,0.359,0.619,0.579888888889
sp_P06127_CD5_HUMAN,228,R,E,0.406,0.021,0.279,0.699,0.566111111111
sp_P06127_CD5_HUMAN,229,E,E,0.385,0.020,0.205,0.775,0.562888888889
sp_P06127_CD5_HUMAN,230,H,B,0.072,0.022,0.359,0.619,0.578333333333
sp_P06127_CD5_HUMAN,231,Q,E,0.397,0.021,0.452,0.528,0.589888888889
sp_P06127_CD5_HUMAN,232,P,B,0.131,0.021,0.452,0.528,0.601111111111
sp_P06127_CD5_HUMAN,233,L,E,0.378,0.018,0.141,0.840,0.599666666667
sp_P06127_CD5_HUMAN,234,P,E,0.437,0.018,0.088,0.893,0.607444444444
sp_P06127_CD5_HUMAN,235,I,E,0.434,0.018,0.141,0.840,0.606555555556
sp_P06127_CD5_HUMAN,236,Q,E,0.362,0.021,0.279,0.699,0.604111111111
sp_P06127_CD5_HUMAN,237,W,B,0.319,0.022,0.359,0.619,0.615444444444
sp_P06127_CD5_HUMAN,238,K,E,0.282,0.021,0.452,0.528,0.603
sp_P06127_CD5_HUMAN,239,I,B,0.055,0.021,0.452,0.528,0.594222222222
sp_P06127_CD5_HUMAN,240,Q,E,0.338,0.022,0.359,0.619,0.575777777778
sp_P06127_CD5_HUMAN,241,N,E,0.456,0.021,0.279,0.699,0.578333333333
sp_P06127_CD5_HUMAN,242,S,B,0.076,0.018,0.141,0.840,0.560666666667
sp_P06127_CD5_HUMAN,243,S,E,0.496,0.020,0.205,0.775,0.543444444444
sp_P06127_CD5_HUMAN,244,C,B,0.258,0.018,0.088,0.893,0.569
sp_P06127_CD5_HUMAN,245,T,E,0.539,0.018,0.019,0.964,0.564333333333
sp_P06127_CD5_HUMAN,246,S,E,0.491,0.018,0.019,0.964,0.566111111111
sp_P06127_CD5_HUMAN,247,L,E,0.359,0.018,0.019,0.964,0.588555555556
sp_P06127_CD5_HUMAN,248,E,E,0.453,0.018,0.019,0.964,0.594888888889
sp_P06127_CD5_HUMAN,249,H,E,0.525,0.018,0.088,0.893,0.611888888889
sp_P06127_CD5_HUMAN,250,C,E,0.305,0.018,0.088,0.893,0.608111111111
sp_P06127_CD5_HUMAN,251,F,E,0.412,0.018,0.088,0.893,0.621777777778
sp_P06127_CD5_HUMAN,252,R,E,0.346,0.018,0.088,0.893,0.631333333333
sp_P06127_CD5_HUMAN,253,K,E,0.463,0.004,0.085,0.910,0.621444444444
sp_P06127_CD5_HUMAN,254,I,E,0.394,0.004,0.085,0.910,0.622222222222
sp_P06127_CD5_HUMAN,255,K,E,0.456,0.005,0.045,0.951,0.612555555556
sp_P06127_CD5_HUMAN,256,P,E,0.448,0.005,0.015,0.979,0.600888888889
sp_P06127_CD5_HUMAN,257,Q,B,0.125,0.003,0.003,0.994,0.588222222222
sp_P06127_CD5_HUMAN,258,K,E,0.501,0.018,0.019,0.964,0.562666666667
sp_P06127_CD5_HUMAN,259,S,B,0.211,0.058,0.017,0.925,0.539444444444
sp_P06127_CD5_HUMAN,260,G,E,0.498,0.053,0.043,0.903,0.524444444444
sp_P06127_CD5_HUMAN,261,R,E,0.387,0.052,0.084,0.864,0.506444444444
sp_P06127_CD5_HUMAN,262,V,B,0.17,0.056,0.142,0.802,0.500888888889
sp_P06127_CD5_HUMAN,263,L,B,0.026,0.020,0.205,0.775,0.494
sp_P06127_CD5_HUMAN,264,A,B,0.152,0.021,0.452,0.528,0.489555555556
sp_P06127_CD5_HUMAN,265,L,B,0.165,0.021,0.452,0.528,0.494
sp_P06127_CD5_HUMAN,266,L,E,0.283,0.021,0.452,0.528,0.507222222222
sp_P06127_CD5_HUMAN,267,C,E,0.36,0.022,0.359,0.619,0.532555555556
sp_P06127_CD5_HUMAN,268,S,E,0.387,0.021,0.279,0.699,0.552
sp_P06127_CD5_HUMAN,269,G,E,0.412,0.064,0.216,0.721,0.569666666667
sp_P06127_CD5_HUMAN,270,F,E,0.406,0.056,0.142,0.802,0.577111111111
sp_P06127_CD5_HUMAN,271,Q,E,0.501,0.018,0.141,0.840,0.575
sp_P06127_CD5_HUMAN,272,P,E,0.484,0.020,0.205,0.775,0.551777777778
sp_P06127_CD5_HUMAN,273,K,E,0.466,0.021,0.279,0.699,0.546111111111
sp_P06127_CD5_HUMAN,274,V,B,0.263,0.004,0.420,0.576,0.516111111111
sp_P06127_CD5_HUMAN,275,Q,B,0.272,0.004,0.514,0.481,0.5
sp_P06127_CD5_HUMAN,276,S,B,0.054,0.003,0.718,0.279,0.494
sp_P06127_CD5_HUMAN,277,R,B,0.226,0.021,0.756,0.223,0.491333333333
sp_P06127_CD5_HUMAN,278,L,B,0.108,0.022,0.552,0.426,0.479111111111
sp_P06127_CD5_HUMAN,279,V,B,0.205,0.004,0.263,0.733,0.488777777778
sp_P06127_CD5_HUMAN,280,G,E,0.449,0.004,0.138,0.858,0.491111111111
sp_P06127_CD5_HUMAN,281,G,B,0.304,0.005,0.045,0.951,0.509888888889
sp_P06127_CD5_HUMAN,282,S,E,0.653,0.005,0.015,0.979,0.515111111111
sp_P06127_CD5_HUMAN,283,S,E,0.402,0.005,0.015,0.979,0.513333333333
sp_P06127_CD5_HUMAN,284,I,E,0.435,0.004,0.085,0.910,0.495888888889
sp_P06127_CD5_HUMAN,285,C,E,0.353,0.004,0.263,0.733,0.461222222222
sp_P06127_CD5_HUMAN,286,E,E,0.245,0.004,0.514,0.481,0.438333333333
sp_P06127_CD5_HUMAN,287,G,B,0.051,0.003,0.718,0.279,0.401333333333
sp_P06127_CD5_HUMAN,288,T,B,0.153,0.001,0.900,0.099,0.387888888889
sp_P06127_CD5_HUMAN,289,V,B,0.033,0.001,0.959,0.040,0.383
sp_P06127_CD5_HUMAN,290,E,B,0.052,0.001,0.959,0.040,0.379111111111
sp_P06127_CD5_HUMAN,291,V,B,0.058,0.001,0.959,0.040,0.380333333333
sp_P06127_CD5_HUMAN,292,R,B,0.141,0.001,0.900,0.099,0.401666666667
sp_P06127_CD5_HUMAN,293,Q,B,0.279,0.003,0.718,0.279,0.412666666667
sp_P06127_CD5_HUMAN,294,G,E,0.652,0.005,0.015,0.979,0.426888888889
sp_P06127_CD5_HUMAN,295,A,E,0.505,0.005,0.015,0.979,0.437111111111
sp_P06127_CD5_HUMAN,296,Q,E,0.409,0.004,0.616,0.381,0.447
sp_P06127_CD5_HUMAN,297,W,B,0.172,0.003,0.718,0.279,0.428222222222
sp_P06127_CD5_HUMAN,298,A,B,0.121,0.021,0.756,0.223,0.431666666667
sp_P06127_CD5_HUMAN,299,A,B,0.201,0.021,0.756,0.223,0.440222222222
sp_P06127_CD5_HUMAN,300,L,B,0.043,0.021,0.756,0.223,0.448111111111
sp_P06127_CD5_HUMAN,301,C,B,0.034,0.021,0.452,0.528,0.455
sp_P06127_CD5_HUMAN,302,D,B,0.28,0.004,0.138,0.858,0.472
sp_P06127_CD5_HUMAN,303,S,E,0.503,0.018,0.047,0.935,0.497222222222
sp_P06127_CD5_HUMAN,304,S,E,0.436,0.018,0.019,0.964,0.510555555556
sp_P06127_CD5_HUMAN,305,S,B,0.155,0.018,0.019,0.964,0.542
sp_P06127_CD5_HUMAN,306,A,E,0.453,0.018,0.019,0.964,0.564222222222
sp_P06127_CD5_HUMAN,307,R,E,0.273,0.181,0.017,0.803,0.569111111111
sp_P06127_CD5_HUMAN,308,S,E,0.583,0.257,0.016,0.727,0.563555555556
sp_P06127_CD5_HUMAN,309,S,E,0.547,0.430,0.016,0.555,0.556333333333
sp_P06127_CD5_HUMAN,310,L,B,0.151,0.622,0.015,0.363,0.545333333333
sp_P06127_CD5_HUMAN,311,R,E,0.289,0.622,0.015,0.363,0.518444444444
sp_P06127_CD5_HUMAN,312,W,B,0.218,0.660,0.049,0.291,0.486666666667
sp_P06127_CD5_HUMAN,313,E,E,0.299,0.561,0.047,0.393,0.481888888889
sp_P06127_CD5_HUMAN,314,E,B,0.084,0.606,0.105,0.289,0.476777777778
sp_P06127_CD5_HUMAN,315,V,B,0.041,0.649,0.163,0.188,0.483111111111
sp_P06127_CD5_HUMAN,316,C,B,0.018,0.662,0.225,0.114,0.49
sp_P06127_CD5_HUMAN,317,R,E,0.289,0.606,0.105,0.289,0.498111111111
sp_P06127_CD5_HUMAN,318,E,E,0.313,0.455,0.046,0.498,0.510888888889
sp_P06127_CD5_HUMAN,319,Q,B,0.147,0.268,0.043,0.689,0.523
sp_P06127_CD5_HUMAN,320,Q,E,0.392,0.053,0.043,0.903,0.542333333333
sp_P06127_CD5_HUMAN,321,C,B,0.185,0.053,0.043,0.903,0.578222222222
sp_P06127_CD5_HUMAN,322,G,E,0.402,0.052,0.084,0.864,0.584666666667
sp_P06127_CD5_HUMAN,323,S,E,0.447,0.056,0.142,0.802,0.585777777778
sp_P06127_CD5_HUMAN,324,V,B,0.151,0.064,0.216,0.721,0.595222222222
sp_P06127_CD5_HUMAN,325,N,E,0.314,0.066,0.296,0.638,0.586666666667
sp_P06127_CD5_HUMAN,326,S,E,0.379,0.022,0.359,0.619,0.593222222222
sp_P06127_CD5_HUMAN,327,Y,B,0.196,0.021,0.452,0.528,0.587666666667
sp_P06127_CD5_HUMAN,328,R,B,0.275,0.021,0.452,0.528,0.581777777778
sp_P06127_CD5_HUMAN,329,V,B,0.255,0.022,0.359,0.619,0.578666666667
sp_P06127_CD5_HUMAN,330,L,E,0.409,0.020,0.205,0.775,0.554111111111
sp_P06127_CD5_HUMAN,331,D,B,0.278,0.018,0.141,0.840,0.544111111111
sp_P06127_CD5_HUMAN,332,A,E,0.504,0.018,0.141,0.840,0.540666666667
sp_P06127_CD5_HUMAN,333,G,B,0.248,0.018,0.088,0.893,0.514333333333
sp_P06127_CD5_HUMAN,334,D,E,0.42,0.004,0.197,0.799,0.507111111111
sp_P06127_CD5_HUMAN,335,P,B,0.078,0.003,0.718,0.279,0.489444444444
sp_P06127_CD5_HUMAN,336,T,B,0.181,0.002,0.816,0.182,0.466333333333
sp_P06127_CD5_HUMAN,337,S,B,0.09,0.003,0.718,0.279,0.461777777778
sp_P06127_CD5_HUMAN,338,R,E,0.47,0.004,0.514,0.481,0.441444444444
sp_P06127_CD5_HUMAN,339,G,E,0.477,0.004,0.336,0.660,0.452222222222
sp_P06127_CD5_HUMAN,340,L,B,0.074,0.004,0.514,0.481,0.457888888889
sp_P06127_CD5_HUMAN,341,F,E,0.53,0.004,0.616,0.381,0.464555555556
sp_P06127_CD5_HUMAN,342,C,B,0.025,0.004,0.336,0.660,0.481555555556
sp_P06127_CD5_HUMAN,343,P,E,0.466,0.004,0.085,0.910,0.475666666667
sp_P06127_CD5_HUMAN,344,H,E,0.349,0.058,0.017,0.925,0.489444444444
sp_P06127_CD5_HUMAN,345,Q,E,0.599,0.191,0.086,0.723,0.511333333333
sp_P06127_CD5_HUMAN,346,K,E,0.268,0.216,0.235,0.548,0.509555555556
sp_P06127_CD5_HUMAN,347,L,B,0.098,0.307,0.165,0.527,0.538888888889
sp_P06127_CD5_HUMAN,348,S,E,0.385,0.307,0.165,0.527,0.538111111111
sp_P06127_CD5_HUMAN,349,Q,E,0.444,0.307,0.165,0.527,0.550333333333
sp_P06127_CD5_HUMAN,350,C,B,0.03,0.113,0.087,0.800,0.562333333333
sp_P06127_CD5_HUMAN,351,H,E,0.437,0.052,0.084,0.864,0.573111111111
sp_P06127_CD5_HUMAN,352,E,E,0.429,0.053,0.043,0.903,0.597666666667
sp_P06127_CD5_HUMAN,353,L,E,0.484,0.018,0.019,0.964,0.594888888889
sp_P06127_CD5_HUMAN,354,W,E,0.683,0.003,0.003,0.994,0.597222222222
sp_P06127_CD5_HUMAN,355,E,E,0.437,0.003,0.003,0.994,0.609666666667
sp_P06127_CD5_HUMAN,356,R,E,0.505,0.018,0.019,0.964,0.592111111111
sp_P06127_CD5_HUMAN,357,N,E,0.515,0.018,0.047,0.935,0.588222222222
sp_P06127_CD5_HUMAN,358,S,E,0.289,0.018,0.047,0.935,0.574111111111
sp_P06127_CD5_HUMAN,359,Y,E,0.299,0.018,0.047,0.935,0.535555555556
sp_P06127_CD5_HUMAN,360,C,B,0.053,0.018,0.047,0.935,0.510666666667
sp_P06127_CD5_HUMAN,361,K,E,0.458,0.004,0.138,0.858,0.461111111111
sp_P06127_CD5_HUMAN,362,K,E,0.364,0.004,0.336,0.660,0.437111111111
sp_P06127_CD5_HUMAN,363,V,B,0.034,0.003,0.718,0.279,0.398222222222
sp_P06127_CD5_HUMAN,364,F,B,0.111,0.001,0.959,0.040,0.388555555556
sp_P06127_CD5_HUMAN,365,V,B,0.039,0.001,0.959,0.040,0.401
sp_P06127_CD5_HUMAN,366,T,B,0.204,0.001,0.959,0.040,0.412111111111
sp_P06127_CD5_HUMAN,367,C,B,0.022,0.002,0.816,0.182,0.434
sp_P06127_CD5_HUMAN,368,Q,E,0.343,0.004,0.420,0.576,0.468888888889
sp_P06127_CD5_HUMAN,369,D,E,0.521,0.004,0.138,0.858,0.475
sp_P06127_CD5_HUMAN,370,P,E,0.499,0.005,0.045,0.951,0.515111111111
sp_P06127_CD5_HUMAN,371,N,E,0.544,0.018,0.019,0.964,0.549777777778
sp_P06127_CD5_HUMAN,372,P,E,0.55,0.018,0.047,0.935,0.588777777778
sp_P06127_CD5_HUMAN,373,A,B,0.14,0.018,0.088,0.893,0.595444444444
sp_P06127_CD5_HUMAN,374,G,E,0.3,0.018,0.088,0.893,0.585555555556
sp_P06127_CD5_HUMAN,375,L,E,0.4,0.018,0.141,0.840,0.566222222222
sp_P06127_CD5_HUMAN,376,A,E,0.344,0.018,0.088,0.893,0.535111111111
sp_P06127_CD5_HUMAN,377,A,E,0.532,0.005,0.015,0.979,0.507666666667
sp_P06127_CD5_HUMAN,378,G,B,0.221,0.005,0.045,0.951,0.494555555556
sp_P06127_CD5_HUMAN,379,T,E,0.238,0.020,0.205,0.775,0.471666666667
sp_P06127_CD5_HUMAN,380,V,B,0.149,0.021,0.279,0.699,0.438
sp_P06127_CD5_HUMAN,381,A,B,0.078,0.021,0.279,0.699,0.408777777778
sp_P06127_CD5_HUMAN,382,S,B,0.048,0.021,0.279,0.699,0.390555555556
sp_P06127_CD5_HUMAN,383,I,B,0.04,0.022,0.359,0.619,0.377777777778
sp_P06127_CD5_HUMAN,384,I,B,0.034,0.064,0.216,0.721,0.362222222222
sp_P06127_CD5_HUMAN,385,L,B,0.111,0.113,0.087,0.800,0.341333333333
sp_P06127_CD5_HUMAN,386,A,B,0.139,0.268,0.043,0.689,0.312222222222
sp_P06127_CD5_HUMAN,387,L,B,0.071,0.430,0.016,0.555,0.288444444444
sp_P06127_CD5_HUMAN,388,V,B,0.055,0.622,0.015,0.363,0.266444444444
sp_P06127_CD5_HUMAN,389,L,B,0.083,0.717,0.014,0.269,0.245333333333
sp_P06127_CD5_HUMAN,390,L,B,0.064,0.923,0.002,0.076,0.224888888889
sp_P06127_CD5_HUMAN,391,V,B,0.102,0.923,0.002,0.076,0.199111111111
sp_P06127_CD5_HUMAN,392,V,B,0.064,0.923,0.002,0.076,0.184222222222
sp_P06127_CD5_HUMAN,393,L,B,0.02,0.938,0.007,0.055,0.168777777778
sp_P06127_CD5_HUMAN,394,L,B,0.061,0.938,0.007,0.055,0.169111111111
sp_P06127_CD5_HUMAN,395,V,B,0.033,0.938,0.007,0.055,0.189666666667
sp_P06127_CD5_HUMAN,396,V,B,0.028,0.938,0.007,0.055,0.220555555556
sp_P06127_CD5_HUMAN,397,C,B,0.018,0.878,0.010,0.111,0.246555555556
sp_P06127_CD5_HUMAN,398,G,B,0.113,0.802,0.014,0.185,0.279111111111
sp_P06127_CD5_HUMAN,399,P,B,0.137,0.717,0.014,0.269,0.330777777778
sp_P06127_CD5_HUMAN,400,L,B,0.116,0.622,0.015,0.363,0.378
sp_P06127_CD5_HUMAN,401,A,B,0.12,0.522,0.016,0.462,0.406444444444
sp_P06127_CD5_HUMAN,402,Y,B,0.177,0.339,0.016,0.645,0.448444444444
sp_P06127_CD5_HUMAN,403,K,E,0.495,0.430,0.016,0.555,0.491111111111
sp_P06127_CD5_HUMAN,404,K,E,0.45,0.430,0.016,0.555,0.517444444444
sp_P06127_CD5_HUMAN,405,L,B,0.123,0.522,0.016,0.462,0.534555555556
sp_P06127_CD5_HUMAN,406,V,B,0.244,0.455,0.046,0.498,0.561333333333
sp_P06127_CD5_HUMAN,407,K,E,0.511,0.455,0.046,0.498,0.574555555556
sp_P06127_CD5_HUMAN,408,K,E,0.395,0.353,0.048,0.598,0.582777777778
sp_P06127_CD5_HUMAN,409,F,B,0.195,0.455,0.046,0.498,0.592111111111
sp_P06127_CD5_HUMAN,410,R,E,0.466,0.502,0.102,0.396,0.618777777778
sp_P06127_CD5_HUMAN,411,Q,E,0.358,0.386,0.097,0.517,0.644111111111
sp_P06127_CD5_HUMAN,412,K,E,0.424,0.386,0.097,0.517,0.657333333333
sp_P06127_CD5_HUMAN,413,K,E,0.41,0.278,0.093,0.628,0.675777777778
sp_P06127_CD5_HUMAN,414,Q,E,0.467,0.191,0.086,0.723,0.681333333333
sp_P06127_CD5_HUMAN,415,R,E,0.392,0.113,0.087,0.800,0.668777777778
sp_P06127_CD5_HUMAN,416,Q,E,0.419,0.056,0.142,0.802,0.661888888889
sp_P06127_CD5_HUMAN,417,W,E,0.361,0.064,0.216,0.721,0.659444444444
sp_P06127_CD5_HUMAN,418,I,E,0.305,0.056,0.142,0.802,0.652555555556
sp_P06127_CD5_HUMAN,419,G,B,0.198,0.052,0.084,0.864,0.636333333333
sp_P06127_CD5_HUMAN,420,P,B,0.243,0.052,0.084,0.864,0.613
sp_P06127_CD5_HUMAN,421,T,B,0.302,0.056,0.142,0.802,0.592777777778
sp_P06127_CD5_HUMAN,422,G,E,0.341,0.021,0.279,0.699,0.572888888889
sp_P06127_CD5_HUMAN,423,M,E,0.26,0.022,0.359,0.619,0.563444444444
sp_P06127_CD5_HUMAN,424,N,B,0.278,0.021,0.279,0.699,0.571777777778
sp_P06127_CD5_HUMAN,425,Q,B,0.211,0.021,0.279,0.699,0.572555555556
sp_P06127_CD5_HUMAN,426,N,B,0.221,0.022,0.552,0.426,0.562111111111
sp_P06127_CD5_HUMAN,427,M,B,0.224,0.024,0.655,0.322,0.570888888889
sp_P06127_CD5_HUMAN,428,S,B,0.272,0.024,0.655,0.322,0.576
sp_P06127_CD5_HUMAN,429,F,B,0.219,0.022,0.359,0.619,0.574777777778
sp_P06127_CD5_HUMAN,430,H,B,0.298,0.021,0.279,0.699,0.575777777778
sp_P06127_CD5_HUMAN,431,R,E,0.385,0.004,0.138,0.858,0.569777777778
sp_P06127_CD5_HUMAN,432,N,E,0.559,0.004,0.197,0.799,0.557888888889
sp_P06127_CD5_HUMAN,433,H,E,0.318,0.004,0.336,0.660,0.544444444444
sp_P06127_CD5_HUMAN,434,T,E,0.315,0.021,0.452,0.528,0.557
sp_P06127_CD5_HUMAN,435,A,B,0.112,0.022,0.552,0.426,0.559444444444
sp_P06127_CD5_HUMAN,436,T,E,0.35,0.024,0.655,0.322,0.557
sp_P06127_CD5_HUMAN,437,V,B,0.158,0.021,0.452,0.528,0.562
sp_P06127_CD5_HUMAN,438,R,E,0.379,0.020,0.205,0.775,0.585222222222
sp_P06127_CD5_HUMAN,439,S,B,0.218,0.018,0.088,0.893,0.593888888889
sp_P06127_CD5_HUMAN,440,H,E,0.594,0.018,0.047,0.935,0.608111111111
sp_P06127_CD5_HUMAN,441,A,E,0.431,0.018,0.019,0.964,0.639666666667
sp_P06127_CD5_HUMAN,442,E,E,0.505,0.018,0.019,0.964,0.662666666667
sp_P06127_CD5_HUMAN,443,N,E,0.445,0.016,0.005,0.979,0.659777777778
sp_P06127_CD5_HUMAN,444,P,B,0.305,0.016,0.005,0.979,0.661222222222
sp_P06127_CD5_HUMAN,445,T,E,0.44,0.016,0.005,0.979,0.653
sp_P06127_CD5_HUMAN,446,A,E,0.457,0.018,0.019,0.964,0.648222222222
sp_P06127_CD5_HUMAN,447,S,E,0.529,0.018,0.019,0.964,0.642333333333
sp_P06127_CD5_HUMAN,448,H,E,0.421,0.005,0.015,0.979,0.643222222222
sp_P06127_CD5_HUMAN,449,V,E,0.356,0.005,0.015,0.979,0.649444444444
sp_P06127_CD5_HUMAN,450,D,E,0.564,0.018,0.047,0.935,0.644444444444
sp_P06127_CD5_HUMAN,451,N,E,0.613,0.018,0.019,0.964,0.638444444444
sp_P06127_CD5_HUMAN,452,E,E,0.661,0.018,0.019,0.964,0.641
sp_P06127_CD5_HUMAN,453,Y,E,0.359,0.058,0.017,0.925,0.654
sp_P06127_CD5_HUMAN,454,S,E,0.487,0.058,0.017,0.925,0.670777777778
sp_P06127_CD5_HUMAN,455,Q,E,0.487,0.058,0.017,0.925,0.675444444444
sp_P06127_CD5_HUMAN,456,P,E,0.309,0.116,0.016,0.868,0.665777777778
sp_P06127_CD5_HUMAN,457,P,E,0.32,0.113,0.043,0.844,0.662777777778
sp_P06127_CD5_HUMAN,458,R,E,0.413,0.191,0.086,0.723,0.665111111111
sp_P06127_CD5_HUMAN,459,N,E,0.438,0.191,0.086,0.723,0.661
sp_P06127_CD5_HUMAN,460,S,B,0.262,0.191,0.086,0.723,0.643
sp_P06127_CD5_HUMAN,461,H,E,0.35,0.191,0.086,0.723,0.635555555556
sp_P06127_CD5_HUMAN,462,L,E,0.35,0.184,0.043,0.773,0.624555555556
sp_P06127_CD5_HUMAN,463,S,E,0.6,0.113,0.043,0.844,0.602888888889
sp_P06127_CD5_HUMAN,464,A,E,0.378,0.113,0.043,0.844,0.591777777778
sp_P06127_CD5_HUMAN,465,Y,B,0.227,0.053,0.043,0.903,0.592222222222
sp_P06127_CD5_HUMAN,466,P,B,0.248,0.058,0.017,0.925,0.583333333333
sp_P06127_CD5_HUMAN,467,A,E,0.427,0.181,0.017,0.803,0.570222222222
sp_P06127_CD5_HUMAN,468,L,B,0.174,0.257,0.016,0.727,0.559555555556
sp_P06127_CD5_HUMAN,469,E,E,0.434,0.430,0.016,0.555,0.572444444444
sp_P06127_CD5_HUMAN,470,G,E,0.423,0.522,0.016,0.462,0.591888888889
sp_P06127_CD5_HUMAN,471,A,E,0.388,0.522,0.016,0.462,0.592444444444
sp_P06127_CD5_HUMAN,472,L,B,0.246,0.522,0.016,0.462,0.615555555556
sp_P06127_CD5_HUMAN,473,H,E,0.444,0.561,0.047,0.393,0.624
sp_P06127_CD5_HUMAN,474,R,E,0.435,0.455,0.046,0.498,0.629888888889
sp_P06127_CD5_HUMAN,475,S,E,0.429,0.268,0.043,0.689,0.639222222222
sp_P06127_CD5_HUMAN,476,S,E,0.499,0.113,0.043,0.844,0.652111111111
sp_P06127_CD5_HUMAN,477,M,E,0.516,0.018,0.019,0.964,0.659666666667
sp_P06127_CD5_HUMAN,478,Q,E,0.526,0.016,0.005,0.979,0.661
sp_P06127_CD5_HUMAN,479,P,E,0.518,0.003,0.003,0.994,0.645444444444
sp_P06127_CD5_HUMAN,480,D,E,0.64,0.003,0.003,0.994,0.641333333333
sp_P06127_CD5_HUMAN,481,N,E,0.658,0.016,0.005,0.979,0.626777777778
sp_P06127_CD5_HUMAN,482,S,E,0.616,0.016,0.005,0.979,0.623222222222
sp_P06127_CD5_HUMAN,483,S,E,0.546,0.116,0.016,0.868,0.617222222222
sp_P06127_CD5_HUMAN,484,D,E,0.481,0.257,0.016,0.727,0.611777777778
sp_P06127_CD5_HUMAN,485,S,E,0.36,0.339,0.016,0.645,0.592777777778
sp_P06127_CD5_HUMAN,486,D,E,0.357,0.522,0.016,0.462,0.592888888889
sp_P06127_CD5_HUMAN,487,Y,B,0.244,0.561,0.047,0.393,0.596555555556
sp_P06127_CD5_HUMAN,488,D,E,0.375,0.561,0.047,0.393,0.588111111111
sp_P06127_CD5_HUMAN,489,L,B,0.194,0.561,0.047,0.393,0.594666666667
sp_P06127_CD5_HUMAN,490,H,E,0.378,0.502,0.102,0.396,0.600333333333
sp_P06127_CD5_HUMAN,491,G,E,0.436,0.278,0.093,0.628,0.585333333333
sp_P06127_CD5_HUMAN,492,A,E,0.356,0.199,0.152,0.649,0.516777777778
sp_P06127_CD5_HUMAN,493,Q,E,0.52,0.125,0.227,0.648,0.451444444444
sp_P06127_CD5_HUMAN,494,R,E,0.526,0.118,0.150,0.732,0.394111111111
sp_P06127_CD5_HUMAN,495,L,E,0.638,0.003,0.003,0.994,0.324777777778
