Entry,Position,AminoAcid,Exposed/Buried,RelativeSurfaceAccessilibity,HelixProbability,SheetProbability,CoilProbability,EpitopeProbability
sp_P32970_CD70_HUMAN,1,M,E,0.774,0.003,0.003,0.994,0.287333333333
sp_P32970_CD70_HUMAN,2,P,E,0.55,0.018,0.019,0.964,0.348666666667
sp_P32970_CD70_HUMAN,3,E,E,0.68,0.018,0.047,0.935,0.413444444444
sp_P32970_CD70_HUMAN,4,E,E,0.724,0.018,0.047,0.935,0.464555555556
sp_P32970_CD70_HUMAN,5,G,E,0.515,0.018,0.047,0.935,0.526111111111
sp_P32970_CD70_HUMAN,6,S,E,0.603,0.018,0.047,0.935,0.529666666667
sp_P32970_CD70_HUMAN,7,G,E,0.563,0.018,0.047,0.935,0.549222222222
sp_P32970_CD70_HUMAN,8,C,B,0.143,0.018,0.047,0.935,0.555111111111
sp_P32970_CD70_HUMAN,9,S,E,0.538,0.018,0.088,0.893,0.563111111111
sp_P32970_CD70_HUMAN,10,V,B,0.186,0.018,0.141,0.840,0.564666666667
sp_P32970_CD70_HUMAN,11,R,E,0.433,0.020,0.205,0.775,0.563
sp_P32970_CD70_HUMAN,12,R,E,0.416,0.020,0.205,0.775,0.543777777778
sp_P32970_CD70_HUMAN,13,R,B,0.198,0.052,0.084,0.864,0.535555555556
sp_P32970_CD70_HUMAN,14,P,E,0.364,0.116,0.016,0.868,0.508666666667
sp_P32970_CD70_HUMAN,15,Y,B,0.234,0.522,0.016,0.462,0.483222222222
sp_P32970_CD70_HUMAN,16,G,B,0.16,0.802,0.014,0.185,0.458
sp_P32970_CD70_HUMAN,17,C,B,0.139,0.938,0.007,0.055,0.417111111111
sp_P32970_CD70_HUMAN,18,V,B,0.086,0.938,0.007,0.055,0.377444444444
sp_P32970_CD70_HUMAN,19,L,B,0.075,0.923,0.002,0.076,0.342444444444
sp_P32970_CD70_HUMAN,20,R,B,0.187,0.923,0.002,0.076,0.320111111111
sp_P32970_CD70_HUMAN,21,A,B,0.213,0.923,0.002,0.076,0.307444444444
sp_P32970_CD70_HUMAN,22,A,B,0.099,0.923,0.002,0.076,0.287555555556
sp_P32970_CD70_HUMAN,23,L,B,0.065,0.923,0.002,0.076,0.28
sp_P32970_CD70_HUMAN,24,V,B,0.114,0.970,0.001,0.029,0.280555555556
sp_P32970_CD70_HUMAN,25,P,B,0.147,0.970,0.001,0.029,0.267888888889
sp_P32970_CD70_HUMAN,26,L,B,0.128,0.988,0.000,0.012,0.267777777778
sp_P32970_CD70_HUMAN,27,V,B,0.138,0.988,0.000,0.012,0.277666666667
sp_P32970_CD70_HUMAN,28,A,B,0.163,0.970,0.001,0.029,0.289333333333
sp_P32970_CD70_HUMAN,29,G,B,0.235,0.970,0.001,0.029,0.277222222222
sp_P32970_CD70_HUMAN,30,L,B,0.126,0.938,0.007,0.055,0.261777777778
sp_P32970_CD70_HUMAN,31,V,B,0.122,0.938,0.007,0.055,0.270444444444
sp_P32970_CD70_HUMAN,32,I,B,0.12,0.950,0.028,0.022,0.273888888889
sp_P32970_CD70_HUMAN,33,C,B,0.071,0.950,0.028,0.022,0.27
sp_P32970_CD70_HUMAN,34,L,B,0.041,0.950,0.028,0.022,0.269
sp_P32970_CD70_HUMAN,35,V,B,0.128,0.950,0.028,0.022,0.291
sp_P32970_CD70_HUMAN,36,V,B,0.097,0.911,0.033,0.057,0.308111111111
sp_P32970_CD70_HUMAN,37,C,B,0.072,0.831,0.044,0.125,0.319777777778
sp_P32970_CD70_HUMAN,38,I,B,0.073,0.802,0.014,0.185,0.344777777778
sp_P32970_CD70_HUMAN,39,Q,E,0.37,0.717,0.014,0.269,0.391666666667
sp_P32970_CD70_HUMAN,40,R,E,0.33,0.717,0.014,0.269,0.420222222222
sp_P32970_CD70_HUMAN,41,F,B,0.101,0.782,0.003,0.215,0.453111111111
sp_P32970_CD70_HUMAN,42,A,B,0.229,0.859,0.002,0.139,0.498222222222
sp_P32970_CD70_HUMAN,43,Q,E,0.557,0.859,0.002,0.139,0.545888888889
sp_P32970_CD70_HUMAN,44,A,E,0.538,0.878,0.010,0.111,0.567
sp_P32970_CD70_HUMAN,45,Q,E,0.409,0.802,0.014,0.185,0.582333333333
sp_P32970_CD70_HUMAN,46,Q,E,0.536,0.717,0.014,0.269,0.586555555556
sp_P32970_CD70_HUMAN,47,Q,E,0.638,0.430,0.016,0.555,0.596888888889
sp_P32970_CD70_HUMAN,48,L,E,0.387,0.339,0.016,0.645,0.594888888889
sp_P32970_CD70_HUMAN,49,P,E,0.342,0.257,0.016,0.727,0.591444444444
sp_P32970_CD70_HUMAN,50,L,B,0.155,0.257,0.016,0.727,0.592222222222
sp_P32970_CD70_HUMAN,51,E,E,0.695,0.257,0.016,0.727,0.579111111111
sp_P32970_CD70_HUMAN,52,S,E,0.403,0.116,0.016,0.868,0.561
sp_P32970_CD70_HUMAN,53,L,E,0.374,0.116,0.016,0.868,0.545222222222
sp_P32970_CD70_HUMAN,54,G,E,0.446,0.058,0.017,0.925,0.532
sp_P32970_CD70_HUMAN,55,W,B,0.175,0.184,0.043,0.773,0.541222222222
sp_P32970_CD70_HUMAN,56,D,E,0.321,0.278,0.093,0.628,0.529111111111
sp_P32970_CD70_HUMAN,57,V,B,0.194,0.428,0.171,0.402,0.531222222222
sp_P32970_CD70_HUMAN,58,A,B,0.203,0.578,0.229,0.194,0.524555555556
sp_P32970_CD70_HUMAN,59,E,E,0.358,0.578,0.229,0.194,0.533333333333
sp_P32970_CD70_HUMAN,60,L,B,0.11,0.578,0.229,0.194,0.551555555556
sp_P32970_CD70_HUMAN,61,Q,B,0.228,0.578,0.229,0.194,0.570777777778
sp_P32970_CD70_HUMAN,62,L,B,0.157,0.428,0.171,0.402,0.586888888889
sp_P32970_CD70_HUMAN,63,N,E,0.423,0.278,0.093,0.628,0.596555555556
sp_P32970_CD70_HUMAN,64,H,E,0.305,0.191,0.086,0.723,0.605
sp_P32970_CD70_HUMAN,65,T,E,0.446,0.113,0.087,0.800,0.627333333333
sp_P32970_CD70_HUMAN,66,G,E,0.389,0.052,0.084,0.864,0.625555555556
sp_P32970_CD70_HUMAN,67,P,E,0.337,0.018,0.047,0.935,0.635222222222
sp_P32970_CD70_HUMAN,68,Q,E,0.502,0.018,0.047,0.935,0.626333333333
sp_P32970_CD70_HUMAN,69,Q,E,0.621,0.053,0.043,0.903,0.605111111111
sp_P32970_CD70_HUMAN,70,D,E,0.399,0.018,0.019,0.964,0.589
sp_P32970_CD70_HUMAN,71,P,E,0.532,0.053,0.043,0.903,0.566222222222
sp_P32970_CD70_HUMAN,72,R,E,0.439,0.066,0.296,0.638,0.568555555556
sp_P32970_CD70_HUMAN,73,L,B,0.102,0.079,0.592,0.329,0.569888888889
sp_P32970_CD70_HUMAN,74,Y,E,0.382,0.024,0.655,0.322,0.572777777778
sp_P32970_CD70_HUMAN,75,W,B,0.158,0.022,0.552,0.426,0.587666666667
sp_P32970_CD70_HUMAN,76,Q,E,0.396,0.021,0.279,0.699,0.596222222222
sp_P32970_CD70_HUMAN,77,G,E,0.37,0.052,0.084,0.864,0.589222222222
sp_P32970_CD70_HUMAN,78,G,E,0.408,0.113,0.043,0.844,0.593555555556
sp_P32970_CD70_HUMAN,79,P,E,0.356,0.268,0.043,0.689,0.595777777778
sp_P32970_CD70_HUMAN,80,A,E,0.523,0.455,0.046,0.498,0.604777777778
sp_P32970_CD70_HUMAN,81,L,E,0.271,0.455,0.046,0.498,0.589666666667
sp_P32970_CD70_HUMAN,82,G,B,0.188,0.353,0.048,0.598,0.564666666667
sp_P32970_CD70_HUMAN,83,R,E,0.327,0.386,0.097,0.517,0.553333333333
sp_P32970_CD70_HUMAN,84,S,B,0.286,0.386,0.097,0.517,0.527555555556
sp_P32970_CD70_HUMAN,85,F,B,0.131,0.428,0.171,0.402,0.517777777778
sp_P32970_CD70_HUMAN,86,L,B,0.139,0.307,0.165,0.527,0.526333333333
sp_P32970_CD70_HUMAN,87,H,B,0.296,0.278,0.093,0.628,0.525666666667
sp_P32970_CD70_HUMAN,88,G,B,0.2,0.278,0.093,0.628,0.53
sp_P32970_CD70_HUMAN,89,P,B,0.27,0.386,0.097,0.517,0.535777777778
sp_P32970_CD70_HUMAN,90,E,E,0.425,0.307,0.165,0.527,0.534666666667
sp_P32970_CD70_HUMAN,91,L,B,0.132,0.307,0.165,0.527,0.547222222222
sp_P32970_CD70_HUMAN,92,D,E,0.534,0.278,0.093,0.628,0.539888888889
sp_P32970_CD70_HUMAN,93,K,E,0.644,0.191,0.086,0.723,0.552333333333
sp_P32970_CD70_HUMAN,94,G,E,0.372,0.113,0.087,0.800,0.552333333333
sp_P32970_CD70_HUMAN,95,Q,E,0.469,0.118,0.150,0.732,0.548888888889
sp_P32970_CD70_HUMAN,96,L,B,0.127,0.159,0.516,0.325,0.553555555556
sp_P32970_CD70_HUMAN,97,R,E,0.403,0.087,0.683,0.230,0.540222222222
sp_P32970_CD70_HUMAN,98,I,B,0.226,0.172,0.690,0.138,0.533222222222
sp_P32970_CD70_HUMAN,99,H,E,0.321,0.169,0.612,0.219,0.524444444444
sp_P32970_CD70_HUMAN,100,R,E,0.434,0.066,0.296,0.638,0.509777777778
sp_P32970_CD70_HUMAN,101,D,E,0.523,0.018,0.141,0.840,0.504888888889
sp_P32970_CD70_HUMAN,102,G,B,0.199,0.021,0.279,0.699,0.468
sp_P32970_CD70_HUMAN,103,I,B,0.105,0.018,0.846,0.136,0.463
sp_P32970_CD70_HUMAN,104,Y,B,0.109,0.011,0.918,0.071,0.427333333333
sp_P32970_CD70_HUMAN,105,M,B,0.172,0.006,0.962,0.032,0.410111111111
sp_P32970_CD70_HUMAN,106,V,B,0.036,0.006,0.962,0.032,0.389111111111
sp_P32970_CD70_HUMAN,107,H,B,0.115,0.006,0.962,0.032,0.384222222222
sp_P32970_CD70_HUMAN,108,I,B,0.051,0.006,0.962,0.032,0.382222222222
sp_P32970_CD70_HUMAN,109,Q,B,0.18,0.006,0.962,0.032,0.391666666667
sp_P32970_CD70_HUMAN,110,V,B,0.037,0.006,0.962,0.032,0.389555555556
sp_P32970_CD70_HUMAN,111,T,B,0.17,0.006,0.962,0.032,0.398555555556
sp_P32970_CD70_HUMAN,112,L,B,0.106,0.018,0.846,0.136,0.405888888889
sp_P32970_CD70_HUMAN,113,A,B,0.232,0.087,0.683,0.230,0.441222222222
sp_P32970_CD70_HUMAN,114,I,E,0.362,0.074,0.484,0.442,0.464444444444
sp_P32970_CD70_HUMAN,115,C,B,0.073,0.066,0.296,0.638,0.512666666667
sp_P32970_CD70_HUMAN,116,S,E,0.41,0.018,0.141,0.840,0.532111111111
sp_P32970_CD70_HUMAN,117,S,E,0.46,0.018,0.088,0.893,0.559
sp_P32970_CD70_HUMAN,118,T,E,0.395,0.053,0.043,0.903,0.593444444444
sp_P32970_CD70_HUMAN,119,T,E,0.506,0.113,0.087,0.800,0.623888888889
sp_P32970_CD70_HUMAN,120,A,E,0.402,0.113,0.087,0.800,0.656222222222
sp_P32970_CD70_HUMAN,121,S,E,0.531,0.118,0.150,0.732,0.653
sp_P32970_CD70_HUMAN,122,R,E,0.405,0.118,0.150,0.732,0.649
sp_P32970_CD70_HUMAN,123,H,E,0.529,0.125,0.227,0.648,0.630777777778
sp_P32970_CD70_HUMAN,124,H,E,0.422,0.064,0.216,0.721,0.582444444444
sp_P32970_CD70_HUMAN,125,P,E,0.472,0.066,0.296,0.638,0.556
sp_P32970_CD70_HUMAN,126,T,B,0.278,0.021,0.452,0.528,0.507666666667
sp_P32970_CD70_HUMAN,127,T,B,0.224,0.021,0.756,0.223,0.460111111111
sp_P32970_CD70_HUMAN,128,L,B,0.059,0.018,0.846,0.136,0.412666666667
sp_P32970_CD70_HUMAN,129,A,B,0.134,0.018,0.846,0.136,0.379777777778
sp_P32970_CD70_HUMAN,130,V,B,0.052,0.018,0.846,0.136,0.363888888889
sp_P32970_CD70_HUMAN,131,G,B,0.116,0.018,0.846,0.136,0.361222222222
sp_P32970_CD70_HUMAN,132,I,B,0.068,0.021,0.756,0.223,0.379888888889
sp_P32970_CD70_HUMAN,133,C,B,0.099,0.021,0.452,0.528,0.408444444444
sp_P32970_CD70_HUMAN,134,S,B,0.167,0.056,0.142,0.802,0.434666666667
sp_P32970_CD70_HUMAN,135,P,B,0.212,0.268,0.043,0.689,0.473777777778
sp_P32970_CD70_HUMAN,136,A,E,0.46,0.353,0.048,0.598,0.488222222222
sp_P32970_CD70_HUMAN,137,S,E,0.433,0.353,0.048,0.598,0.513
sp_P32970_CD70_HUMAN,138,R,B,0.326,0.353,0.048,0.598,0.536555555556
sp_P32970_CD70_HUMAN,139,S,B,0.267,0.455,0.046,0.498,0.531555555556
sp_P32970_CD70_HUMAN,140,I,B,0.181,0.660,0.049,0.291,0.546777777778
sp_P32970_CD70_HUMAN,141,S,E,0.438,0.660,0.049,0.291,0.536222222222
sp_P32970_CD70_HUMAN,142,L,B,0.137,0.751,0.050,0.199,0.537222222222
sp_P32970_CD70_HUMAN,143,L,B,0.101,0.751,0.050,0.199,0.523888888889
sp_P32970_CD70_HUMAN,144,R,E,0.352,0.751,0.050,0.199,0.530888888889
sp_P32970_CD70_HUMAN,145,L,E,0.427,0.660,0.049,0.291,0.538444444444
sp_P32970_CD70_HUMAN,146,S,E,0.444,0.561,0.047,0.393,0.543777777778
sp_P32970_CD70_HUMAN,147,F,B,0.171,0.268,0.043,0.689,0.524777777778
sp_P32970_CD70_HUMAN,148,H,E,0.478,0.113,0.087,0.800,0.544444444444
sp_P32970_CD70_HUMAN,149,Q,E,0.444,0.052,0.084,0.864,0.520666666667
sp_P32970_CD70_HUMAN,150,G,E,0.457,0.064,0.216,0.721,0.512333333333
sp_P32970_CD70_HUMAN,151,C,B,0.045,0.074,0.484,0.442,0.501333333333
sp_P32970_CD70_HUMAN,152,T,E,0.326,0.079,0.592,0.329,0.508333333333
sp_P32970_CD70_HUMAN,153,I,B,0.13,0.087,0.683,0.230,0.513555555556
sp_P32970_CD70_HUMAN,154,A,B,0.168,0.169,0.612,0.219,0.501222222222
sp_P32970_CD70_HUMAN,155,S,B,0.253,0.148,0.418,0.435,0.501555555556
sp_P32970_CD70_HUMAN,156,Q,E,0.449,0.064,0.216,0.721,0.522555555556
sp_P32970_CD70_HUMAN,157,R,E,0.344,0.066,0.296,0.638,0.520888888889
sp_P32970_CD70_HUMAN,158,L,B,0.257,0.074,0.484,0.442,0.533111111111
sp_P32970_CD70_HUMAN,159,T,B,0.214,0.074,0.484,0.442,0.552444444444
sp_P32970_CD70_HUMAN,160,P,E,0.331,0.069,0.386,0.545,0.556666666667
sp_P32970_CD70_HUMAN,161,L,B,0.115,0.135,0.317,0.548,0.544888888889
sp_P32970_CD70_HUMAN,162,A,E,0.303,0.064,0.216,0.721,0.524444444444
sp_P32970_CD70_HUMAN,163,R,E,0.487,0.056,0.142,0.802,0.525
sp_P32970_CD70_HUMAN,164,G,E,0.517,0.018,0.047,0.935,0.509
sp_P32970_CD70_HUMAN,165,D,E,0.368,0.018,0.141,0.840,0.494222222222
sp_P32970_CD70_HUMAN,166,T,B,0.214,0.021,0.756,0.223,0.488888888889
sp_P32970_CD70_HUMAN,167,L,B,0.116,0.011,0.918,0.071,0.474333333333
sp_P32970_CD70_HUMAN,168,C,B,0.162,0.018,0.846,0.136,0.464555555556
sp_P32970_CD70_HUMAN,169,T,B,0.157,0.018,0.846,0.136,0.467777777778
sp_P32970_CD70_HUMAN,170,N,E,0.435,0.024,0.655,0.322,0.469444444444
sp_P32970_CD70_HUMAN,171,L,B,0.092,0.022,0.359,0.619,0.480777777778
sp_P32970_CD70_HUMAN,172,T,E,0.51,0.021,0.279,0.699,0.494555555556
sp_P32970_CD70_HUMAN,173,G,B,0.285,0.020,0.205,0.775,0.504333333333
sp_P32970_CD70_HUMAN,174,T,E,0.39,0.020,0.205,0.775,0.522555555556
sp_P32970_CD70_HUMAN,175,L,B,0.274,0.021,0.279,0.699,0.551111111111
sp_P32970_CD70_HUMAN,176,L,E,0.324,0.020,0.205,0.775,0.581666666667
sp_P32970_CD70_HUMAN,177,P,B,0.249,0.018,0.088,0.893,0.576
sp_P32970_CD70_HUMAN,178,S,E,0.391,0.018,0.047,0.935,0.571555555556
sp_P32970_CD70_HUMAN,179,R,E,0.621,0.018,0.019,0.964,0.565222222222
sp_P32970_CD70_HUMAN,180,N,E,0.573,0.018,0.019,0.964,0.557444444444
sp_P32970_CD70_HUMAN,181,T,E,0.398,0.058,0.017,0.925,0.529777777778
sp_P32970_CD70_HUMAN,182,D,E,0.477,0.053,0.043,0.903,0.530333333333
sp_P32970_CD70_HUMAN,183,E,E,0.303,0.064,0.216,0.721,0.51
sp_P32970_CD70_HUMAN,184,T,B,0.234,0.021,0.452,0.528,0.488888888889
sp_P32970_CD70_HUMAN,185,F,B,0.084,0.024,0.655,0.322,0.469555555556
sp_P32970_CD70_HUMAN,186,F,B,0.114,0.021,0.756,0.223,0.470111111111
sp_P32970_CD70_HUMAN,187,G,B,0.091,0.021,0.756,0.223,0.474666666667
sp_P32970_CD70_HUMAN,188,V,B,0.135,0.021,0.756,0.223,0.483111111111
sp_P32970_CD70_HUMAN,189,Q,E,0.333,0.018,0.846,0.136,0.483
sp_P32970_CD70_HUMAN,190,W,B,0.162,0.021,0.756,0.223,0.443666666667
sp_P32970_CD70_HUMAN,191,V,E,0.251,0.022,0.552,0.426,0.387888888889
sp_P32970_CD70_HUMAN,192,R,E,0.404,0.020,0.205,0.775,0.343444444444
sp_P32970_CD70_HUMAN,193,P,E,0.761,0.003,0.003,0.994,0.286555555556
