Entry,Position,AminoAcid,Exposed/Buried,RelativeSurfaceAccessilibity,HelixProbability,SheetProbability,CoilProbability,EpitopeProbability
sp_P40259_CD79B_HUMAN,1,M,E,0.684,0.016,0.005,0.979,0.252
sp_P40259_CD79B_HUMAN,2,A,E,0.424,0.052,0.084,0.864,0.299333333333
sp_P40259_CD79B_HUMAN,3,R,E,0.504,0.118,0.150,0.732,0.360222222222
sp_P40259_CD79B_HUMAN,4,L,B,0.236,0.118,0.150,0.732,0.424888888889
sp_P40259_CD79B_HUMAN,5,A,B,0.261,0.118,0.150,0.732,0.478111111111
sp_P40259_CD79B_HUMAN,6,L,B,0.168,0.052,0.084,0.864,0.498555555556
sp_P40259_CD79B_HUMAN,7,S,B,0.246,0.018,0.047,0.935,0.509222222222
sp_P40259_CD79B_HUMAN,8,P,E,0.328,0.053,0.043,0.903,0.497666666667
sp_P40259_CD79B_HUMAN,9,V,B,0.108,0.058,0.017,0.925,0.484555555556
sp_P40259_CD79B_HUMAN,10,P,E,0.346,0.181,0.017,0.803,0.462
sp_P40259_CD79B_HUMAN,11,S,B,0.126,0.782,0.003,0.215,0.443444444444
sp_P40259_CD79B_HUMAN,12,H,B,0.132,0.923,0.002,0.076,0.405333333333
sp_P40259_CD79B_HUMAN,13,W,B,0.077,0.970,0.001,0.029,0.358444444444
sp_P40259_CD79B_HUMAN,14,M,B,0.084,0.970,0.001,0.029,0.325111111111
sp_P40259_CD79B_HUMAN,15,V,B,0.054,0.970,0.001,0.029,0.291777777778
sp_P40259_CD79B_HUMAN,16,A,B,0.072,0.970,0.001,0.029,0.253111111111
sp_P40259_CD79B_HUMAN,17,L,B,0.063,0.970,0.001,0.029,0.233333333333
sp_P40259_CD79B_HUMAN,18,L,B,0.082,0.970,0.001,0.029,0.243333333333
sp_P40259_CD79B_HUMAN,19,L,B,0.095,0.923,0.002,0.076,0.258666666667
sp_P40259_CD79B_HUMAN,20,L,B,0.089,0.859,0.002,0.139,0.289555555556
sp_P40259_CD79B_HUMAN,21,L,B,0.081,0.782,0.003,0.215,0.324666666667
sp_P40259_CD79B_HUMAN,22,S,B,0.225,0.406,0.004,0.591,0.361333333333
sp_P40259_CD79B_HUMAN,23,A,B,0.188,0.176,0.004,0.820,0.398
sp_P40259_CD79B_HUMAN,24,E,B,0.306,0.176,0.004,0.820,0.422111111111
sp_P40259_CD79B_HUMAN,25,P,B,0.262,0.176,0.004,0.820,0.450555555556
sp_P40259_CD79B_HUMAN,26,V,B,0.132,0.430,0.016,0.555,0.478444444444
sp_P40259_CD79B_HUMAN,27,P,B,0.142,0.522,0.016,0.462,0.481888888889
sp_P40259_CD79B_HUMAN,28,A,B,0.099,0.522,0.016,0.462,0.491777777778
sp_P40259_CD79B_HUMAN,29,A,B,0.119,0.522,0.016,0.462,0.487222222222
sp_P40259_CD79B_HUMAN,30,R,B,0.138,0.339,0.016,0.645,0.486777777778
sp_P40259_CD79B_HUMAN,31,S,B,0.138,0.268,0.043,0.689,0.481555555556
sp_P40259_CD79B_HUMAN,32,E,B,0.092,0.191,0.086,0.723,0.474
sp_P40259_CD79B_HUMAN,33,D,B,0.055,0.191,0.086,0.723,0.471333333333
sp_P40259_CD79B_HUMAN,34,R,B,0.045,0.199,0.152,0.649,0.473444444444
sp_P40259_CD79B_HUMAN,35,Y,B,0.038,0.125,0.227,0.648,0.477555555556
sp_P40259_CD79B_HUMAN,36,R,B,0.053,0.125,0.227,0.648,0.478
sp_P40259_CD79B_HUMAN,37,N,B,0.095,0.064,0.216,0.721,0.473
sp_P40259_CD79B_HUMAN,38,P,B,0.074,0.064,0.216,0.721,0.473888888889
sp_P40259_CD79B_HUMAN,39,K,E,0.282,0.018,0.141,0.840,0.470333333333
sp_P40259_CD79B_HUMAN,40,G,B,0.163,0.018,0.141,0.840,0.473888888889
sp_P40259_CD79B_HUMAN,41,S,B,0.202,0.020,0.205,0.775,0.482444444444
sp_P40259_CD79B_HUMAN,42,A,B,0.262,0.021,0.279,0.699,0.473
sp_P40259_CD79B_HUMAN,43,C,B,0.289,0.004,0.336,0.660,0.486555555556
sp_P40259_CD79B_HUMAN,44,S,B,0.181,0.022,0.552,0.426,0.478333333333
sp_P40259_CD79B_HUMAN,45,R,E,0.381,0.018,0.846,0.136,0.478888888889
sp_P40259_CD79B_HUMAN,46,I,B,0.076,0.011,0.918,0.071,0.492
sp_P40259_CD79B_HUMAN,47,W,E,0.366,0.018,0.846,0.136,0.501111111111
sp_P40259_CD79B_HUMAN,48,Q,B,0.091,0.004,0.514,0.481,0.507666666667
sp_P40259_CD79B_HUMAN,49,S,E,0.393,0.004,0.138,0.858,0.519111111111
sp_P40259_CD79B_HUMAN,50,P,E,0.335,0.018,0.019,0.964,0.516222222222
sp_P40259_CD79B_HUMAN,51,R,E,0.486,0.018,0.088,0.893,0.539666666667
sp_P40259_CD79B_HUMAN,52,F,E,0.354,0.022,0.552,0.426,0.544111111111
sp_P40259_CD79B_HUMAN,53,I,B,0.224,0.018,0.846,0.136,0.562555555556
sp_P40259_CD79B_HUMAN,54,A,E,0.326,0.018,0.846,0.136,0.567333333333
sp_P40259_CD79B_HUMAN,55,R,B,0.215,0.021,0.756,0.223,0.558555555556
sp_P40259_CD79B_HUMAN,56,K,E,0.418,0.004,0.420,0.576,0.553444444444
sp_P40259_CD79B_HUMAN,57,R,E,0.52,0.004,0.085,0.910,0.544666666667
sp_P40259_CD79B_HUMAN,58,G,E,0.657,0.005,0.015,0.979,0.526222222222
sp_P40259_CD79B_HUMAN,59,F,E,0.453,0.004,0.197,0.799,0.501777777778
sp_P40259_CD79B_HUMAN,60,T,E,0.562,0.002,0.816,0.182,0.484111111111
sp_P40259_CD79B_HUMAN,61,V,B,0.058,0.001,0.959,0.040,0.441333333333
sp_P40259_CD79B_HUMAN,62,K,E,0.378,0.001,0.959,0.040,0.415777777778
sp_P40259_CD79B_HUMAN,63,M,B,0.039,0.001,0.959,0.040,0.407333333333
sp_P40259_CD79B_HUMAN,64,H,E,0.35,0.001,0.959,0.040,0.411555555556
sp_P40259_CD79B_HUMAN,65,C,B,0.027,0.001,0.900,0.099,0.421888888889
sp_P40259_CD79B_HUMAN,66,Y,E,0.385,0.001,0.900,0.099,0.429666666667
sp_P40259_CD79B_HUMAN,67,M,B,0.268,0.003,0.718,0.279,0.445555555556
sp_P40259_CD79B_HUMAN,68,N,E,0.345,0.004,0.336,0.660,0.47
sp_P40259_CD79B_HUMAN,69,S,E,0.569,0.005,0.045,0.951,0.479111111111
sp_P40259_CD79B_HUMAN,70,A,E,0.573,0.005,0.015,0.979,0.487888888889
sp_P40259_CD79B_HUMAN,71,S,E,0.297,0.004,0.138,0.858,0.482222222222
sp_P40259_CD79B_HUMAN,72,G,B,0.267,0.004,0.336,0.660,0.465666666667
sp_P40259_CD79B_HUMAN,73,N,B,0.122,0.003,0.718,0.279,0.432111111111
sp_P40259_CD79B_HUMAN,74,V,B,0.033,0.001,0.900,0.099,0.404
sp_P40259_CD79B_HUMAN,75,S,B,0.059,0.001,0.900,0.099,0.388555555556
sp_P40259_CD79B_HUMAN,76,W,B,0.028,0.001,0.900,0.099,0.385777777778
sp_P40259_CD79B_HUMAN,77,L,B,0.038,0.001,0.959,0.040,0.394333333333
sp_P40259_CD79B_HUMAN,78,W,B,0.1,0.001,0.900,0.099,0.411333333333
sp_P40259_CD79B_HUMAN,79,K,B,0.132,0.003,0.718,0.279,0.444
sp_P40259_CD79B_HUMAN,80,Q,E,0.326,0.004,0.263,0.733,0.465444444444
sp_P40259_CD79B_HUMAN,81,E,E,0.481,0.005,0.045,0.951,0.488555555556
sp_P40259_CD79B_HUMAN,82,M,E,0.662,0.003,0.003,0.994,0.515555555556
sp_P40259_CD79B_HUMAN,83,D,E,0.755,0.005,0.015,0.979,0.536333333333
sp_P40259_CD79B_HUMAN,84,E,E,0.499,0.005,0.045,0.951,0.552
sp_P40259_CD79B_HUMAN,85,N,E,0.347,0.004,0.138,0.858,0.560777777778
sp_P40259_CD79B_HUMAN,86,P,B,0.207,0.004,0.263,0.733,0.570777777778
sp_P40259_CD79B_HUMAN,87,Q,E,0.466,0.004,0.514,0.481,0.567777777778
sp_P40259_CD79B_HUMAN,88,Q,B,0.258,0.024,0.655,0.322,0.566555555556
sp_P40259_CD79B_HUMAN,89,L,E,0.281,0.024,0.655,0.322,0.560666666667
sp_P40259_CD79B_HUMAN,90,K,E,0.55,0.022,0.552,0.426,0.557888888889
sp_P40259_CD79B_HUMAN,91,L,E,0.352,0.022,0.359,0.619,0.559666666667
sp_P40259_CD79B_HUMAN,92,E,E,0.356,0.004,0.138,0.858,0.548888888889
sp_P40259_CD79B_HUMAN,93,K,E,0.653,0.005,0.045,0.951,0.552666666667
sp_P40259_CD79B_HUMAN,94,G,E,0.303,0.004,0.138,0.858,0.549444444444
sp_P40259_CD79B_HUMAN,95,R,B,0.281,0.004,0.514,0.481,0.537111111111
sp_P40259_CD79B_HUMAN,96,M,B,0.103,0.021,0.756,0.223,0.545111111111
sp_P40259_CD79B_HUMAN,97,E,E,0.295,0.021,0.756,0.223,0.548333333333
sp_P40259_CD79B_HUMAN,98,E,B,0.275,0.024,0.655,0.322,0.563
sp_P40259_CD79B_HUMAN,99,S,E,0.441,0.004,0.420,0.576,0.563666666667
sp_P40259_CD79B_HUMAN,100,Q,E,0.564,0.004,0.138,0.858,0.566222222222
sp_P40259_CD79B_HUMAN,101,N,E,0.662,0.005,0.045,0.951,0.546444444444
sp_P40259_CD79B_HUMAN,102,E,E,0.678,0.005,0.045,0.951,0.522
sp_P40259_CD79B_HUMAN,103,S,E,0.464,0.004,0.197,0.799,0.475555555556
sp_P40259_CD79B_HUMAN,104,L,E,0.497,0.004,0.514,0.481,0.464888888889
sp_P40259_CD79B_HUMAN,105,A,B,0.067,0.002,0.816,0.182,0.431
sp_P40259_CD79B_HUMAN,106,T,B,0.244,0.001,0.900,0.099,0.421555555556
sp_P40259_CD79B_HUMAN,107,L,B,0.031,0.001,0.900,0.099,0.412
sp_P40259_CD79B_HUMAN,108,T,E,0.319,0.001,0.900,0.099,0.408333333333
sp_P40259_CD79B_HUMAN,109,I,B,0.066,0.002,0.816,0.182,0.411555555556
sp_P40259_CD79B_HUMAN,110,Q,E,0.476,0.024,0.655,0.322,0.447777777778
sp_P40259_CD79B_HUMAN,111,G,E,0.506,0.022,0.359,0.619,0.475666666667
sp_P40259_CD79B_HUMAN,112,I,B,0.176,0.004,0.197,0.799,0.504111111111
sp_P40259_CD79B_HUMAN,113,R,E,0.477,0.004,0.138,0.858,0.510666666667
sp_P40259_CD79B_HUMAN,114,F,E,0.477,0.018,0.088,0.893,0.510444444444
sp_P40259_CD79B_HUMAN,115,E,E,0.604,0.018,0.047,0.935,0.501111111111
sp_P40259_CD79B_HUMAN,116,D,B,0.196,0.018,0.088,0.893,0.466111111111
sp_P40259_CD79B_HUMAN,117,N,E,0.271,0.021,0.279,0.699,0.456
sp_P40259_CD79B_HUMAN,118,G,B,0.057,0.021,0.756,0.223,0.430333333333
sp_P40259_CD79B_HUMAN,119,I,B,0.174,0.011,0.918,0.071,0.406
sp_P40259_CD79B_HUMAN,120,Y,B,0.035,0.001,0.900,0.099,0.380222222222
sp_P40259_CD79B_HUMAN,121,F,B,0.064,0.001,0.900,0.099,0.383444444444
sp_P40259_CD79B_HUMAN,122,C,B,0.016,0.001,0.900,0.099,0.391555555556
sp_P40259_CD79B_HUMAN,123,Q,B,0.035,0.002,0.816,0.182,0.418555555556
sp_P40259_CD79B_HUMAN,124,Q,B,0.082,0.003,0.718,0.279,0.438
sp_P40259_CD79B_HUMAN,125,K,B,0.178,0.004,0.514,0.481,0.472444444444
sp_P40259_CD79B_HUMAN,126,C,E,0.462,0.004,0.197,0.799,0.487888888889
sp_P40259_CD79B_HUMAN,127,N,E,0.539,0.005,0.045,0.951,0.512111111111
sp_P40259_CD79B_HUMAN,128,N,E,0.534,0.005,0.015,0.979,0.518111111111
sp_P40259_CD79B_HUMAN,129,T,E,0.554,0.005,0.015,0.979,0.531444444444
sp_P40259_CD79B_HUMAN,130,S,E,0.348,0.004,0.085,0.910,0.529444444444
sp_P40259_CD79B_HUMAN,131,E,E,0.345,0.004,0.263,0.733,0.510777777778
sp_P40259_CD79B_HUMAN,132,V,B,0.156,0.004,0.616,0.381,0.502888888889
sp_P40259_CD79B_HUMAN,133,Y,B,0.114,0.002,0.816,0.182,0.486111111111
sp_P40259_CD79B_HUMAN,134,Q,B,0.07,0.003,0.718,0.279,0.474555555556
sp_P40259_CD79B_HUMAN,135,G,B,0.081,0.004,0.263,0.733,0.463111111111
sp_P40259_CD79B_HUMAN,136,C,E,0.317,0.005,0.045,0.951,0.431111111111
sp_P40259_CD79B_HUMAN,137,G,B,0.204,0.004,0.085,0.910,0.427888888889
sp_P40259_CD79B_HUMAN,138,T,B,0.076,0.004,0.514,0.481,0.407777777778
sp_P40259_CD79B_HUMAN,139,E,E,0.333,0.001,0.900,0.099,0.417333333333
sp_P40259_CD79B_HUMAN,140,L,B,0.052,0.001,0.959,0.040,0.431666666667
sp_P40259_CD79B_HUMAN,141,R,B,0.211,0.001,0.959,0.040,0.438666666667
sp_P40259_CD79B_HUMAN,142,V,B,0.034,0.001,0.900,0.099,0.461666666667
sp_P40259_CD79B_HUMAN,143,M,E,0.336,0.003,0.718,0.279,0.474333333333
sp_P40259_CD79B_HUMAN,144,G,E,0.463,0.004,0.336,0.660,0.488222222222
sp_P40259_CD79B_HUMAN,145,F,E,0.51,0.004,0.085,0.910,0.514
sp_P40259_CD79B_HUMAN,146,S,E,0.514,0.018,0.019,0.964,0.530111111111
sp_P40259_CD79B_HUMAN,147,T,E,0.637,0.018,0.047,0.935,0.550777777778
sp_P40259_CD79B_HUMAN,148,L,E,0.322,0.056,0.142,0.802,0.562777777778
sp_P40259_CD79B_HUMAN,149,A,E,0.388,0.066,0.296,0.638,0.569666666667
sp_P40259_CD79B_HUMAN,150,Q,E,0.308,0.022,0.552,0.426,0.578666666667
sp_P40259_CD79B_HUMAN,151,L,B,0.12,0.024,0.655,0.322,0.575555555556
sp_P40259_CD79B_HUMAN,152,K,E,0.351,0.024,0.655,0.322,0.587555555556
sp_P40259_CD79B_HUMAN,153,Q,B,0.262,0.022,0.359,0.619,0.591
sp_P40259_CD79B_HUMAN,154,R,E,0.322,0.018,0.088,0.893,0.598
sp_P40259_CD79B_HUMAN,155,N,E,0.543,0.018,0.047,0.935,0.593666666667
sp_P40259_CD79B_HUMAN,156,T,E,0.458,0.018,0.047,0.935,0.590555555556
sp_P40259_CD79B_HUMAN,157,L,E,0.254,0.053,0.043,0.903,0.558
sp_P40259_CD79B_HUMAN,158,K,E,0.347,0.053,0.043,0.903,0.520555555556
sp_P40259_CD79B_HUMAN,159,D,B,0.272,0.184,0.043,0.773,0.474333333333
sp_P40259_CD79B_HUMAN,160,G,B,0.105,0.502,0.102,0.396,0.424444444444
sp_P40259_CD79B_HUMAN,161,I,B,0.057,0.662,0.225,0.114,0.382
sp_P40259_CD79B_HUMAN,162,I,B,0.051,0.662,0.225,0.114,0.347222222222
sp_P40259_CD79B_HUMAN,163,M,B,0.057,0.807,0.137,0.056,0.305888888889
sp_P40259_CD79B_HUMAN,164,I,B,0.057,0.878,0.010,0.111,0.275777777778
sp_P40259_CD79B_HUMAN,165,Q,B,0.146,0.938,0.007,0.055,0.249333333333
sp_P40259_CD79B_HUMAN,166,T,B,0.07,0.938,0.007,0.055,0.232666666667
sp_P40259_CD79B_HUMAN,167,L,B,0.089,0.938,0.007,0.055,0.225888888889
sp_P40259_CD79B_HUMAN,168,L,B,0.071,0.938,0.007,0.055,0.215222222222
sp_P40259_CD79B_HUMAN,169,I,B,0.044,0.938,0.007,0.055,0.219111111111
sp_P40259_CD79B_HUMAN,170,I,B,0.075,0.975,0.003,0.022,0.209777777778
sp_P40259_CD79B_HUMAN,171,L,B,0.132,0.938,0.007,0.055,0.199888888889
sp_P40259_CD79B_HUMAN,172,F,B,0.055,0.938,0.007,0.055,0.205222222222
sp_P40259_CD79B_HUMAN,173,I,B,0.126,0.878,0.010,0.111,0.199888888889
sp_P40259_CD79B_HUMAN,174,I,B,0.163,0.878,0.010,0.111,0.199222222222
sp_P40259_CD79B_HUMAN,175,V,B,0.107,0.802,0.014,0.185,0.217444444444
sp_P40259_CD79B_HUMAN,176,P,B,0.071,0.782,0.003,0.215,0.225777777778
sp_P40259_CD79B_HUMAN,177,I,B,0.108,0.802,0.014,0.185,0.246111111111
sp_P40259_CD79B_HUMAN,178,F,B,0.098,0.802,0.014,0.185,0.274444444444
sp_P40259_CD79B_HUMAN,179,L,B,0.124,0.831,0.044,0.125,0.318222222222
sp_P40259_CD79B_HUMAN,180,L,B,0.053,0.779,0.101,0.120,0.370111111111
sp_P40259_CD79B_HUMAN,181,L,B,0.139,0.701,0.107,0.192,0.421888888889
sp_P40259_CD79B_HUMAN,182,D,E,0.378,0.606,0.105,0.289,0.476333333333
sp_P40259_CD79B_HUMAN,183,K,E,0.39,0.561,0.047,0.393,0.534555555556
sp_P40259_CD79B_HUMAN,184,D,E,0.491,0.430,0.016,0.555,0.574222222222
sp_P40259_CD79B_HUMAN,185,D,E,0.581,0.339,0.016,0.645,0.616333333333
sp_P40259_CD79B_HUMAN,186,S,E,0.563,0.181,0.017,0.803,0.644666666667
sp_P40259_CD79B_HUMAN,187,K,E,0.571,0.116,0.016,0.868,0.655444444444
sp_P40259_CD79B_HUMAN,188,A,E,0.599,0.058,0.017,0.925,0.657111111111
sp_P40259_CD79B_HUMAN,189,G,E,0.525,0.058,0.017,0.925,0.656666666667
sp_P40259_CD79B_HUMAN,190,M,E,0.319,0.113,0.043,0.844,0.643666666667
sp_P40259_CD79B_HUMAN,191,E,E,0.435,0.184,0.043,0.773,0.626777777778
sp_P40259_CD79B_HUMAN,192,E,E,0.526,0.268,0.043,0.689,0.604888888889
sp_P40259_CD79B_HUMAN,193,D,E,0.479,0.268,0.043,0.689,0.598
sp_P40259_CD79B_HUMAN,194,H,B,0.203,0.353,0.048,0.598,0.593888888889
sp_P40259_CD79B_HUMAN,195,T,B,0.235,0.386,0.097,0.517,0.591777777778
sp_P40259_CD79B_HUMAN,196,Y,B,0.22,0.278,0.093,0.628,0.597
sp_P40259_CD79B_HUMAN,197,E,E,0.497,0.191,0.086,0.723,0.583
sp_P40259_CD79B_HUMAN,198,G,E,0.354,0.113,0.087,0.800,0.576888888889
sp_P40259_CD79B_HUMAN,199,L,B,0.121,0.118,0.150,0.732,0.580555555556
sp_P40259_CD79B_HUMAN,200,D,E,0.498,0.064,0.216,0.721,0.586111111111
sp_P40259_CD79B_HUMAN,201,I,B,0.15,0.056,0.142,0.802,0.599222222222
sp_P40259_CD79B_HUMAN,202,D,E,0.559,0.056,0.142,0.802,0.59
sp_P40259_CD79B_HUMAN,203,Q,E,0.484,0.052,0.084,0.864,0.572555555556
sp_P40259_CD79B_HUMAN,204,T,B,0.232,0.052,0.084,0.864,0.579
sp_P40259_CD79B_HUMAN,205,A,E,0.374,0.052,0.084,0.864,0.579777777778
sp_P40259_CD79B_HUMAN,206,T,E,0.342,0.118,0.150,0.732,0.577
sp_P40259_CD79B_HUMAN,207,Y,B,0.169,0.125,0.227,0.648,0.570222222222
sp_P40259_CD79B_HUMAN,208,E,E,0.436,0.125,0.227,0.648,0.563111111111
sp_P40259_CD79B_HUMAN,209,D,E,0.378,0.135,0.317,0.548,0.555666666667
sp_P40259_CD79B_HUMAN,210,I,B,0.073,0.066,0.296,0.638,0.551555555556
sp_P40259_CD79B_HUMAN,211,V,B,0.165,0.066,0.296,0.638,0.548
sp_P40259_CD79B_HUMAN,212,T,E,0.447,0.064,0.216,0.721,0.549111111111
sp_P40259_CD79B_HUMAN,213,L,B,0.186,0.018,0.141,0.840,0.538888888889
sp_P40259_CD79B_HUMAN,214,R,E,0.504,0.018,0.141,0.840,0.526777777778
sp_P40259_CD79B_HUMAN,215,T,E,0.655,0.052,0.084,0.864,0.537777777778
sp_P40259_CD79B_HUMAN,216,G,E,0.425,0.052,0.084,0.864,0.533666666667
sp_P40259_CD79B_HUMAN,217,E,E,0.658,0.056,0.142,0.802,0.531666666667
sp_P40259_CD79B_HUMAN,218,V,B,0.142,0.074,0.484,0.442,0.545555555556
sp_P40259_CD79B_HUMAN,219,K,E,0.494,0.024,0.655,0.322,0.547
sp_P40259_CD79B_HUMAN,220,W,B,0.124,0.085,0.775,0.140,0.567666666667
sp_P40259_CD79B_HUMAN,221,S,E,0.524,0.079,0.592,0.329,0.579888888889
sp_P40259_CD79B_HUMAN,222,V,E,0.371,0.069,0.386,0.545,0.586444444444
sp_P40259_CD79B_HUMAN,223,G,E,0.453,0.064,0.216,0.721,0.591444444444
sp_P40259_CD79B_HUMAN,224,E,E,0.671,0.052,0.084,0.864,0.600333333333
sp_P40259_CD79B_HUMAN,225,H,E,0.388,0.018,0.047,0.935,0.607555555556
sp_P40259_CD79B_HUMAN,226,P,E,0.422,0.018,0.047,0.935,0.548666666667
sp_P40259_CD79B_HUMAN,227,G,E,0.596,0.018,0.047,0.935,0.475666666667
sp_P40259_CD79B_HUMAN,228,Q,E,0.586,0.018,0.047,0.935,0.404111111111
sp_P40259_CD79B_HUMAN,229,E,E,0.908,0.003,0.003,0.994,0.325222222222
