Entry,Position,AminoAcid,Exposed/Buried,RelativeSurfaceAccessilibity,HelixProbability,SheetProbability,CoilProbability,EpitopeProbability
tr_Q13982_Q13982_HUMAN,1,M,E,0.781,0.003,0.003,0.994,0.231555555556
tr_Q13982_Q13982_HUMAN,2,G,E,0.644,0.005,0.015,0.979,0.292666666667
tr_Q13982_Q13982_HUMAN,3,P,E,0.455,0.005,0.015,0.979,0.353111111111
tr_Q13982_Q13982_HUMAN,4,P,E,0.393,0.018,0.019,0.964,0.413444444444
tr_Q13982_Q13982_HUMAN,5,S,E,0.495,0.018,0.019,0.964,0.473777777778
tr_Q13982_Q13982_HUMAN,6,A,B,0.286,0.018,0.019,0.964,0.516111111111
tr_Q13982_Q13982_HUMAN,7,S,B,0.264,0.018,0.019,0.964,0.537888888889
tr_Q13982_Q13982_HUMAN,8,P,B,0.171,0.018,0.019,0.964,0.557555555556
tr_Q13982_Q13982_HUMAN,9,H,B,0.26,0.018,0.019,0.964,0.561777777778
tr_Q13982_Q13982_HUMAN,10,R,E,0.536,0.018,0.019,0.964,0.565666666667
tr_Q13982_Q13982_HUMAN,11,E,E,0.379,0.018,0.019,0.964,0.551888888889
tr_Q13982_Q13982_HUMAN,12,C,E,0.285,0.018,0.047,0.935,0.548555555556
tr_Q13982_Q13982_HUMAN,13,I,B,0.12,0.018,0.047,0.935,0.534
tr_Q13982_Q13982_HUMAN,14,P,B,0.164,0.113,0.043,0.844,0.498333333333
tr_Q13982_Q13982_HUMAN,15,W,B,0.071,0.522,0.016,0.462,0.451555555556
tr_Q13982_Q13982_HUMAN,16,Q,B,0.201,0.782,0.003,0.215,0.418
tr_Q13982_Q13982_HUMAN,17,G,B,0.161,0.859,0.002,0.139,0.384666666667
tr_Q13982_Q13982_HUMAN,18,L,B,0.041,0.923,0.002,0.076,0.352111111111
tr_Q13982_Q13982_HUMAN,19,L,B,0.035,0.938,0.007,0.055,0.316111111111
tr_Q13982_Q13982_HUMAN,20,L,B,0.065,0.938,0.007,0.055,0.304222222222
tr_Q13982_Q13982_HUMAN,21,T,B,0.049,0.938,0.007,0.055,0.290777777778
tr_Q13982_Q13982_HUMAN,22,A,B,0.032,0.938,0.007,0.055,0.282222222222
tr_Q13982_Q13982_HUMAN,23,S,B,0.054,0.938,0.007,0.055,0.285666666667
tr_Q13982_Q13982_HUMAN,24,L,B,0.05,0.938,0.007,0.055,0.300777777778
tr_Q13982_Q13982_HUMAN,25,L,B,0.046,0.878,0.010,0.111,0.317777777778
tr_Q13982_Q13982_HUMAN,26,N,B,0.071,0.802,0.014,0.185,0.340111111111
tr_Q13982_Q13982_HUMAN,27,F,B,0.055,0.622,0.015,0.363,0.372888888889
tr_Q13982_Q13982_HUMAN,28,W,B,0.092,0.353,0.048,0.598,0.402666666667
tr_Q13982_Q13982_HUMAN,29,N,B,0.133,0.116,0.016,0.868,0.416444444444
tr_Q13982_Q13982_HUMAN,30,P,B,0.155,0.058,0.017,0.925,0.419222222222
tr_Q13982_Q13982_HUMAN,31,P,E,0.275,0.058,0.017,0.925,0.436111111111
tr_Q13982_Q13982_HUMAN,32,T,B,0.11,0.053,0.043,0.903,0.442555555556
tr_Q13982_Q13982_HUMAN,33,T,B,0.245,0.018,0.141,0.840,0.446666666667
tr_Q13982_Q13982_HUMAN,34,A,B,0.053,0.022,0.359,0.619,0.429777777778
tr_Q13982_Q13982_HUMAN,35,K,E,0.307,0.022,0.552,0.426,0.434111111111
tr_Q13982_Q13982_HUMAN,36,L,B,0.086,0.024,0.655,0.322,0.438111111111
tr_Q13982_Q13982_HUMAN,37,T,B,0.226,0.021,0.756,0.223,0.441333333333
tr_Q13982_Q13982_HUMAN,38,I,B,0.101,0.021,0.756,0.223,0.461333333333
tr_Q13982_Q13982_HUMAN,39,E,E,0.357,0.021,0.756,0.223,0.487444444444
tr_Q13982_Q13982_HUMAN,40,S,E,0.336,0.024,0.655,0.322,0.505333333333
tr_Q13982_Q13982_HUMAN,41,T,E,0.323,0.004,0.420,0.576,0.525888888889
tr_Q13982_Q13982_HUMAN,42,P,B,0.22,0.020,0.205,0.775,0.541666666667
tr_Q13982_Q13982_HUMAN,43,F,E,0.468,0.018,0.088,0.893,0.575666666667
tr_Q13982_Q13982_HUMAN,44,N,E,0.521,0.052,0.084,0.864,0.579
tr_Q13982_Q13982_HUMAN,45,V,B,0.171,0.064,0.216,0.721,0.582888888889
tr_Q13982_Q13982_HUMAN,46,A,E,0.324,0.069,0.386,0.545,0.583
tr_Q13982_Q13982_HUMAN,47,E,E,0.488,0.064,0.216,0.721,0.559
tr_Q13982_Q13982_HUMAN,48,G,E,0.54,0.018,0.088,0.893,0.535555555556
tr_Q13982_Q13982_HUMAN,49,K,E,0.461,0.018,0.141,0.840,0.488333333333
tr_Q13982_Q13982_HUMAN,50,E,E,0.351,0.004,0.420,0.576,0.481666666667
tr_Q13982_Q13982_HUMAN,51,V,B,0.04,0.002,0.816,0.182,0.450666666667
tr_Q13982_Q13982_HUMAN,52,L,B,0.118,0.006,0.962,0.032,0.441888888889
tr_Q13982_Q13982_HUMAN,53,L,B,0.041,0.001,0.959,0.040,0.440111111111
tr_Q13982_Q13982_HUMAN,54,L,B,0.136,0.001,0.959,0.040,0.427666666667
tr_Q13982_Q13982_HUMAN,55,V,B,0.019,0.001,0.900,0.099,0.416666666667
tr_Q13982_Q13982_HUMAN,56,H,B,0.231,0.004,0.616,0.381,0.440444444444
tr_Q13982_Q13982_HUMAN,57,N,E,0.365,0.004,0.336,0.660,0.453222222222
tr_Q13982_Q13982_HUMAN,58,L,B,0.164,0.004,0.138,0.858,0.482666666667
tr_Q13982_Q13982_HUMAN,59,P,B,0.214,0.018,0.088,0.893,0.499444444444
tr_Q13982_Q13982_HUMAN,60,Q,E,0.63,0.058,0.017,0.925,0.526555555556
tr_Q13982_Q13982_HUMAN,61,H,E,0.457,0.058,0.017,0.925,0.514888888889
tr_Q13982_Q13982_HUMAN,62,L,B,0.162,0.118,0.150,0.732,0.512888888889
tr_Q13982_Q13982_HUMAN,63,F,B,0.275,0.074,0.484,0.442,0.506888888889
tr_Q13982_Q13982_HUMAN,64,G,B,0.269,0.087,0.683,0.230,0.516666666667
tr_Q13982_Q13982_HUMAN,65,Y,B,0.069,0.085,0.775,0.140,0.504888888889
tr_Q13982_Q13982_HUMAN,66,S,B,0.09,0.021,0.756,0.223,0.501777777778
tr_Q13982_Q13982_HUMAN,67,W,B,0.083,0.021,0.756,0.223,0.518333333333
tr_Q13982_Q13982_HUMAN,68,Y,B,0.109,0.021,0.756,0.223,0.53
tr_Q13982_Q13982_HUMAN,69,K,E,0.288,0.024,0.655,0.322,0.541666666667
tr_Q13982_Q13982_HUMAN,70,G,B,0.223,0.022,0.359,0.619,0.567666666667
tr_Q13982_Q13982_HUMAN,71,E,E,0.57,0.020,0.205,0.775,0.573111111111
tr_Q13982_Q13982_HUMAN,72,R,E,0.483,0.064,0.216,0.721,0.596333333333
tr_Q13982_Q13982_HUMAN,73,V,B,0.317,0.064,0.216,0.721,0.589888888889
tr_Q13982_Q13982_HUMAN,74,D,E,0.536,0.056,0.142,0.802,0.577222222222
tr_Q13982_Q13982_HUMAN,75,G,E,0.482,0.018,0.141,0.840,0.556111111111
tr_Q13982_Q13982_HUMAN,76,N,E,0.453,0.021,0.279,0.699,0.527555555556
tr_Q13982_Q13982_HUMAN,77,S,B,0.145,0.004,0.514,0.481,0.484222222222
tr_Q13982_Q13982_HUMAN,78,L,B,0.123,0.001,0.900,0.099,0.450111111111
tr_Q13982_Q13982_HUMAN,79,I,B,0.036,0.001,0.959,0.040,0.426888888889
tr_Q13982_Q13982_HUMAN,80,V,B,0.028,0.001,0.959,0.040,0.416555555556
tr_Q13982_Q13982_HUMAN,81,G,B,0.065,0.001,0.959,0.040,0.414
tr_Q13982_Q13982_HUMAN,82,Y,B,0.053,0.001,0.959,0.040,0.434333333333
tr_Q13982_Q13982_HUMAN,83,V,B,0.197,0.001,0.900,0.099,0.467666666667
tr_Q13982_Q13982_HUMAN,84,I,B,0.222,0.004,0.514,0.481,0.512777777778
tr_Q13982_Q13982_HUMAN,85,G,E,0.435,0.004,0.197,0.799,0.545222222222
tr_Q13982_Q13982_HUMAN,86,T,E,0.469,0.018,0.047,0.935,0.585888888889
tr_Q13982_Q13982_HUMAN,87,Q,E,0.625,0.018,0.019,0.964,0.613444444444
tr_Q13982_Q13982_HUMAN,88,Q,E,0.441,0.020,0.205,0.775,0.633111111111
tr_Q13982_Q13982_HUMAN,89,A,E,0.467,0.022,0.359,0.619,0.660777777778
tr_Q13982_Q13982_HUMAN,90,T,E,0.385,0.022,0.359,0.619,0.655222222222
tr_Q13982_Q13982_HUMAN,91,P,E,0.449,0.021,0.279,0.699,0.653444444444
tr_Q13982_Q13982_HUMAN,92,G,B,0.24,0.018,0.088,0.893,0.640555555556
tr_Q13982_Q13982_HUMAN,93,A,E,0.452,0.018,0.047,0.935,0.620222222222
tr_Q13982_Q13982_HUMAN,94,A,E,0.354,0.018,0.088,0.893,0.617666666667
tr_Q13982_Q13982_HUMAN,95,Y,B,0.249,0.056,0.142,0.802,0.601888888889
tr_Q13982_Q13982_HUMAN,96,S,E,0.327,0.056,0.142,0.802,0.597444444444
tr_Q13982_Q13982_HUMAN,97,G,E,0.387,0.056,0.142,0.802,0.583
tr_Q13982_Q13982_HUMAN,98,R,B,0.238,0.066,0.296,0.638,0.560444444444
tr_Q13982_Q13982_HUMAN,99,E,B,0.223,0.024,0.655,0.322,0.564555555556
tr_Q13982_Q13982_HUMAN,100,T,E,0.392,0.024,0.655,0.322,0.553666666667
tr_Q13982_Q13982_HUMAN,101,I,B,0.116,0.024,0.655,0.322,0.539777777778
tr_Q13982_Q13982_HUMAN,102,Y,B,0.192,0.021,0.452,0.528,0.532555555556
tr_Q13982_Q13982_HUMAN,103,T,E,0.523,0.018,0.141,0.840,0.496555555556
tr_Q13982_Q13982_HUMAN,104,N,E,0.454,0.018,0.047,0.935,0.497444444444
tr_Q13982_Q13982_HUMAN,105,A,B,0.087,0.052,0.084,0.864,0.471333333333
tr_Q13982_Q13982_HUMAN,106,S,B,0.157,0.022,0.359,0.619,0.467555555556
tr_Q13982_Q13982_HUMAN,107,L,B,0.063,0.024,0.655,0.322,0.462666666667
tr_Q13982_Q13982_HUMAN,108,L,B,0.142,0.021,0.756,0.223,0.432444444444
tr_Q13982_Q13982_HUMAN,109,I,B,0.053,0.021,0.756,0.223,0.431666666667
tr_Q13982_Q13982_HUMAN,110,H,B,0.274,0.024,0.655,0.322,0.447333333333
tr_Q13982_Q13982_HUMAN,111,N,E,0.414,0.022,0.552,0.426,0.454111111111
tr_Q13982_Q13982_HUMAN,112,V,B,0.086,0.022,0.552,0.426,0.478555555556
tr_Q13982_Q13982_HUMAN,113,T,E,0.298,0.022,0.552,0.426,0.476666666667
tr_Q13982_Q13982_HUMAN,114,Q,E,0.382,0.022,0.359,0.619,0.499666666667
tr_Q13982_Q13982_HUMAN,115,N,E,0.604,0.020,0.205,0.775,0.498555555556
tr_Q13982_Q13982_HUMAN,116,D,E,0.32,0.018,0.088,0.893,0.489333333333
tr_Q13982_Q13982_HUMAN,117,I,E,0.385,0.004,0.197,0.799,0.505555555556
tr_Q13982_Q13982_HUMAN,118,G,B,0.258,0.004,0.420,0.576,0.479
tr_Q13982_Q13982_HUMAN,119,F,B,0.251,0.002,0.816,0.182,0.463888888889
tr_Q13982_Q13982_HUMAN,120,Y,B,0.063,0.001,0.900,0.099,0.436666666667
tr_Q13982_Q13982_HUMAN,121,T,B,0.097,0.001,0.959,0.040,0.414444444444
tr_Q13982_Q13982_HUMAN,122,L,B,0.032,0.001,0.959,0.040,0.406333333333
tr_Q13982_Q13982_HUMAN,123,Q,B,0.115,0.001,0.959,0.040,0.404
tr_Q13982_Q13982_HUMAN,124,V,B,0.033,0.001,0.959,0.040,0.415777777778
tr_Q13982_Q13982_HUMAN,125,I,B,0.071,0.001,0.959,0.040,0.440555555556
tr_Q13982_Q13982_HUMAN,126,K,B,0.25,0.002,0.816,0.182,0.450777777778
tr_Q13982_Q13982_HUMAN,127,S,E,0.494,0.004,0.197,0.799,0.480666666667
tr_Q13982_Q13982_HUMAN,128,D,E,0.676,0.005,0.015,0.979,0.486
tr_Q13982_Q13982_HUMAN,129,L,E,0.358,0.005,0.045,0.951,0.502
tr_Q13982_Q13982_HUMAN,130,V,E,0.523,0.004,0.514,0.481,0.511444444444
tr_Q13982_Q13982_HUMAN,131,N,E,0.379,0.001,0.900,0.099,0.506666666667
tr_Q13982_Q13982_HUMAN,132,E,E,0.333,0.001,0.900,0.099,0.495666666667
tr_Q13982_Q13982_HUMAN,133,E,E,0.414,0.001,0.959,0.040,0.484111111111
tr_Q13982_Q13982_HUMAN,134,A,B,0.162,0.001,0.959,0.040,0.46
tr_Q13982_Q13982_HUMAN,135,T,E,0.322,0.001,0.959,0.040,0.447333333333
tr_Q13982_Q13982_HUMAN,136,G,B,0.109,0.001,0.959,0.040,0.435222222222
tr_Q13982_Q13982_HUMAN,137,Q,E,0.324,0.001,0.983,0.017,0.427222222222
tr_Q13982_Q13982_HUMAN,138,F,B,0.059,0.001,0.959,0.040,0.376444444444
tr_Q13982_Q13982_HUMAN,139,H,E,0.319,0.001,0.959,0.040,0.328666666667
tr_Q13982_Q13982_HUMAN,140,V,B,0.115,0.001,0.900,0.099,0.284111111111
tr_Q13982_Q13982_HUMAN,141,Y,E,0.481,0.004,0.085,0.910,0.238444444444
