Entry,Position,AminoAcid,Exposed/Buried,RelativeSurfaceAccessilibity,HelixProbability,SheetProbability,CoilProbability,EpitopeProbability
sp_Q5QGZ9_CL12A_HUMAN,1,M,E,0.622,0.003,0.003,0.994,0.274222222222
sp_Q5QGZ9_CL12A_HUMAN,2,S,E,0.644,0.018,0.088,0.893,0.337777777778
sp_Q5QGZ9_CL12A_HUMAN,3,E,E,0.55,0.056,0.142,0.802,0.388777777778
sp_Q5QGZ9_CL12A_HUMAN,4,E,E,0.556,0.064,0.216,0.721,0.439666666667
sp_Q5QGZ9_CL12A_HUMAN,5,V,E,0.318,0.021,0.452,0.528,0.493777777778
sp_Q5QGZ9_CL12A_HUMAN,6,T,E,0.332,0.024,0.655,0.322,0.484111111111
sp_Q5QGZ9_CL12A_HUMAN,7,Y,B,0.204,0.018,0.846,0.136,0.489111111111
sp_Q5QGZ9_CL12A_HUMAN,8,A,B,0.181,0.018,0.846,0.136,0.459222222222
sp_Q5QGZ9_CL12A_HUMAN,9,D,E,0.405,0.018,0.846,0.136,0.463222222222
sp_Q5QGZ9_CL12A_HUMAN,10,L,B,0.069,0.018,0.846,0.136,0.470444444444
sp_Q5QGZ9_CL12A_HUMAN,11,Q,E,0.446,0.003,0.718,0.279,0.476111111111
sp_Q5QGZ9_CL12A_HUMAN,12,F,B,0.103,0.004,0.616,0.381,0.492888888889
sp_Q5QGZ9_CL12A_HUMAN,13,Q,E,0.419,0.004,0.420,0.576,0.513444444444
sp_Q5QGZ9_CL12A_HUMAN,14,N,E,0.465,0.004,0.197,0.799,0.521333333333
sp_Q5QGZ9_CL12A_HUMAN,15,S,E,0.483,0.018,0.088,0.893,0.566444444444
sp_Q5QGZ9_CL12A_HUMAN,16,S,E,0.668,0.018,0.047,0.935,0.585555555556
sp_Q5QGZ9_CL12A_HUMAN,17,E,E,0.504,0.018,0.019,0.964,0.620444444444
sp_Q5QGZ9_CL12A_HUMAN,18,M,E,0.513,0.018,0.019,0.964,0.635222222222
sp_Q5QGZ9_CL12A_HUMAN,19,E,E,0.574,0.018,0.019,0.964,0.638444444444
sp_Q5QGZ9_CL12A_HUMAN,20,K,E,0.69,0.018,0.019,0.964,0.639333333333
sp_Q5QGZ9_CL12A_HUMAN,21,I,E,0.449,0.058,0.017,0.925,0.651444444444
sp_Q5QGZ9_CL12A_HUMAN,22,P,E,0.554,0.058,0.017,0.925,0.655444444444
sp_Q5QGZ9_CL12A_HUMAN,23,E,E,0.578,0.058,0.017,0.925,0.66
sp_Q5QGZ9_CL12A_HUMAN,24,I,E,0.504,0.058,0.017,0.925,0.647777777778
sp_Q5QGZ9_CL12A_HUMAN,25,G,E,0.588,0.058,0.017,0.925,0.651
sp_Q5QGZ9_CL12A_HUMAN,26,K,E,0.6,0.058,0.017,0.925,0.653444444444
sp_Q5QGZ9_CL12A_HUMAN,27,F,E,0.492,0.058,0.017,0.925,0.639111111111
sp_Q5QGZ9_CL12A_HUMAN,28,G,E,0.601,0.058,0.017,0.925,0.634444444444
sp_Q5QGZ9_CL12A_HUMAN,29,E,E,0.599,0.058,0.017,0.925,0.626666666667
sp_Q5QGZ9_CL12A_HUMAN,30,K,E,0.678,0.058,0.017,0.925,0.598555555556
sp_Q5QGZ9_CL12A_HUMAN,31,A,E,0.442,0.018,0.019,0.964,0.580444444444
sp_Q5QGZ9_CL12A_HUMAN,32,P,E,0.473,0.018,0.019,0.964,0.574777777778
sp_Q5QGZ9_CL12A_HUMAN,33,P,E,0.696,0.018,0.019,0.964,0.555222222222
sp_Q5QGZ9_CL12A_HUMAN,34,A,E,0.542,0.005,0.015,0.979,0.536444444444
sp_Q5QGZ9_CL12A_HUMAN,35,P,E,0.321,0.005,0.015,0.979,0.514111111111
sp_Q5QGZ9_CL12A_HUMAN,36,S,B,0.158,0.018,0.019,0.964,0.505333333333
sp_Q5QGZ9_CL12A_HUMAN,37,H,B,0.218,0.016,0.005,0.979,0.490555555556
sp_Q5QGZ9_CL12A_HUMAN,38,V,B,0.195,0.181,0.017,0.803,0.457333333333
sp_Q5QGZ9_CL12A_HUMAN,39,W,B,0.116,0.353,0.048,0.598,0.432333333333
sp_Q5QGZ9_CL12A_HUMAN,40,R,B,0.137,0.622,0.015,0.363,0.400555555556
sp_Q5QGZ9_CL12A_HUMAN,41,P,B,0.157,0.802,0.014,0.185,0.373111111111
sp_Q5QGZ9_CL12A_HUMAN,42,A,B,0.06,0.938,0.007,0.055,0.345111111111
sp_Q5QGZ9_CL12A_HUMAN,43,A,B,0.052,0.923,0.002,0.076,0.311888888889
sp_Q5QGZ9_CL12A_HUMAN,44,L,B,0.097,0.970,0.001,0.029,0.282
sp_Q5QGZ9_CL12A_HUMAN,45,F,B,0.131,0.970,0.001,0.029,0.252444444444
sp_Q5QGZ9_CL12A_HUMAN,46,L,B,0.088,0.970,0.001,0.029,0.224888888889
sp_Q5QGZ9_CL12A_HUMAN,47,T,B,0.151,0.970,0.001,0.029,0.217666666667
sp_Q5QGZ9_CL12A_HUMAN,48,L,B,0.233,0.970,0.001,0.029,0.210777777778
sp_Q5QGZ9_CL12A_HUMAN,49,L,B,0.191,0.970,0.001,0.029,0.207333333333
sp_Q5QGZ9_CL12A_HUMAN,50,C,B,0.155,0.970,0.001,0.029,0.194111111111
sp_Q5QGZ9_CL12A_HUMAN,51,L,B,0.189,0.970,0.001,0.029,0.193666666667
sp_Q5QGZ9_CL12A_HUMAN,52,L,B,0.241,0.970,0.001,0.029,0.193222222222
sp_Q5QGZ9_CL12A_HUMAN,53,L,B,0.232,0.970,0.001,0.029,0.199333333333
sp_Q5QGZ9_CL12A_HUMAN,54,L,B,0.155,0.970,0.001,0.029,0.203666666667
sp_Q5QGZ9_CL12A_HUMAN,55,I,B,0.158,0.970,0.001,0.029,0.214888888889
sp_Q5QGZ9_CL12A_HUMAN,56,G,B,0.142,0.970,0.001,0.029,0.219222222222
sp_Q5QGZ9_CL12A_HUMAN,57,L,B,0.134,0.970,0.001,0.029,0.229777777778
sp_Q5QGZ9_CL12A_HUMAN,58,G,B,0.089,0.923,0.002,0.076,0.238666666667
sp_Q5QGZ9_CL12A_HUMAN,59,V,B,0.108,0.923,0.002,0.076,0.255222222222
sp_Q5QGZ9_CL12A_HUMAN,60,L,B,0.046,0.859,0.002,0.139,0.253444444444
sp_Q5QGZ9_CL12A_HUMAN,61,A,B,0.098,0.782,0.003,0.215,0.276555555556
sp_Q5QGZ9_CL12A_HUMAN,62,S,B,0.185,0.694,0.003,0.303,0.295
sp_Q5QGZ9_CL12A_HUMAN,63,M,B,0.183,0.717,0.014,0.269,0.312
sp_Q5QGZ9_CL12A_HUMAN,64,F,B,0.049,0.802,0.014,0.185,0.327777777778
sp_Q5QGZ9_CL12A_HUMAN,65,H,E,0.265,0.878,0.010,0.111,0.364666666667
sp_Q5QGZ9_CL12A_HUMAN,66,V,E,0.36,0.911,0.033,0.057,0.391777777778
sp_Q5QGZ9_CL12A_HUMAN,67,T,B,0.174,0.878,0.010,0.111,0.427
sp_Q5QGZ9_CL12A_HUMAN,68,L,B,0.205,0.938,0.007,0.055,0.45
sp_Q5QGZ9_CL12A_HUMAN,69,K,E,0.492,0.975,0.003,0.022,0.488
sp_Q5QGZ9_CL12A_HUMAN,70,I,E,0.457,0.970,0.001,0.029,0.507666666667
sp_Q5QGZ9_CL12A_HUMAN,71,E,E,0.284,0.923,0.002,0.076,0.527
sp_Q5QGZ9_CL12A_HUMAN,72,M,E,0.391,0.938,0.007,0.055,0.545777777778
sp_Q5QGZ9_CL12A_HUMAN,73,K,E,0.52,0.923,0.002,0.076,0.562111111111
sp_Q5QGZ9_CL12A_HUMAN,74,K,E,0.358,0.923,0.002,0.076,0.560666666667
sp_Q5QGZ9_CL12A_HUMAN,75,M,E,0.364,0.970,0.001,0.029,0.566777777778
sp_Q5QGZ9_CL12A_HUMAN,76,N,E,0.582,0.970,0.001,0.029,0.560888888889
sp_Q5QGZ9_CL12A_HUMAN,77,K,E,0.477,0.923,0.002,0.076,0.564888888889
sp_Q5QGZ9_CL12A_HUMAN,78,L,B,0.181,0.923,0.002,0.076,0.559666666667
sp_Q5QGZ9_CL12A_HUMAN,79,Q,E,0.524,0.859,0.002,0.139,0.558666666667
sp_Q5QGZ9_CL12A_HUMAN,80,N,E,0.581,0.782,0.003,0.215,0.557666666667
sp_Q5QGZ9_CL12A_HUMAN,81,I,B,0.232,0.694,0.003,0.303,0.545
sp_Q5QGZ9_CL12A_HUMAN,82,S,E,0.306,0.859,0.002,0.139,0.549333333333
sp_Q5QGZ9_CL12A_HUMAN,83,E,E,0.644,0.859,0.002,0.139,0.548
sp_Q5QGZ9_CL12A_HUMAN,84,E,E,0.493,0.923,0.002,0.076,0.549666666667
sp_Q5QGZ9_CL12A_HUMAN,85,L,B,0.104,0.859,0.002,0.139,0.547777777778
sp_Q5QGZ9_CL12A_HUMAN,86,Q,E,0.44,0.859,0.002,0.139,0.549555555556
sp_Q5QGZ9_CL12A_HUMAN,87,R,E,0.635,0.782,0.003,0.215,0.557
sp_Q5QGZ9_CL12A_HUMAN,88,N,E,0.523,0.782,0.003,0.215,0.554111111111
sp_Q5QGZ9_CL12A_HUMAN,89,I,B,0.245,0.717,0.014,0.269,0.557
sp_Q5QGZ9_CL12A_HUMAN,90,S,E,0.517,0.717,0.014,0.269,0.573555555556
sp_Q5QGZ9_CL12A_HUMAN,91,L,E,0.48,0.802,0.014,0.185,0.564
sp_Q5QGZ9_CL12A_HUMAN,92,Q,E,0.392,0.938,0.007,0.055,0.568777777778
sp_Q5QGZ9_CL12A_HUMAN,93,L,E,0.346,0.970,0.001,0.029,0.562
sp_Q5QGZ9_CL12A_HUMAN,94,M,E,0.434,0.970,0.001,0.029,0.568666666667
sp_Q5QGZ9_CL12A_HUMAN,95,S,E,0.496,0.923,0.002,0.076,0.567888888889
sp_Q5QGZ9_CL12A_HUMAN,96,N,E,0.435,0.859,0.002,0.139,0.566444444444
sp_Q5QGZ9_CL12A_HUMAN,97,M,E,0.485,0.782,0.003,0.215,0.567777777778
sp_Q5QGZ9_CL12A_HUMAN,98,N,E,0.56,0.694,0.003,0.303,0.567222222222
sp_Q5QGZ9_CL12A_HUMAN,99,I,B,0.282,0.782,0.003,0.215,0.561333333333
sp_Q5QGZ9_CL12A_HUMAN,100,S,E,0.389,0.923,0.002,0.076,0.566222222222
sp_Q5QGZ9_CL12A_HUMAN,101,N,E,0.442,0.923,0.002,0.076,0.557888888889
sp_Q5QGZ9_CL12A_HUMAN,102,K,E,0.408,0.923,0.002,0.076,0.551
sp_Q5QGZ9_CL12A_HUMAN,103,I,B,0.175,0.923,0.002,0.076,0.549222222222
sp_Q5QGZ9_CL12A_HUMAN,104,R,E,0.508,0.923,0.002,0.076,0.550222222222
sp_Q5QGZ9_CL12A_HUMAN,105,N,E,0.604,0.859,0.002,0.139,0.546
sp_Q5QGZ9_CL12A_HUMAN,106,L,B,0.126,0.859,0.002,0.139,0.531666666667
sp_Q5QGZ9_CL12A_HUMAN,107,S,E,0.387,0.782,0.003,0.215,0.527333333333
sp_Q5QGZ9_CL12A_HUMAN,108,T,E,0.618,0.782,0.003,0.215,0.530111111111
sp_Q5QGZ9_CL12A_HUMAN,109,T,E,0.379,0.859,0.002,0.139,0.520444444444
sp_Q5QGZ9_CL12A_HUMAN,110,L,B,0.164,0.859,0.002,0.139,0.517222222222
sp_Q5QGZ9_CL12A_HUMAN,111,Q,E,0.581,0.859,0.002,0.139,0.527555555556
sp_Q5QGZ9_CL12A_HUMAN,112,T,E,0.517,0.859,0.002,0.139,0.528666666667
sp_Q5QGZ9_CL12A_HUMAN,113,I,B,0.141,0.878,0.010,0.111,0.514888888889
sp_Q5QGZ9_CL12A_HUMAN,114,A,E,0.372,0.802,0.014,0.185,0.520444444444
sp_Q5QGZ9_CL12A_HUMAN,115,T,E,0.561,0.717,0.014,0.269,0.551888888889
sp_Q5QGZ9_CL12A_HUMAN,116,K,E,0.392,0.522,0.016,0.462,0.560444444444
sp_Q5QGZ9_CL12A_HUMAN,117,L,B,0.187,0.455,0.046,0.498,0.565222222222
sp_Q5QGZ9_CL12A_HUMAN,118,C,E,0.406,0.353,0.048,0.598,0.591222222222
sp_Q5QGZ9_CL12A_HUMAN,119,R,E,0.457,0.353,0.048,0.598,0.609888888889
sp_Q5QGZ9_CL12A_HUMAN,120,E,E,0.41,0.353,0.048,0.598,0.617666666667
sp_Q5QGZ9_CL12A_HUMAN,121,L,B,0.152,0.268,0.043,0.689,0.627888888889
sp_Q5QGZ9_CL12A_HUMAN,122,Y,E,0.379,0.191,0.086,0.723,0.656333333333
sp_Q5QGZ9_CL12A_HUMAN,123,S,E,0.555,0.113,0.087,0.800,0.670333333333
sp_Q5QGZ9_CL12A_HUMAN,124,K,E,0.36,0.053,0.043,0.903,0.662111111111
sp_Q5QGZ9_CL12A_HUMAN,125,E,E,0.47,0.053,0.043,0.903,0.669666666667
sp_Q5QGZ9_CL12A_HUMAN,126,Q,E,0.473,0.053,0.043,0.903,0.664888888889
sp_Q5QGZ9_CL12A_HUMAN,127,E,E,0.606,0.053,0.043,0.903,0.657
sp_Q5QGZ9_CL12A_HUMAN,128,H,E,0.445,0.018,0.047,0.935,0.642111111111
sp_Q5QGZ9_CL12A_HUMAN,129,K,E,0.542,0.018,0.047,0.935,0.620666666667
sp_Q5QGZ9_CL12A_HUMAN,130,C,E,0.49,0.005,0.045,0.951,0.599444444444
sp_Q5QGZ9_CL12A_HUMAN,131,K,E,0.573,0.005,0.045,0.951,0.583777777778
sp_Q5QGZ9_CL12A_HUMAN,132,P,E,0.357,0.005,0.045,0.951,0.568222222222
sp_Q5QGZ9_CL12A_HUMAN,133,C,B,0.073,0.003,0.003,0.994,0.547444444444
sp_Q5QGZ9_CL12A_HUMAN,134,P,B,0.256,0.016,0.005,0.979,0.533111111111
sp_Q5QGZ9_CL12A_HUMAN,135,R,E,0.737,0.016,0.005,0.979,0.525666666667
sp_Q5QGZ9_CL12A_HUMAN,136,R,E,0.556,0.016,0.005,0.979,0.507666666667
sp_Q5QGZ9_CL12A_HUMAN,137,W,B,0.079,0.018,0.088,0.893,0.509666666667
sp_Q5QGZ9_CL12A_HUMAN,138,I,E,0.375,0.004,0.616,0.381,0.518222222222
sp_Q5QGZ9_CL12A_HUMAN,139,W,E,0.367,0.002,0.816,0.182,0.515888888889
sp_Q5QGZ9_CL12A_HUMAN,140,H,B,0.148,0.003,0.718,0.279,0.500333333333
sp_Q5QGZ9_CL12A_HUMAN,141,K,E,0.619,0.004,0.197,0.799,0.471888888889
sp_Q5QGZ9_CL12A_HUMAN,142,D,E,0.519,0.004,0.197,0.799,0.464444444444
sp_Q5QGZ9_CL12A_HUMAN,143,S,E,0.335,0.004,0.616,0.381,0.439111111111
sp_Q5QGZ9_CL12A_HUMAN,144,C,B,0.154,0.002,0.816,0.182,0.434777777778
sp_Q5QGZ9_CL12A_HUMAN,145,Y,B,0.04,0.001,0.900,0.099,0.442
sp_Q5QGZ9_CL12A_HUMAN,146,F,B,0.139,0.001,0.959,0.040,0.446222222222
sp_Q5QGZ9_CL12A_HUMAN,147,L,B,0.064,0.001,0.900,0.099,0.452222222222
sp_Q5QGZ9_CL12A_HUMAN,148,S,B,0.09,0.002,0.816,0.182,0.465
sp_Q5QGZ9_CL12A_HUMAN,149,D,E,0.447,0.024,0.655,0.322,0.480888888889
sp_Q5QGZ9_CL12A_HUMAN,150,D,E,0.38,0.004,0.336,0.660,0.506888888889
sp_Q5QGZ9_CL12A_HUMAN,151,V,E,0.565,0.022,0.359,0.619,0.523222222222
sp_Q5QGZ9_CL12A_HUMAN,152,Q,E,0.303,0.018,0.141,0.840,0.544777777778
sp_Q5QGZ9_CL12A_HUMAN,153,T,E,0.323,0.053,0.043,0.903,0.545333333333
sp_Q5QGZ9_CL12A_HUMAN,154,W,B,0.087,0.923,0.002,0.076,0.535888888889
sp_Q5QGZ9_CL12A_HUMAN,155,Q,E,0.598,0.923,0.002,0.076,0.531111111111
sp_Q5QGZ9_CL12A_HUMAN,156,E,E,0.426,0.923,0.002,0.076,0.514
sp_Q5QGZ9_CL12A_HUMAN,157,S,B,0.015,0.970,0.001,0.029,0.482555555556
sp_Q5QGZ9_CL12A_HUMAN,158,K,B,0.261,0.970,0.001,0.029,0.467444444444
sp_Q5QGZ9_CL12A_HUMAN,159,M,E,0.566,0.970,0.001,0.029,0.457555555556
sp_Q5QGZ9_CL12A_HUMAN,160,A,B,0.211,0.970,0.001,0.029,0.452222222222
sp_Q5QGZ9_CL12A_HUMAN,161,C,B,0.01,0.970,0.001,0.029,0.440888888889
sp_Q5QGZ9_CL12A_HUMAN,162,A,E,0.493,0.923,0.002,0.076,0.437111111111
sp_Q5QGZ9_CL12A_HUMAN,163,A,E,0.696,0.859,0.002,0.139,0.440333333333
sp_Q5QGZ9_CL12A_HUMAN,164,Q,E,0.333,0.406,0.004,0.591,0.423
sp_Q5QGZ9_CL12A_HUMAN,165,N,E,0.621,0.016,0.005,0.979,0.409666666667
sp_Q5QGZ9_CL12A_HUMAN,166,A,B,0.083,0.005,0.015,0.979,0.424
sp_Q5QGZ9_CL12A_HUMAN,167,S,E,0.297,0.004,0.263,0.733,0.404222222222
sp_Q5QGZ9_CL12A_HUMAN,168,L,B,0.042,0.003,0.718,0.279,0.405444444444
sp_Q5QGZ9_CL12A_HUMAN,169,L,B,0.039,0.002,0.816,0.182,0.406222222222
sp_Q5QGZ9_CL12A_HUMAN,170,K,B,0.213,0.002,0.816,0.182,0.425444444444
sp_Q5QGZ9_CL12A_HUMAN,171,I,B,0.053,0.002,0.816,0.182,0.435888888889
sp_Q5QGZ9_CL12A_HUMAN,172,N,E,0.367,0.004,0.336,0.660,0.431444444444
sp_Q5QGZ9_CL12A_HUMAN,173,N,E,0.234,0.018,0.047,0.935,0.442444444444
sp_Q5QGZ9_CL12A_HUMAN,174,K,E,0.517,0.923,0.002,0.076,0.466
sp_Q5QGZ9_CL12A_HUMAN,175,N,E,0.534,0.859,0.002,0.139,0.481222222222
sp_Q5QGZ9_CL12A_HUMAN,176,A,B,0.083,0.859,0.002,0.139,0.476333333333
sp_Q5QGZ9_CL12A_HUMAN,177,L,B,0.095,0.802,0.014,0.185,0.474888888889
sp_Q5QGZ9_CL12A_HUMAN,178,E,E,0.446,0.802,0.014,0.185,0.473444444444
sp_Q5QGZ9_CL12A_HUMAN,179,F,E,0.295,0.802,0.014,0.185,0.469555555556
sp_Q5QGZ9_CL12A_HUMAN,180,I,B,0.031,0.831,0.044,0.125,0.459222222222
sp_Q5QGZ9_CL12A_HUMAN,181,K,B,0.164,0.831,0.044,0.125,0.484666666667
sp_Q5QGZ9_CL12A_HUMAN,182,S,E,0.398,0.779,0.101,0.120,0.495333333333
sp_Q5QGZ9_CL12A_HUMAN,183,Q,B,0.227,0.660,0.049,0.291,0.490777777778
sp_Q5QGZ9_CL12A_HUMAN,184,S,B,0.14,0.455,0.046,0.498,0.487777777778
sp_Q5QGZ9_CL12A_HUMAN,185,R,E,0.476,0.184,0.043,0.773,0.506222222222
sp_Q5QGZ9_CL12A_HUMAN,186,S,E,0.451,0.053,0.043,0.903,0.498666666667
sp_Q5QGZ9_CL12A_HUMAN,187,Y,E,0.289,0.018,0.088,0.893,0.476222222222
sp_Q5QGZ9_CL12A_HUMAN,188,D,B,0.206,0.004,0.197,0.799,0.451888888889
sp_Q5QGZ9_CL12A_HUMAN,189,Y,B,0.052,0.004,0.616,0.381,0.435222222222
sp_Q5QGZ9_CL12A_HUMAN,190,W,B,0.025,0.002,0.816,0.182,0.402555555556
sp_Q5QGZ9_CL12A_HUMAN,191,L,B,0.014,0.001,0.900,0.099,0.384
sp_Q5QGZ9_CL12A_HUMAN,192,G,B,0.025,0.001,0.900,0.099,0.393
sp_Q5QGZ9_CL12A_HUMAN,193,L,B,0.022,0.002,0.816,0.182,0.396666666667
sp_Q5QGZ9_CL12A_HUMAN,194,S,B,0.102,0.002,0.816,0.182,0.416888888889
sp_Q5QGZ9_CL12A_HUMAN,195,P,B,0.163,0.003,0.718,0.279,0.441777777778
sp_Q5QGZ9_CL12A_HUMAN,196,E,E,0.326,0.022,0.359,0.619,0.470333333333
sp_Q5QGZ9_CL12A_HUMAN,197,E,E,0.501,0.018,0.047,0.935,0.491333333333
sp_Q5QGZ9_CL12A_HUMAN,198,D,E,0.69,0.005,0.015,0.979,0.507333333333
sp_Q5QGZ9_CL12A_HUMAN,199,S,E,0.738,0.005,0.015,0.979,0.520222222222
sp_Q5QGZ9_CL12A_HUMAN,200,T,E,0.329,0.004,0.138,0.858,0.521444444444
sp_Q5QGZ9_CL12A_HUMAN,201,R,E,0.456,0.004,0.616,0.381,0.512
sp_Q5QGZ9_CL12A_HUMAN,202,G,B,0.082,0.002,0.816,0.182,0.520555555556
sp_Q5QGZ9_CL12A_HUMAN,203,M,E,0.359,0.001,0.900,0.099,0.525666666667
sp_Q5QGZ9_CL12A_HUMAN,204,R,B,0.094,0.018,0.846,0.136,0.537666666667
sp_Q5QGZ9_CL12A_HUMAN,205,V,B,0.239,0.021,0.452,0.528,0.555777777778
sp_Q5QGZ9_CL12A_HUMAN,206,D,E,0.449,0.018,0.141,0.840,0.556666666667
sp_Q5QGZ9_CL12A_HUMAN,207,N,E,0.544,0.016,0.005,0.979,0.568222222222
sp_Q5QGZ9_CL12A_HUMAN,208,I,B,0.33,0.018,0.019,0.964,0.577444444444
sp_Q5QGZ9_CL12A_HUMAN,209,I,E,0.394,0.020,0.205,0.775,0.599444444444
sp_Q5QGZ9_CL12A_HUMAN,210,N,B,0.216,0.020,0.205,0.775,0.606111111111
sp_Q5QGZ9_CL12A_HUMAN,211,S,B,0.234,0.064,0.216,0.721,0.598
sp_Q5QGZ9_CL12A_HUMAN,212,S,B,0.291,0.056,0.142,0.802,0.597
sp_Q5QGZ9_CL12A_HUMAN,213,A,E,0.36,0.056,0.142,0.802,0.597
sp_Q5QGZ9_CL12A_HUMAN,214,W,B,0.134,0.056,0.142,0.802,0.592666666667
sp_Q5QGZ9_CL12A_HUMAN,215,V,B,0.22,0.056,0.142,0.802,0.590555555556
sp_Q5QGZ9_CL12A_HUMAN,216,I,E,0.503,0.052,0.084,0.864,0.606444444444
sp_Q5QGZ9_CL12A_HUMAN,217,R,E,0.555,0.053,0.043,0.903,0.610888888889
sp_Q5QGZ9_CL12A_HUMAN,218,N,E,0.501,0.018,0.019,0.964,0.609
sp_Q5QGZ9_CL12A_HUMAN,219,A,B,0.271,0.018,0.019,0.964,0.616222222222
sp_Q5QGZ9_CL12A_HUMAN,220,P,E,0.503,0.018,0.019,0.964,0.607555555556
sp_Q5QGZ9_CL12A_HUMAN,221,D,E,0.508,0.003,0.003,0.994,0.592333333333
sp_Q5QGZ9_CL12A_HUMAN,222,L,E,0.474,0.003,0.003,0.994,0.561111111111
sp_Q5QGZ9_CL12A_HUMAN,223,N,E,0.707,0.003,0.003,0.994,0.533
sp_Q5QGZ9_CL12A_HUMAN,224,N,E,0.562,0.005,0.015,0.979,0.512888888889
sp_Q5QGZ9_CL12A_HUMAN,225,M,E,0.296,0.004,0.138,0.858,0.485222222222
sp_Q5QGZ9_CL12A_HUMAN,226,Y,B,0.234,0.004,0.420,0.576,0.46
sp_Q5QGZ9_CL12A_HUMAN,227,C,B,0.016,0.002,0.816,0.182,0.449222222222
sp_Q5QGZ9_CL12A_HUMAN,228,G,B,0.028,0.001,0.959,0.040,0.449111111111
sp_Q5QGZ9_CL12A_HUMAN,229,Y,B,0.155,0.001,0.959,0.040,0.458333333333
sp_Q5QGZ9_CL12A_HUMAN,230,I,B,0.035,0.001,0.959,0.040,0.462555555556
sp_Q5QGZ9_CL12A_HUMAN,231,N,E,0.29,0.003,0.718,0.279,0.458666666667
sp_Q5QGZ9_CL12A_HUMAN,232,R,E,0.589,0.005,0.045,0.951,0.475
sp_Q5QGZ9_CL12A_HUMAN,233,L,E,0.48,0.005,0.015,0.979,0.499555555556
sp_Q5QGZ9_CL12A_HUMAN,234,Y,E,0.354,0.004,0.336,0.660,0.512666666667
sp_Q5QGZ9_CL12A_HUMAN,235,V,B,0.065,0.003,0.718,0.279,0.533
sp_Q5QGZ9_CL12A_HUMAN,236,Q,E,0.346,0.024,0.655,0.322,0.527444444444
sp_Q5QGZ9_CL12A_HUMAN,237,Y,E,0.344,0.022,0.552,0.426,0.519111111111
sp_Q5QGZ9_CL12A_HUMAN,238,Y,E,0.437,0.021,0.452,0.528,0.518888888889
sp_Q5QGZ9_CL12A_HUMAN,239,H,E,0.561,0.064,0.216,0.721,0.520777777778
sp_Q5QGZ9_CL12A_HUMAN,240,C,B,0.067,0.053,0.043,0.903,0.533444444444
sp_Q5QGZ9_CL12A_HUMAN,241,T,E,0.523,0.113,0.043,0.844,0.530222222222
sp_Q5QGZ9_CL12A_HUMAN,242,Y,E,0.493,0.053,0.043,0.903,0.513222222222
sp_Q5QGZ9_CL12A_HUMAN,243,K,E,0.607,0.052,0.084,0.864,0.503111111111
sp_Q5QGZ9_CL12A_HUMAN,244,K,B,0.18,0.020,0.205,0.775,0.471666666667
sp_Q5QGZ9_CL12A_HUMAN,245,R,B,0.269,0.022,0.359,0.619,0.475
sp_Q5QGZ9_CL12A_HUMAN,246,M,B,0.043,0.021,0.756,0.223,0.475555555556
sp_Q5QGZ9_CL12A_HUMAN,247,I,B,0.036,0.018,0.846,0.136,0.477555555556
sp_Q5QGZ9_CL12A_HUMAN,248,C,B,0.015,0.011,0.918,0.071,0.485
sp_Q5QGZ9_CL12A_HUMAN,249,E,B,0.195,0.018,0.846,0.136,0.497333333333
sp_Q5QGZ9_CL12A_HUMAN,250,K,B,0.296,0.004,0.420,0.576,0.500888888889
sp_Q5QGZ9_CL12A_HUMAN,251,M,E,0.484,0.004,0.138,0.858,0.507444444444
sp_Q5QGZ9_CL12A_HUMAN,252,A,E,0.481,0.005,0.015,0.979,0.529111111111
sp_Q5QGZ9_CL12A_HUMAN,253,N,E,0.692,0.005,0.045,0.951,0.560888888889
sp_Q5QGZ9_CL12A_HUMAN,254,P,E,0.585,0.005,0.045,0.951,0.575111111111
sp_Q5QGZ9_CL12A_HUMAN,255,V,B,0.18,0.005,0.045,0.951,0.591444444444
sp_Q5QGZ9_CL12A_HUMAN,256,Q,E,0.618,0.005,0.015,0.979,0.592555555556
sp_Q5QGZ9_CL12A_HUMAN,257,L,E,0.424,0.005,0.015,0.979,0.593555555556
sp_Q5QGZ9_CL12A_HUMAN,258,G,E,0.585,0.003,0.003,0.994,0.592333333333
sp_Q5QGZ9_CL12A_HUMAN,259,S,E,0.436,0.003,0.003,0.994,0.604666666667
sp_Q5QGZ9_CL12A_HUMAN,260,T,E,0.354,0.018,0.047,0.935,0.622666666667
sp_Q5QGZ9_CL12A_HUMAN,261,Y,E,0.293,0.018,0.141,0.840,0.614888888889
sp_Q5QGZ9_CL12A_HUMAN,262,F,E,0.364,0.020,0.205,0.775,0.550111111111
sp_Q5QGZ9_CL12A_HUMAN,263,R,E,0.545,0.021,0.279,0.699,0.483
sp_Q5QGZ9_CL12A_HUMAN,264,E,E,0.539,0.020,0.205,0.775,0.409666666667
sp_Q5QGZ9_CL12A_HUMAN,265,A,E,0.689,0.003,0.003,0.994,0.343111111111
