Entry,Position,AminoAcid,Exposed/Buried,RelativeSurfaceAccessilibity,HelixProbability,SheetProbability,CoilProbability,EpitopeProbability
sp_Q9HC73_CRLF2_HUMAN,1,M,E,0.676,0.003,0.003,0.994,0.194888888889
sp_Q9HC73_CRLF2_HUMAN,2,G,E,0.331,0.181,0.017,0.803,0.231333333333
sp_Q9HC73_CRLF2_HUMAN,3,R,E,0.333,0.561,0.047,0.393,0.268444444444
sp_Q9HC73_CRLF2_HUMAN,4,L,B,0.198,0.878,0.010,0.111,0.294444444444
sp_Q9HC73_CRLF2_HUMAN,5,V,B,0.114,0.938,0.007,0.055,0.317888888889
sp_Q9HC73_CRLF2_HUMAN,6,L,B,0.131,0.975,0.003,0.022,0.320888888889
sp_Q9HC73_CRLF2_HUMAN,7,L,B,0.193,0.970,0.001,0.029,0.31
sp_Q9HC73_CRLF2_HUMAN,8,W,B,0.159,0.970,0.001,0.029,0.307
sp_Q9HC73_CRLF2_HUMAN,9,G,B,0.141,0.970,0.001,0.029,0.289888888889
sp_Q9HC73_CRLF2_HUMAN,10,A,B,0.206,0.970,0.001,0.029,0.279777777778
sp_Q9HC73_CRLF2_HUMAN,11,A,B,0.11,0.970,0.001,0.029,0.270666666667
sp_Q9HC73_CRLF2_HUMAN,12,V,B,0.145,0.970,0.001,0.029,0.269
sp_Q9HC73_CRLF2_HUMAN,13,F,B,0.148,0.970,0.001,0.029,0.281222222222
sp_Q9HC73_CRLF2_HUMAN,14,L,B,0.113,0.938,0.007,0.055,0.296777777778
sp_Q9HC73_CRLF2_HUMAN,15,L,B,0.061,0.938,0.007,0.055,0.306888888889
sp_Q9HC73_CRLF2_HUMAN,16,G,B,0.108,0.782,0.003,0.215,0.321
sp_Q9HC73_CRLF2_HUMAN,17,G,B,0.084,0.502,0.002,0.495,0.325
sp_Q9HC73_CRLF2_HUMAN,18,W,B,0.087,0.406,0.004,0.591,0.355111111111
sp_Q9HC73_CRLF2_HUMAN,19,M,B,0.063,0.430,0.016,0.555,0.394222222222
sp_Q9HC73_CRLF2_HUMAN,20,A,B,0.081,0.353,0.048,0.598,0.434222222222
sp_Q9HC73_CRLF2_HUMAN,21,L,B,0.078,0.184,0.043,0.773,0.465444444444
sp_Q9HC73_CRLF2_HUMAN,22,G,B,0.192,0.052,0.084,0.864,0.495777777778
sp_Q9HC73_CRLF2_HUMAN,23,Q,E,0.47,0.018,0.088,0.893,0.513777777778
sp_Q9HC73_CRLF2_HUMAN,24,G,B,0.287,0.018,0.047,0.935,0.538444444444
sp_Q9HC73_CRLF2_HUMAN,25,G,E,0.328,0.018,0.047,0.935,0.552333333333
sp_Q9HC73_CRLF2_HUMAN,26,A,E,0.307,0.018,0.019,0.964,0.565444444444
sp_Q9HC73_CRLF2_HUMAN,27,A,E,0.754,0.016,0.005,0.979,0.559888888889
sp_Q9HC73_CRLF2_HUMAN,28,E,E,0.616,0.018,0.019,0.964,0.524777777778
sp_Q9HC73_CRLF2_HUMAN,29,G,E,0.329,0.005,0.015,0.979,0.504111111111
sp_Q9HC73_CRLF2_HUMAN,30,V,E,0.474,0.004,0.197,0.799,0.468222222222
sp_Q9HC73_CRLF2_HUMAN,31,Q,E,0.472,0.004,0.420,0.576,0.457666666667
sp_Q9HC73_CRLF2_HUMAN,32,I,B,0.042,0.003,0.718,0.279,0.444333333333
sp_Q9HC73_CRLF2_HUMAN,33,Q,B,0.254,0.001,0.900,0.099,0.437
sp_Q9HC73_CRLF2_HUMAN,34,I,B,0.018,0.001,0.959,0.040,0.437777777778
sp_Q9HC73_CRLF2_HUMAN,35,I,B,0.203,0.001,0.959,0.040,0.439888888889
sp_Q9HC73_CRLF2_HUMAN,36,Y,B,0.092,0.001,0.900,0.099,0.446222222222
sp_Q9HC73_CRLF2_HUMAN,37,F,E,0.374,0.004,0.514,0.481,0.454555555556
sp_Q9HC73_CRLF2_HUMAN,38,N,E,0.499,0.005,0.045,0.951,0.429222222222
sp_Q9HC73_CRLF2_HUMAN,39,L,E,0.346,0.005,0.045,0.951,0.431888888889
sp_Q9HC73_CRLF2_HUMAN,40,E,E,0.431,0.004,0.514,0.481,0.392111111111
sp_Q9HC73_CRLF2_HUMAN,41,T,E,0.335,0.003,0.718,0.279,0.391444444444
sp_Q9HC73_CRLF2_HUMAN,42,V,B,0.025,0.001,0.900,0.099,0.367777777778
sp_Q9HC73_CRLF2_HUMAN,43,Q,B,0.258,0.001,0.959,0.040,0.365333333333
sp_Q9HC73_CRLF2_HUMAN,44,V,B,0.017,0.001,0.959,0.040,0.367444444444
sp_Q9HC73_CRLF2_HUMAN,45,T,B,0.226,0.001,0.959,0.040,0.362222222222
sp_Q9HC73_CRLF2_HUMAN,46,W,B,0.047,0.001,0.900,0.099,0.385666666667
sp_Q9HC73_CRLF2_HUMAN,47,N,E,0.425,0.004,0.616,0.381,0.422555555556
sp_Q9HC73_CRLF2_HUMAN,48,A,E,0.51,0.004,0.138,0.858,0.452444444444
sp_Q9HC73_CRLF2_HUMAN,49,S,E,0.734,0.005,0.015,0.979,0.495555555556
sp_Q9HC73_CRLF2_HUMAN,50,K,E,0.611,0.005,0.015,0.979,0.509
sp_Q9HC73_CRLF2_HUMAN,51,Y,E,0.491,0.005,0.045,0.951,0.533888888889
sp_Q9HC73_CRLF2_HUMAN,52,S,E,0.445,0.004,0.085,0.910,0.512777777778
sp_Q9HC73_CRLF2_HUMAN,53,R,E,0.613,0.004,0.085,0.910,0.492555555556
sp_Q9HC73_CRLF2_HUMAN,54,T,B,0.184,0.004,0.336,0.660,0.472111111111
sp_Q9HC73_CRLF2_HUMAN,55,N,E,0.411,0.003,0.718,0.279,0.446444444444
sp_Q9HC73_CRLF2_HUMAN,56,L,B,0.051,0.001,0.900,0.099,0.432777777778
sp_Q9HC73_CRLF2_HUMAN,57,T,B,0.118,0.001,0.959,0.040,0.411555555556
sp_Q9HC73_CRLF2_HUMAN,58,F,B,0.028,0.001,0.959,0.040,0.404666666667
sp_Q9HC73_CRLF2_HUMAN,59,H,B,0.12,0.001,0.959,0.040,0.411555555556
sp_Q9HC73_CRLF2_HUMAN,60,Y,B,0.042,0.011,0.918,0.071,0.419
sp_Q9HC73_CRLF2_HUMAN,61,R,B,0.178,0.001,0.959,0.040,0.459555555556
sp_Q9HC73_CRLF2_HUMAN,62,F,B,0.224,0.001,0.900,0.099,0.491333333333
sp_Q9HC73_CRLF2_HUMAN,63,N,E,0.346,0.004,0.263,0.733,0.510444444444
sp_Q9HC73_CRLF2_HUMAN,64,G,E,0.606,0.005,0.045,0.951,0.524777777778
sp_Q9HC73_CRLF2_HUMAN,65,D,E,0.646,0.005,0.015,0.979,0.553444444444
sp_Q9HC73_CRLF2_HUMAN,66,E,E,0.654,0.018,0.047,0.935,0.573222222222
sp_Q9HC73_CRLF2_HUMAN,67,A,E,0.545,0.020,0.205,0.775,0.568555555556
sp_Q9HC73_CRLF2_HUMAN,68,Y,E,0.395,0.022,0.359,0.619,0.576
sp_Q9HC73_CRLF2_HUMAN,69,D,E,0.467,0.021,0.452,0.528,0.578888888889
sp_Q9HC73_CRLF2_HUMAN,70,Q,E,0.544,0.022,0.359,0.619,0.574444444444
sp_Q9HC73_CRLF2_HUMAN,71,C,B,0.054,0.018,0.141,0.840,0.578777777778
sp_Q9HC73_CRLF2_HUMAN,72,T,E,0.421,0.018,0.141,0.840,0.596888888889
sp_Q9HC73_CRLF2_HUMAN,73,N,E,0.531,0.021,0.279,0.699,0.615444444444
sp_Q9HC73_CRLF2_HUMAN,74,Y,B,0.249,0.022,0.359,0.619,0.610333333333
sp_Q9HC73_CRLF2_HUMAN,75,L,E,0.435,0.021,0.452,0.528,0.620666666667
sp_Q9HC73_CRLF2_HUMAN,76,L,E,0.355,0.021,0.279,0.699,0.636777777778
sp_Q9HC73_CRLF2_HUMAN,77,Q,E,0.647,0.018,0.141,0.840,0.624333333333
sp_Q9HC73_CRLF2_HUMAN,78,E,E,0.651,0.005,0.015,0.979,0.607777777778
sp_Q9HC73_CRLF2_HUMAN,79,G,E,0.573,0.005,0.045,0.951,0.582111111111
sp_Q9HC73_CRLF2_HUMAN,80,H,E,0.416,0.004,0.336,0.660,0.530333333333
sp_Q9HC73_CRLF2_HUMAN,81,T,E,0.379,0.004,0.616,0.381,0.497666666667
sp_Q9HC73_CRLF2_HUMAN,82,S,B,0.105,0.003,0.718,0.279,0.446333333333
sp_Q9HC73_CRLF2_HUMAN,83,G,B,0.22,0.002,0.816,0.182,0.425777777778
sp_Q9HC73_CRLF2_HUMAN,84,C,B,0.028,0.001,0.900,0.099,0.413333333333
sp_Q9HC73_CRLF2_HUMAN,85,L,E,0.317,0.001,0.900,0.099,0.411666666667
sp_Q9HC73_CRLF2_HUMAN,86,L,B,0.04,0.024,0.655,0.322,0.412
sp_Q9HC73_CRLF2_HUMAN,87,D,E,0.307,0.004,0.514,0.481,0.437777777778
sp_Q9HC73_CRLF2_HUMAN,88,A,E,0.354,0.004,0.197,0.799,0.455
sp_Q9HC73_CRLF2_HUMAN,89,E,E,0.56,0.004,0.138,0.858,0.482888888889
sp_Q9HC73_CRLF2_HUMAN,90,Q,E,0.439,0.004,0.263,0.733,0.489111111111
sp_Q9HC73_CRLF2_HUMAN,91,R,E,0.311,0.004,0.336,0.660,0.511777777778
sp_Q9HC73_CRLF2_HUMAN,92,D,E,0.302,0.004,0.514,0.481,0.512222222222
sp_Q9HC73_CRLF2_HUMAN,93,D,E,0.362,0.003,0.718,0.279,0.490888888889
sp_Q9HC73_CRLF2_HUMAN,94,I,B,0.222,0.002,0.816,0.182,0.468777777778
sp_Q9HC73_CRLF2_HUMAN,95,L,B,0.122,0.001,0.959,0.040,0.438111111111
sp_Q9HC73_CRLF2_HUMAN,96,Y,B,0.17,0.001,0.959,0.040,0.417555555556
sp_Q9HC73_CRLF2_HUMAN,97,F,B,0.025,0.001,0.959,0.040,0.398222222222
sp_Q9HC73_CRLF2_HUMAN,98,S,B,0.086,0.001,0.959,0.040,0.396
sp_Q9HC73_CRLF2_HUMAN,99,I,B,0.018,0.001,0.959,0.040,0.408111111111
sp_Q9HC73_CRLF2_HUMAN,100,R,B,0.151,0.001,0.959,0.040,0.429555555556
sp_Q9HC73_CRLF2_HUMAN,101,N,B,0.069,0.001,0.900,0.099,0.446777777778
sp_Q9HC73_CRLF2_HUMAN,102,G,E,0.336,0.004,0.514,0.481,0.472333333333
sp_Q9HC73_CRLF2_HUMAN,103,T,E,0.325,0.004,0.263,0.733,0.505
sp_Q9HC73_CRLF2_HUMAN,104,H,E,0.459,0.004,0.420,0.576,0.543777777778
sp_Q9HC73_CRLF2_HUMAN,105,P,E,0.459,0.004,0.420,0.576,0.546222222222
sp_Q9HC73_CRLF2_HUMAN,106,V,B,0.277,0.004,0.420,0.576,0.562
sp_Q9HC73_CRLF2_HUMAN,107,F,E,0.462,0.004,0.336,0.660,0.561888888889
sp_Q9HC73_CRLF2_HUMAN,108,T,E,0.441,0.004,0.263,0.733,0.548555555556
sp_Q9HC73_CRLF2_HUMAN,109,A,E,0.468,0.004,0.616,0.381,0.522888888889
sp_Q9HC73_CRLF2_HUMAN,110,S,E,0.4,0.003,0.718,0.279,0.505666666667
sp_Q9HC73_CRLF2_HUMAN,111,R,B,0.161,0.003,0.718,0.279,0.493666666667
sp_Q9HC73_CRLF2_HUMAN,112,W,E,0.41,0.004,0.514,0.481,0.469333333333
sp_Q9HC73_CRLF2_HUMAN,113,M,B,0.151,0.004,0.514,0.481,0.425333333333
sp_Q9HC73_CRLF2_HUMAN,114,V,B,0.27,0.004,0.616,0.381,0.425
sp_Q9HC73_CRLF2_HUMAN,115,Y,B,0.141,0.002,0.816,0.182,0.419555555556
sp_Q9HC73_CRLF2_HUMAN,116,Y,B,0.162,0.001,0.900,0.099,0.418444444444
sp_Q9HC73_CRLF2_HUMAN,117,L,B,0.024,0.001,0.959,0.040,0.413444444444
sp_Q9HC73_CRLF2_HUMAN,118,K,E,0.225,0.002,0.816,0.182,0.421444444444
sp_Q9HC73_CRLF2_HUMAN,119,P,B,0.06,0.004,0.420,0.576,0.433222222222
sp_Q9HC73_CRLF2_HUMAN,120,S,E,0.487,0.005,0.045,0.951,0.438555555556
sp_Q9HC73_CRLF2_HUMAN,121,S,B,0.167,0.003,0.003,0.994,0.433777777778
sp_Q9HC73_CRLF2_HUMAN,122,P,B,0.131,0.005,0.015,0.979,0.472444444444
sp_Q9HC73_CRLF2_HUMAN,123,K,E,0.487,0.004,0.085,0.910,0.466444444444
sp_Q9HC73_CRLF2_HUMAN,124,H,E,0.46,0.004,0.336,0.660,0.465555555556
sp_Q9HC73_CRLF2_HUMAN,125,V,B,0.109,0.003,0.718,0.279,0.477111111111
sp_Q9HC73_CRLF2_HUMAN,126,R,E,0.413,0.001,0.900,0.099,0.497
sp_Q9HC73_CRLF2_HUMAN,127,F,B,0.11,0.001,0.959,0.040,0.509111111111
sp_Q9HC73_CRLF2_HUMAN,128,S,E,0.451,0.001,0.900,0.099,0.502888888889
sp_Q9HC73_CRLF2_HUMAN,129,W,E,0.403,0.002,0.816,0.182,0.490555555556
sp_Q9HC73_CRLF2_HUMAN,130,H,E,0.427,0.004,0.514,0.481,0.476222222222
sp_Q9HC73_CRLF2_HUMAN,131,Q,E,0.668,0.005,0.015,0.979,0.457222222222
sp_Q9HC73_CRLF2_HUMAN,132,D,E,0.443,0.005,0.045,0.951,0.424111111111
sp_Q9HC73_CRLF2_HUMAN,133,A,B,0.211,0.003,0.718,0.279,0.419444444444
sp_Q9HC73_CRLF2_HUMAN,134,V,B,0.061,0.001,0.900,0.099,0.388111111111
sp_Q9HC73_CRLF2_HUMAN,135,T,B,0.157,0.006,0.962,0.032,0.383111111111
sp_Q9HC73_CRLF2_HUMAN,136,V,B,0.037,0.001,0.959,0.040,0.391444444444
sp_Q9HC73_CRLF2_HUMAN,137,T,B,0.234,0.001,0.959,0.040,0.404444444444
sp_Q9HC73_CRLF2_HUMAN,138,C,B,0.075,0.002,0.816,0.182,0.43
sp_Q9HC73_CRLF2_HUMAN,139,S,E,0.442,0.004,0.420,0.576,0.460555555556
sp_Q9HC73_CRLF2_HUMAN,140,D,E,0.51,0.005,0.045,0.951,0.475222222222
sp_Q9HC73_CRLF2_HUMAN,141,L,E,0.268,0.005,0.015,0.979,0.512555555556
sp_Q9HC73_CRLF2_HUMAN,142,S,E,0.533,0.005,0.015,0.979,0.510666666667
sp_Q9HC73_CRLF2_HUMAN,143,Y,E,0.457,0.005,0.015,0.979,0.534111111111
sp_Q9HC73_CRLF2_HUMAN,144,G,E,0.363,0.004,0.085,0.910,0.508888888889
sp_Q9HC73_CRLF2_HUMAN,145,D,E,0.368,0.004,0.420,0.576,0.479222222222
sp_Q9HC73_CRLF2_HUMAN,146,L,B,0.045,0.002,0.816,0.182,0.447555555556
sp_Q9HC73_CRLF2_HUMAN,147,L,E,0.251,0.001,0.959,0.040,0.426222222222
sp_Q9HC73_CRLF2_HUMAN,148,Y,B,0.039,0.001,0.959,0.040,0.408888888889
sp_Q9HC73_CRLF2_HUMAN,149,E,B,0.119,0.001,0.959,0.040,0.407555555556
sp_Q9HC73_CRLF2_HUMAN,150,V,B,0.018,0.001,0.983,0.017,0.411666666667
sp_Q9HC73_CRLF2_HUMAN,151,Q,B,0.184,0.001,0.983,0.017,0.428
sp_Q9HC73_CRLF2_HUMAN,152,Y,B,0.084,0.001,0.959,0.040,0.438555555556
sp_Q9HC73_CRLF2_HUMAN,153,R,B,0.266,0.001,0.959,0.040,0.471888888889
sp_Q9HC73_CRLF2_HUMAN,154,S,E,0.423,0.002,0.816,0.182,0.483666666667
sp_Q9HC73_CRLF2_HUMAN,155,P,E,0.598,0.004,0.197,0.799,0.509666666667
sp_Q9HC73_CRLF2_HUMAN,156,F,E,0.725,0.005,0.045,0.951,0.514444444444
sp_Q9HC73_CRLF2_HUMAN,157,D,E,0.65,0.005,0.045,0.951,0.531222222222
sp_Q9HC73_CRLF2_HUMAN,158,T,E,0.664,0.004,0.138,0.858,0.542444444444
sp_Q9HC73_CRLF2_HUMAN,159,E,E,0.541,0.004,0.514,0.481,0.549111111111
sp_Q9HC73_CRLF2_HUMAN,160,W,B,0.235,0.002,0.816,0.182,0.552888888889
sp_Q9HC73_CRLF2_HUMAN,161,Q,E,0.44,0.001,0.900,0.099,0.545888888889
sp_Q9HC73_CRLF2_HUMAN,162,S,E,0.505,0.001,0.900,0.099,0.545111111111
sp_Q9HC73_CRLF2_HUMAN,163,K,E,0.265,0.001,0.900,0.099,0.553777777778
sp_Q9HC73_CRLF2_HUMAN,164,Q,E,0.607,0.002,0.816,0.182,0.536555555556
sp_Q9HC73_CRLF2_HUMAN,165,E,E,0.263,0.004,0.420,0.576,0.534888888889
sp_Q9HC73_CRLF2_HUMAN,166,N,E,0.677,0.004,0.197,0.799,0.506888888889
sp_Q9HC73_CRLF2_HUMAN,167,T,E,0.576,0.004,0.263,0.733,0.492
sp_Q9HC73_CRLF2_HUMAN,168,C,B,0.264,0.003,0.718,0.279,0.473222222222
sp_Q9HC73_CRLF2_HUMAN,169,N,E,0.371,0.001,0.900,0.099,0.467555555556
sp_Q9HC73_CRLF2_HUMAN,170,V,B,0.086,0.001,0.959,0.040,0.472888888889
sp_Q9HC73_CRLF2_HUMAN,171,T,E,0.281,0.001,0.959,0.040,0.452555555556
sp_Q9HC73_CRLF2_HUMAN,172,I,B,0.147,0.018,0.846,0.136,0.452222222222
sp_Q9HC73_CRLF2_HUMAN,173,E,E,0.411,0.022,0.552,0.426,0.458
sp_Q9HC73_CRLF2_HUMAN,174,G,E,0.347,0.004,0.263,0.733,0.463111111111
sp_Q9HC73_CRLF2_HUMAN,175,L,B,0.075,0.004,0.138,0.858,0.483777777778
sp_Q9HC73_CRLF2_HUMAN,176,D,E,0.456,0.004,0.085,0.910,0.484111111111
sp_Q9HC73_CRLF2_HUMAN,177,A,E,0.405,0.005,0.045,0.951,0.483777777778
sp_Q9HC73_CRLF2_HUMAN,178,E,E,0.547,0.005,0.015,0.979,0.472555555556
sp_Q9HC73_CRLF2_HUMAN,179,K,B,0.197,0.004,0.263,0.733,0.452333333333
sp_Q9HC73_CRLF2_HUMAN,180,C,E,0.341,0.002,0.816,0.182,0.450222222222
sp_Q9HC73_CRLF2_HUMAN,181,Y,B,0.047,0.001,0.959,0.040,0.421777777778
sp_Q9HC73_CRLF2_HUMAN,182,S,B,0.14,0.001,0.959,0.040,0.418555555556
sp_Q9HC73_CRLF2_HUMAN,183,F,B,0.013,0.001,0.959,0.040,0.395222222222
sp_Q9HC73_CRLF2_HUMAN,184,W,B,0.076,0.001,0.959,0.040,0.396333333333
sp_Q9HC73_CRLF2_HUMAN,185,V,B,0.013,0.001,0.959,0.040,0.395555555556
sp_Q9HC73_CRLF2_HUMAN,186,R,B,0.056,0.001,0.959,0.040,0.404444444444
sp_Q9HC73_CRLF2_HUMAN,187,V,B,0.017,0.002,0.816,0.182,0.428
sp_Q9HC73_CRLF2_HUMAN,188,K,B,0.195,0.022,0.552,0.426,0.459666666667
sp_Q9HC73_CRLF2_HUMAN,189,A,B,0.182,0.021,0.452,0.528,0.487888888889
sp_Q9HC73_CRLF2_HUMAN,190,M,E,0.308,0.021,0.279,0.699,0.541888888889
sp_Q9HC73_CRLF2_HUMAN,191,E,E,0.455,0.052,0.084,0.864,0.562111111111
sp_Q9HC73_CRLF2_HUMAN,192,D,E,0.458,0.052,0.084,0.864,0.598555555556
sp_Q9HC73_CRLF2_HUMAN,193,V,E,0.376,0.056,0.142,0.802,0.610666666667
sp_Q9HC73_CRLF2_HUMAN,194,Y,E,0.368,0.052,0.084,0.864,0.631111111111
sp_Q9HC73_CRLF2_HUMAN,195,G,E,0.49,0.018,0.047,0.935,0.64
sp_Q9HC73_CRLF2_HUMAN,196,P,E,0.495,0.018,0.047,0.935,0.622
sp_Q9HC73_CRLF2_HUMAN,197,D,E,0.561,0.018,0.047,0.935,0.601888888889
sp_Q9HC73_CRLF2_HUMAN,198,T,E,0.364,0.018,0.088,0.893,0.589888888889
sp_Q9HC73_CRLF2_HUMAN,199,Y,E,0.334,0.018,0.141,0.840,0.557444444444
sp_Q9HC73_CRLF2_HUMAN,200,P,B,0.124,0.018,0.141,0.840,0.548222222222
sp_Q9HC73_CRLF2_HUMAN,201,S,B,0.111,0.018,0.141,0.840,0.542666666667
sp_Q9HC73_CRLF2_HUMAN,202,D,E,0.457,0.018,0.141,0.840,0.533333333333
sp_Q9HC73_CRLF2_HUMAN,203,W,B,0.147,0.018,0.088,0.893,0.515555555556
sp_Q9HC73_CRLF2_HUMAN,204,S,B,0.131,0.018,0.088,0.893,0.506444444444
sp_Q9HC73_CRLF2_HUMAN,205,E,E,0.48,0.020,0.205,0.775,0.500777777778
sp_Q9HC73_CRLF2_HUMAN,206,V,E,0.4,0.022,0.359,0.619,0.500111111111
sp_Q9HC73_CRLF2_HUMAN,207,T,B,0.169,0.021,0.756,0.223,0.499777777778
sp_Q9HC73_CRLF2_HUMAN,208,C,E,0.361,0.018,0.846,0.136,0.508777777778
sp_Q9HC73_CRLF2_HUMAN,209,W,B,0.135,0.018,0.846,0.136,0.526333333333
sp_Q9HC73_CRLF2_HUMAN,210,Q,E,0.371,0.003,0.718,0.279,0.530555555556
sp_Q9HC73_CRLF2_HUMAN,211,R,B,0.147,0.004,0.420,0.576,0.554444444444
sp_Q9HC73_CRLF2_HUMAN,212,G,E,0.476,0.021,0.279,0.699,0.571222222222
sp_Q9HC73_CRLF2_HUMAN,213,E,E,0.606,0.052,0.084,0.864,0.583111111111
sp_Q9HC73_CRLF2_HUMAN,214,I,E,0.506,0.053,0.043,0.903,0.598222222222
sp_Q9HC73_CRLF2_HUMAN,215,R,E,0.574,0.116,0.016,0.868,0.609666666667
sp_Q9HC73_CRLF2_HUMAN,216,D,E,0.621,0.116,0.016,0.868,0.618333333333
sp_Q9HC73_CRLF2_HUMAN,217,A,E,0.417,0.113,0.043,0.844,0.616444444444
sp_Q9HC73_CRLF2_HUMAN,218,C,E,0.451,0.052,0.084,0.864,0.614222222222
sp_Q9HC73_CRLF2_HUMAN,219,A,E,0.414,0.052,0.084,0.864,0.610888888889
sp_Q9HC73_CRLF2_HUMAN,220,E,E,0.539,0.113,0.087,0.800,0.590666666667
sp_Q9HC73_CRLF2_HUMAN,221,T,E,0.349,0.113,0.043,0.844,0.585
sp_Q9HC73_CRLF2_HUMAN,222,P,E,0.509,0.116,0.016,0.868,0.582666666667
sp_Q9HC73_CRLF2_HUMAN,223,T,E,0.514,0.181,0.017,0.803,0.586333333333
sp_Q9HC73_CRLF2_HUMAN,224,P,E,0.303,0.176,0.004,0.820,0.583111111111
sp_Q9HC73_CRLF2_HUMAN,225,P,B,0.273,0.321,0.003,0.675,0.571666666667
sp_Q9HC73_CRLF2_HUMAN,226,K,E,0.321,0.502,0.002,0.495,0.565888888889
sp_Q9HC73_CRLF2_HUMAN,227,P,B,0.307,0.694,0.003,0.303,0.548666666667
sp_Q9HC73_CRLF2_HUMAN,228,K,B,0.28,0.782,0.003,0.215,0.538666666667
sp_Q9HC73_CRLF2_HUMAN,229,L,B,0.288,0.859,0.002,0.139,0.529666666667
sp_Q9HC73_CRLF2_HUMAN,230,S,B,0.2,0.859,0.002,0.139,0.506444444444
sp_Q9HC73_CRLF2_HUMAN,231,K,E,0.325,0.923,0.002,0.076,0.478111111111
sp_Q9HC73_CRLF2_HUMAN,232,F,E,0.286,0.970,0.001,0.029,0.445888888889
sp_Q9HC73_CRLF2_HUMAN,233,I,E,0.302,0.970,0.001,0.029,0.421666666667
sp_Q9HC73_CRLF2_HUMAN,234,L,B,0.225,0.970,0.001,0.029,0.399333333333
sp_Q9HC73_CRLF2_HUMAN,235,I,E,0.245,0.970,0.001,0.029,0.382333333333
sp_Q9HC73_CRLF2_HUMAN,236,S,B,0.261,0.970,0.001,0.029,0.372222222222
sp_Q9HC73_CRLF2_HUMAN,237,S,E,0.31,0.988,0.000,0.012,0.354111111111
sp_Q9HC73_CRLF2_HUMAN,238,L,B,0.247,0.988,0.000,0.012,0.322888888889
sp_Q9HC73_CRLF2_HUMAN,239,A,B,0.219,0.988,0.000,0.012,0.299666666667
sp_Q9HC73_CRLF2_HUMAN,240,I,B,0.225,0.988,0.000,0.012,0.280777777778
sp_Q9HC73_CRLF2_HUMAN,241,L,B,0.246,0.988,0.000,0.012,0.272
sp_Q9HC73_CRLF2_HUMAN,242,L,B,0.246,0.988,0.000,0.012,0.258888888889
sp_Q9HC73_CRLF2_HUMAN,243,M,B,0.152,0.988,0.000,0.012,0.246
sp_Q9HC73_CRLF2_HUMAN,244,V,B,0.205,0.988,0.000,0.012,0.238888888889
sp_Q9HC73_CRLF2_HUMAN,245,S,B,0.2,0.988,0.000,0.012,0.225222222222
sp_Q9HC73_CRLF2_HUMAN,246,L,B,0.146,0.988,0.000,0.012,0.215444444444
sp_Q9HC73_CRLF2_HUMAN,247,L,B,0.103,0.988,0.000,0.012,0.230222222222
sp_Q9HC73_CRLF2_HUMAN,248,L,B,0.116,0.975,0.003,0.022,0.264888888889
sp_Q9HC73_CRLF2_HUMAN,249,L,B,0.104,0.975,0.003,0.022,0.307444444444
sp_Q9HC73_CRLF2_HUMAN,250,S,B,0.093,0.970,0.001,0.029,0.340444444444
sp_Q9HC73_CRLF2_HUMAN,251,L,B,0.134,0.970,0.001,0.029,0.382666666667
sp_Q9HC73_CRLF2_HUMAN,252,W,B,0.201,0.923,0.002,0.076,0.427555555556
sp_Q9HC73_CRLF2_HUMAN,253,K,B,0.287,0.878,0.010,0.111,0.443555555556
sp_Q9HC73_CRLF2_HUMAN,254,L,B,0.235,0.717,0.014,0.269,0.469111111111
sp_Q9HC73_CRLF2_HUMAN,255,W,E,0.428,0.622,0.015,0.363,0.507888888889
sp_Q9HC73_CRLF2_HUMAN,256,R,E,0.332,0.561,0.047,0.393,0.525111111111
sp_Q9HC73_CRLF2_HUMAN,257,V,B,0.13,0.386,0.097,0.517,0.513888888889
sp_Q9HC73_CRLF2_HUMAN,258,K,B,0.187,0.321,0.252,0.427,0.497444444444
sp_Q9HC73_CRLF2_HUMAN,259,K,E,0.475,0.373,0.401,0.226,0.497666666667
sp_Q9HC73_CRLF2_HUMAN,260,F,E,0.278,0.268,0.505,0.227,0.486777777778
sp_Q9HC73_CRLF2_HUMAN,261,L,B,0.079,0.069,0.386,0.545,0.469666666667
sp_Q9HC73_CRLF2_HUMAN,262,I,B,0.139,0.018,0.141,0.840,0.476777777778
sp_Q9HC73_CRLF2_HUMAN,263,P,B,0.254,0.005,0.015,0.979,0.478111111111
sp_Q9HC73_CRLF2_HUMAN,264,S,E,0.398,0.005,0.015,0.979,0.460333333333
sp_Q9HC73_CRLF2_HUMAN,265,V,B,0.06,0.005,0.015,0.979,0.481333333333
sp_Q9HC73_CRLF2_HUMAN,266,P,B,0.218,0.003,0.003,0.994,0.511666666667
sp_Q9HC73_CRLF2_HUMAN,267,D,E,0.438,0.003,0.003,0.994,0.528777777778
sp_Q9HC73_CRLF2_HUMAN,268,P,B,0.111,0.018,0.019,0.964,0.514555555556
sp_Q9HC73_CRLF2_HUMAN,269,K,E,0.6,0.018,0.019,0.964,0.518666666667
sp_Q9HC73_CRLF2_HUMAN,270,S,E,0.516,0.018,0.047,0.935,0.529444444444
sp_Q9HC73_CRLF2_HUMAN,271,I,E,0.43,0.053,0.043,0.903,0.527888888889
sp_Q9HC73_CRLF2_HUMAN,272,F,B,0.148,0.018,0.019,0.964,0.527111111111
sp_Q9HC73_CRLF2_HUMAN,273,P,E,0.538,0.116,0.016,0.868,0.544111111111
sp_Q9HC73_CRLF2_HUMAN,274,G,E,0.526,0.184,0.043,0.773,0.535111111111
sp_Q9HC73_CRLF2_HUMAN,275,L,B,0.103,0.191,0.086,0.723,0.538555555556
sp_Q9HC73_CRLF2_HUMAN,276,F,B,0.173,0.199,0.152,0.649,0.546111111111
sp_Q9HC73_CRLF2_HUMAN,277,E,E,0.423,0.125,0.227,0.648,0.572444444444
sp_Q9HC73_CRLF2_HUMAN,278,I,E,0.349,0.125,0.227,0.648,0.578111111111
sp_Q9HC73_CRLF2_HUMAN,279,H,E,0.423,0.064,0.216,0.721,0.571
sp_Q9HC73_CRLF2_HUMAN,280,Q,E,0.648,0.018,0.088,0.893,0.586444444444
sp_Q9HC73_CRLF2_HUMAN,281,G,E,0.419,0.018,0.047,0.935,0.593
sp_Q9HC73_CRLF2_HUMAN,282,N,E,0.569,0.052,0.084,0.864,0.594111111111
sp_Q9HC73_CRLF2_HUMAN,283,F,B,0.118,0.125,0.227,0.648,0.590222222222
sp_Q9HC73_CRLF2_HUMAN,284,Q,E,0.481,0.135,0.317,0.548,0.588111111111
sp_Q9HC73_CRLF2_HUMAN,285,E,E,0.542,0.216,0.235,0.548,0.589
sp_Q9HC73_CRLF2_HUMAN,286,W,B,0.183,0.307,0.165,0.527,0.590333333333
sp_Q9HC73_CRLF2_HUMAN,287,I,B,0.187,0.191,0.086,0.723,0.612777777778
sp_Q9HC73_CRLF2_HUMAN,288,T,E,0.413,0.053,0.043,0.903,0.626444444444
sp_Q9HC73_CRLF2_HUMAN,289,D,E,0.35,0.018,0.047,0.935,0.610333333333
sp_Q9HC73_CRLF2_HUMAN,290,T,E,0.41,0.018,0.047,0.935,0.615
sp_Q9HC73_CRLF2_HUMAN,291,Q,E,0.53,0.058,0.017,0.925,0.617444444444
sp_Q9HC73_CRLF2_HUMAN,292,N,E,0.432,0.018,0.019,0.964,0.613888888889
sp_Q9HC73_CRLF2_HUMAN,293,V,B,0.129,0.058,0.017,0.925,0.606888888889
sp_Q9HC73_CRLF2_HUMAN,294,A,E,0.357,0.116,0.016,0.868,0.611666666667
sp_Q9HC73_CRLF2_HUMAN,295,H,E,0.612,0.116,0.016,0.868,0.605333333333
sp_Q9HC73_CRLF2_HUMAN,296,L,E,0.355,0.116,0.016,0.868,0.584333333333
sp_Q9HC73_CRLF2_HUMAN,297,H,B,0.187,0.113,0.043,0.844,0.578111111111
sp_Q9HC73_CRLF2_HUMAN,298,K,E,0.4,0.018,0.047,0.935,0.585555555556
sp_Q9HC73_CRLF2_HUMAN,299,M,B,0.238,0.018,0.047,0.935,0.590555555556
sp_Q9HC73_CRLF2_HUMAN,300,A,E,0.59,0.018,0.088,0.893,0.592555555556
sp_Q9HC73_CRLF2_HUMAN,301,G,B,0.236,0.018,0.088,0.893,0.607333333333
sp_Q9HC73_CRLF2_HUMAN,302,A,B,0.2,0.018,0.047,0.935,0.609111111111
sp_Q9HC73_CRLF2_HUMAN,303,E,E,0.635,0.053,0.043,0.903,0.609222222222
sp_Q9HC73_CRLF2_HUMAN,304,Q,E,0.416,0.058,0.017,0.925,0.612
sp_Q9HC73_CRLF2_HUMAN,305,E,E,0.558,0.058,0.017,0.925,0.617333333333
sp_Q9HC73_CRLF2_HUMAN,306,S,B,0.246,0.058,0.017,0.925,0.624666666667
sp_Q9HC73_CRLF2_HUMAN,307,G,E,0.503,0.053,0.043,0.903,0.636888888889
sp_Q9HC73_CRLF2_HUMAN,308,P,E,0.331,0.052,0.084,0.864,0.629111111111
sp_Q9HC73_CRLF2_HUMAN,309,E,E,0.486,0.064,0.216,0.721,0.626555555556
sp_Q9HC73_CRLF2_HUMAN,310,E,E,0.399,0.066,0.296,0.638,0.619
sp_Q9HC73_CRLF2_HUMAN,311,P,E,0.527,0.066,0.296,0.638,0.618
sp_Q9HC73_CRLF2_HUMAN,312,L,B,0.255,0.064,0.216,0.721,0.610222222222
sp_Q9HC73_CRLF2_HUMAN,313,V,E,0.395,0.064,0.216,0.721,0.610555555556
sp_Q9HC73_CRLF2_HUMAN,314,V,E,0.439,0.056,0.142,0.802,0.600777777778
sp_Q9HC73_CRLF2_HUMAN,315,Q,E,0.606,0.056,0.142,0.802,0.591222222222
sp_Q9HC73_CRLF2_HUMAN,316,L,E,0.465,0.053,0.043,0.903,0.579666666667
sp_Q9HC73_CRLF2_HUMAN,317,A,E,0.638,0.053,0.043,0.903,0.574222222222
sp_Q9HC73_CRLF2_HUMAN,318,K,E,0.705,0.018,0.019,0.964,0.572888888889
sp_Q9HC73_CRLF2_HUMAN,319,T,E,0.597,0.018,0.019,0.964,0.573555555556
sp_Q9HC73_CRLF2_HUMAN,320,E,E,0.532,0.058,0.017,0.925,0.570777777778
sp_Q9HC73_CRLF2_HUMAN,321,A,E,0.616,0.058,0.017,0.925,0.579111111111
sp_Q9HC73_CRLF2_HUMAN,322,E,E,0.715,0.116,0.016,0.868,0.568111111111
sp_Q9HC73_CRLF2_HUMAN,323,S,E,0.488,0.116,0.016,0.868,0.564222222222
sp_Q9HC73_CRLF2_HUMAN,324,P,E,0.513,0.058,0.017,0.925,0.567444444444
sp_Q9HC73_CRLF2_HUMAN,325,R,E,0.665,0.058,0.017,0.925,0.568666666667
sp_Q9HC73_CRLF2_HUMAN,326,M,E,0.398,0.018,0.019,0.964,0.565444444444
sp_Q9HC73_CRLF2_HUMAN,327,L,E,0.334,0.018,0.019,0.964,0.561444444444
sp_Q9HC73_CRLF2_HUMAN,328,D,E,0.399,0.018,0.019,0.964,0.561888888889
sp_Q9HC73_CRLF2_HUMAN,329,P,E,0.582,0.018,0.019,0.964,0.565222222222
sp_Q9HC73_CRLF2_HUMAN,330,Q,E,0.692,0.018,0.019,0.964,0.560555555556
sp_Q9HC73_CRLF2_HUMAN,331,T,E,0.493,0.018,0.019,0.964,0.579666666667
sp_Q9HC73_CRLF2_HUMAN,332,E,E,0.648,0.018,0.019,0.964,0.586111111111
sp_Q9HC73_CRLF2_HUMAN,333,E,E,0.62,0.058,0.017,0.925,0.592777777778
sp_Q9HC73_CRLF2_HUMAN,334,K,E,0.675,0.058,0.017,0.925,0.597222222222
sp_Q9HC73_CRLF2_HUMAN,335,E,E,0.468,0.058,0.017,0.925,0.609777777778
sp_Q9HC73_CRLF2_HUMAN,336,A,E,0.732,0.053,0.043,0.903,0.614111111111
sp_Q9HC73_CRLF2_HUMAN,337,S,E,0.559,0.018,0.047,0.935,0.608333333333
sp_Q9HC73_CRLF2_HUMAN,338,G,E,0.452,0.018,0.019,0.964,0.618222222222
sp_Q9HC73_CRLF2_HUMAN,339,G,E,0.507,0.018,0.019,0.964,0.615111111111
sp_Q9HC73_CRLF2_HUMAN,340,S,E,0.389,0.018,0.019,0.964,0.614333333333
sp_Q9HC73_CRLF2_HUMAN,341,L,B,0.255,0.018,0.047,0.935,0.625333333333
sp_Q9HC73_CRLF2_HUMAN,342,Q,E,0.463,0.018,0.019,0.964,0.626777777778
sp_Q9HC73_CRLF2_HUMAN,343,L,B,0.29,0.005,0.015,0.979,0.627555555556
sp_Q9HC73_CRLF2_HUMAN,344,P,E,0.382,0.005,0.015,0.979,0.631333333333
sp_Q9HC73_CRLF2_HUMAN,345,H,E,0.466,0.003,0.003,0.994,0.639222222222
sp_Q9HC73_CRLF2_HUMAN,346,Q,E,0.434,0.003,0.003,0.994,0.640555555556
sp_Q9HC73_CRLF2_HUMAN,347,P,B,0.189,0.003,0.003,0.994,0.616555555556
sp_Q9HC73_CRLF2_HUMAN,348,L,E,0.319,0.016,0.005,0.979,0.609777777778
sp_Q9HC73_CRLF2_HUMAN,349,Q,E,0.656,0.018,0.019,0.964,0.595
sp_Q9HC73_CRLF2_HUMAN,350,G,E,0.714,0.018,0.019,0.964,0.583111111111
sp_Q9HC73_CRLF2_HUMAN,351,G,B,0.214,0.018,0.019,0.964,0.583555555556
sp_Q9HC73_CRLF2_HUMAN,352,D,E,0.525,0.018,0.047,0.935,0.579666666667
sp_Q9HC73_CRLF2_HUMAN,353,V,E,0.451,0.018,0.088,0.893,0.572111111111
sp_Q9HC73_CRLF2_HUMAN,354,V,E,0.329,0.018,0.088,0.893,0.560222222222
sp_Q9HC73_CRLF2_HUMAN,355,T,E,0.431,0.018,0.088,0.893,0.552666666667
sp_Q9HC73_CRLF2_HUMAN,356,I,E,0.343,0.018,0.047,0.935,0.557777777778
sp_Q9HC73_CRLF2_HUMAN,357,G,E,0.505,0.005,0.015,0.979,0.548111111111
sp_Q9HC73_CRLF2_HUMAN,358,G,E,0.599,0.003,0.003,0.994,0.543777777778
sp_Q9HC73_CRLF2_HUMAN,359,F,B,0.191,0.018,0.019,0.964,0.530444444444
sp_Q9HC73_CRLF2_HUMAN,360,T,E,0.444,0.018,0.141,0.840,0.526
sp_Q9HC73_CRLF2_HUMAN,361,F,B,0.109,0.021,0.452,0.528,0.521777777778
sp_Q9HC73_CRLF2_HUMAN,362,V,B,0.181,0.024,0.655,0.322,0.518
sp_Q9HC73_CRLF2_HUMAN,363,M,B,0.093,0.021,0.452,0.528,0.512555555556
sp_Q9HC73_CRLF2_HUMAN,364,N,B,0.317,0.018,0.141,0.840,0.507333333333
sp_Q9HC73_CRLF2_HUMAN,365,D,E,0.389,0.018,0.019,0.964,0.504333333333
sp_Q9HC73_CRLF2_HUMAN,366,R,B,0.321,0.018,0.088,0.893,0.513
sp_Q9HC73_CRLF2_HUMAN,367,S,B,0.147,0.021,0.279,0.699,0.507111111111
sp_Q9HC73_CRLF2_HUMAN,368,Y,B,0.175,0.024,0.655,0.322,0.456888888889
sp_Q9HC73_CRLF2_HUMAN,369,V,B,0.248,0.024,0.655,0.322,0.393666666667
sp_Q9HC73_CRLF2_HUMAN,370,A,E,0.304,0.021,0.452,0.528,0.334555555556
sp_Q9HC73_CRLF2_HUMAN,371,L,E,0.45,0.018,0.019,0.964,0.272111111111
