Entry,Position,AminoAcid,Exposed/Buried,RelativeSurfaceAccessilibity,HelixProbability,SheetProbability,CoilProbability,EpitopeProbability
sp_P16422_EPCAM_HUMAN,1,M,E,0.843,0.003,0.003,0.994,0.216555555556
sp_P16422_EPCAM_HUMAN,2,A,E,0.654,0.053,0.004,0.942,0.267
sp_P16422_EPCAM_HUMAN,3,P,E,0.402,0.246,0.004,0.750,0.310333333333
sp_P16422_EPCAM_HUMAN,4,P,E,0.372,0.782,0.003,0.215,0.359111111111
sp_P16422_EPCAM_HUMAN,5,Q,E,0.358,0.970,0.001,0.029,0.388333333333
sp_P16422_EPCAM_HUMAN,6,V,B,0.152,0.975,0.003,0.022,0.367333333333
sp_P16422_EPCAM_HUMAN,7,L,B,0.07,0.975,0.003,0.022,0.361222222222
sp_P16422_EPCAM_HUMAN,8,A,B,0.222,0.975,0.003,0.022,0.341666666667
sp_P16422_EPCAM_HUMAN,9,F,B,0.087,0.970,0.001,0.029,0.317777777778
sp_P16422_EPCAM_HUMAN,10,G,B,0.096,0.970,0.001,0.029,0.276888888889
sp_P16422_EPCAM_HUMAN,11,L,B,0.118,0.988,0.000,0.012,0.243888888889
sp_P16422_EPCAM_HUMAN,12,L,B,0.098,0.988,0.000,0.012,0.219111111111
sp_P16422_EPCAM_HUMAN,13,L,B,0.126,0.970,0.001,0.029,0.206
sp_P16422_EPCAM_HUMAN,14,A,B,0.116,0.970,0.001,0.029,0.216222222222
sp_P16422_EPCAM_HUMAN,15,A,B,0.087,0.970,0.001,0.029,0.233222222222
sp_P16422_EPCAM_HUMAN,16,A,B,0.152,0.923,0.002,0.076,0.234777777778
sp_P16422_EPCAM_HUMAN,17,T,B,0.209,0.859,0.002,0.139,0.267222222222
sp_P16422_EPCAM_HUMAN,18,A,B,0.145,0.802,0.014,0.185,0.290333333333
sp_P16422_EPCAM_HUMAN,19,T,B,0.162,0.717,0.014,0.269,0.333444444444
sp_P16422_EPCAM_HUMAN,20,F,B,0.135,0.717,0.014,0.269,0.376888888889
sp_P16422_EPCAM_HUMAN,21,A,E,0.311,0.751,0.050,0.199,0.418
sp_P16422_EPCAM_HUMAN,22,A,B,0.268,0.660,0.049,0.291,0.445444444444
sp_P16422_EPCAM_HUMAN,23,A,E,0.287,0.455,0.046,0.498,0.456444444444
sp_P16422_EPCAM_HUMAN,24,Q,E,0.405,0.116,0.016,0.868,0.476333333333
sp_P16422_EPCAM_HUMAN,25,E,E,0.753,0.018,0.019,0.964,0.485888888889
sp_P16422_EPCAM_HUMAN,26,E,E,0.651,0.018,0.019,0.964,0.490555555556
sp_P16422_EPCAM_HUMAN,27,C,B,0.06,0.020,0.205,0.775,0.504777777778
sp_P16422_EPCAM_HUMAN,28,V,E,0.452,0.021,0.452,0.528,0.513222222222
sp_P16422_EPCAM_HUMAN,29,C,B,0.069,0.021,0.452,0.528,0.514444444444
sp_P16422_EPCAM_HUMAN,30,E,E,0.52,0.021,0.452,0.528,0.517
sp_P16422_EPCAM_HUMAN,31,N,E,0.503,0.022,0.359,0.619,0.503777777778
sp_P16422_EPCAM_HUMAN,32,Y,B,0.276,0.021,0.279,0.699,0.501888888889
sp_P16422_EPCAM_HUMAN,33,K,E,0.434,0.021,0.452,0.528,0.498777777778
sp_P16422_EPCAM_HUMAN,34,L,B,0.185,0.022,0.552,0.426,0.497777777778
sp_P16422_EPCAM_HUMAN,35,A,B,0.132,0.024,0.655,0.322,0.5
sp_P16422_EPCAM_HUMAN,36,V,B,0.208,0.024,0.655,0.322,0.501222222222
sp_P16422_EPCAM_HUMAN,37,N,B,0.268,0.022,0.552,0.426,0.500888888889
sp_P16422_EPCAM_HUMAN,38,C,B,0.051,0.022,0.359,0.619,0.506666666667
sp_P16422_EPCAM_HUMAN,39,F,E,0.484,0.020,0.205,0.775,0.508222222222
sp_P16422_EPCAM_HUMAN,40,V,E,0.385,0.018,0.088,0.893,0.520777777778
sp_P16422_EPCAM_HUMAN,41,N,E,0.47,0.005,0.015,0.979,0.535111111111
sp_P16422_EPCAM_HUMAN,42,N,E,0.674,0.003,0.003,0.994,0.526333333333
sp_P16422_EPCAM_HUMAN,43,N,E,0.744,0.003,0.003,0.994,0.538111111111
sp_P16422_EPCAM_HUMAN,44,R,E,0.542,0.005,0.015,0.979,0.510555555556
sp_P16422_EPCAM_HUMAN,45,Q,E,0.493,0.004,0.138,0.858,0.497444444444
sp_P16422_EPCAM_HUMAN,46,C,B,0.043,0.004,0.420,0.576,0.486555555556
sp_P16422_EPCAM_HUMAN,47,Q,E,0.372,0.003,0.718,0.279,0.482222222222
sp_P16422_EPCAM_HUMAN,48,C,B,0.051,0.002,0.816,0.182,0.491888888889
sp_P16422_EPCAM_HUMAN,49,T,E,0.434,0.021,0.756,0.223,0.499666666667
sp_P16422_EPCAM_HUMAN,50,S,E,0.439,0.024,0.655,0.322,0.499444444444
sp_P16422_EPCAM_HUMAN,51,V,E,0.361,0.021,0.279,0.699,0.516
sp_P16422_EPCAM_HUMAN,52,G,E,0.434,0.018,0.141,0.840,0.520444444444
sp_P16422_EPCAM_HUMAN,53,A,E,0.455,0.052,0.084,0.864,0.541888888889
sp_P16422_EPCAM_HUMAN,54,Q,E,0.643,0.056,0.142,0.802,0.547555555556
sp_P16422_EPCAM_HUMAN,55,N,E,0.29,0.069,0.386,0.545,0.531666666667
sp_P16422_EPCAM_HUMAN,56,T,E,0.386,0.079,0.592,0.329,0.517333333333
sp_P16422_EPCAM_HUMAN,57,V,B,0.154,0.087,0.683,0.230,0.501555555556
sp_P16422_EPCAM_HUMAN,58,I,E,0.322,0.268,0.505,0.227,0.466333333333
sp_P16422_EPCAM_HUMAN,59,C,B,0.039,0.453,0.248,0.299,0.439333333333
sp_P16422_EPCAM_HUMAN,60,S,E,0.357,0.606,0.105,0.289,0.422333333333
sp_P16422_EPCAM_HUMAN,61,K,E,0.429,0.660,0.049,0.291,0.407555555556
sp_P16422_EPCAM_HUMAN,62,L,B,0.083,0.717,0.014,0.269,0.384333333333
sp_P16422_EPCAM_HUMAN,63,A,B,0.083,0.717,0.014,0.269,0.380777777778
sp_P16422_EPCAM_HUMAN,64,A,E,0.343,0.802,0.014,0.185,0.382333333333
sp_P16422_EPCAM_HUMAN,65,K,B,0.296,0.802,0.014,0.185,0.366888888889
sp_P16422_EPCAM_HUMAN,66,C,B,0.035,0.831,0.044,0.125,0.349444444444
sp_P16422_EPCAM_HUMAN,67,L,B,0.14,0.831,0.044,0.125,0.356555555556
sp_P16422_EPCAM_HUMAN,68,V,B,0.114,0.870,0.077,0.053,0.368666666667
sp_P16422_EPCAM_HUMAN,69,M,B,0.103,0.779,0.101,0.120,0.369
sp_P16422_EPCAM_HUMAN,70,K,B,0.218,0.779,0.101,0.120,0.404
sp_P16422_EPCAM_HUMAN,71,A,B,0.155,0.779,0.101,0.120,0.445444444444
sp_P16422_EPCAM_HUMAN,72,E,E,0.35,0.701,0.107,0.192,0.465444444444
sp_P16422_EPCAM_HUMAN,73,M,B,0.213,0.502,0.102,0.396,0.499777777778
sp_P16422_EPCAM_HUMAN,74,N,E,0.391,0.268,0.043,0.689,0.546777777778
sp_P16422_EPCAM_HUMAN,75,G,E,0.547,0.113,0.043,0.844,0.581444444444
sp_P16422_EPCAM_HUMAN,76,S,E,0.48,0.113,0.043,0.844,0.616222222222
sp_P16422_EPCAM_HUMAN,77,K,E,0.521,0.113,0.087,0.800,0.646777777778
sp_P16422_EPCAM_HUMAN,78,L,E,0.419,0.113,0.043,0.844,0.677777777778
sp_P16422_EPCAM_HUMAN,79,G,E,0.452,0.053,0.043,0.903,0.676333333333
sp_P16422_EPCAM_HUMAN,80,R,E,0.446,0.052,0.084,0.864,0.668444444444
sp_P16422_EPCAM_HUMAN,81,R,E,0.508,0.052,0.084,0.864,0.665333333333
sp_P16422_EPCAM_HUMAN,82,A,E,0.359,0.052,0.084,0.864,0.651777777778
sp_P16422_EPCAM_HUMAN,83,K,E,0.463,0.018,0.047,0.935,0.623777777778
sp_P16422_EPCAM_HUMAN,84,P,B,0.21,0.052,0.084,0.864,0.591333333333
sp_P16422_EPCAM_HUMAN,85,E,E,0.444,0.064,0.216,0.721,0.572111111111
sp_P16422_EPCAM_HUMAN,86,G,E,0.325,0.021,0.452,0.528,0.564555555556
sp_P16422_EPCAM_HUMAN,87,A,B,0.128,0.022,0.552,0.426,0.552111111111
sp_P16422_EPCAM_HUMAN,88,L,B,0.103,0.021,0.756,0.223,0.545555555556
sp_P16422_EPCAM_HUMAN,89,Q,B,0.238,0.024,0.655,0.322,0.551777777778
sp_P16422_EPCAM_HUMAN,90,N,E,0.394,0.022,0.359,0.619,0.544888888889
sp_P16422_EPCAM_HUMAN,91,N,E,0.421,0.018,0.047,0.935,0.549888888889
sp_P16422_EPCAM_HUMAN,92,D,E,0.491,0.018,0.047,0.935,0.548666666667
sp_P16422_EPCAM_HUMAN,93,G,B,0.232,0.020,0.205,0.775,0.568
sp_P16422_EPCAM_HUMAN,94,L,B,0.153,0.021,0.279,0.699,0.574111111111
sp_P16422_EPCAM_HUMAN,95,Y,B,0.244,0.021,0.279,0.699,0.554555555556
sp_P16422_EPCAM_HUMAN,96,D,E,0.303,0.018,0.047,0.935,0.556222222222
sp_P16422_EPCAM_HUMAN,97,P,E,0.376,0.018,0.047,0.935,0.545
sp_P16422_EPCAM_HUMAN,98,D,E,0.645,0.018,0.047,0.935,0.530444444444
sp_P16422_EPCAM_HUMAN,99,C,B,0.076,0.018,0.047,0.935,0.520444444444
sp_P16422_EPCAM_HUMAN,100,D,E,0.493,0.018,0.019,0.964,0.512888888889
sp_P16422_EPCAM_HUMAN,101,E,E,0.795,0.018,0.019,0.964,0.515444444444
sp_P16422_EPCAM_HUMAN,102,S,E,0.714,0.018,0.019,0.964,0.515555555556
sp_P16422_EPCAM_HUMAN,103,G,B,0.263,0.018,0.047,0.935,0.499444444444
sp_P16422_EPCAM_HUMAN,104,L,E,0.364,0.022,0.359,0.619,0.506888888889
sp_P16422_EPCAM_HUMAN,105,F,B,0.098,0.024,0.655,0.322,0.495555555556
sp_P16422_EPCAM_HUMAN,106,K,E,0.415,0.024,0.655,0.322,0.483222222222
sp_P16422_EPCAM_HUMAN,107,A,B,0.181,0.024,0.655,0.322,0.502888888889
sp_P16422_EPCAM_HUMAN,108,K,E,0.431,0.021,0.756,0.223,0.514555555556
sp_P16422_EPCAM_HUMAN,109,Q,E,0.445,0.024,0.655,0.322,0.509333333333
sp_P16422_EPCAM_HUMAN,110,C,B,0.092,0.020,0.205,0.775,0.511333333333
sp_P16422_EPCAM_HUMAN,111,N,E,0.584,0.018,0.047,0.935,0.495333333333
sp_P16422_EPCAM_HUMAN,112,G,E,0.639,0.018,0.019,0.964,0.478777777778
sp_P16422_EPCAM_HUMAN,113,T,E,0.365,0.018,0.088,0.893,0.456666666667
sp_P16422_EPCAM_HUMAN,114,S,E,0.483,0.021,0.279,0.699,0.422444444444
sp_P16422_EPCAM_HUMAN,115,M,B,0.184,0.022,0.552,0.426,0.403222222222
sp_P16422_EPCAM_HUMAN,116,C,B,0.029,0.021,0.756,0.223,0.371555555556
sp_P16422_EPCAM_HUMAN,117,W,B,0.07,0.018,0.846,0.136,0.360777777778
sp_P16422_EPCAM_HUMAN,118,C,B,0.028,0.018,0.846,0.136,0.365888888889
sp_P16422_EPCAM_HUMAN,119,V,B,0.056,0.021,0.756,0.223,0.372777777778
sp_P16422_EPCAM_HUMAN,120,N,B,0.189,0.022,0.552,0.426,0.389666666667
sp_P16422_EPCAM_HUMAN,121,T,B,0.251,0.021,0.279,0.699,0.427111111111
sp_P16422_EPCAM_HUMAN,122,A,B,0.247,0.064,0.216,0.721,0.452444444444
sp_P16422_EPCAM_HUMAN,123,G,E,0.312,0.066,0.296,0.638,0.502111111111
sp_P16422_EPCAM_HUMAN,124,V,B,0.136,0.069,0.386,0.545,0.549666666667
sp_P16422_EPCAM_HUMAN,125,R,E,0.345,0.021,0.452,0.528,0.574888888889
sp_P16422_EPCAM_HUMAN,126,R,E,0.359,0.069,0.386,0.545,0.593333333333
sp_P16422_EPCAM_HUMAN,127,T,E,0.395,0.056,0.142,0.802,0.604888888889
sp_P16422_EPCAM_HUMAN,128,D,E,0.551,0.052,0.084,0.864,0.607888888889
sp_P16422_EPCAM_HUMAN,129,K,E,0.592,0.053,0.043,0.903,0.596333333333
sp_P16422_EPCAM_HUMAN,130,D,E,0.549,0.052,0.084,0.864,0.590333333333
sp_P16422_EPCAM_HUMAN,131,T,E,0.447,0.056,0.142,0.802,0.569666666667
sp_P16422_EPCAM_HUMAN,132,E,E,0.679,0.064,0.216,0.721,0.554777777778
sp_P16422_EPCAM_HUMAN,133,I,B,0.104,0.066,0.296,0.638,0.537666666667
sp_P16422_EPCAM_HUMAN,134,T,E,0.508,0.135,0.317,0.548,0.531333333333
sp_P16422_EPCAM_HUMAN,135,C,B,0.078,0.216,0.235,0.548,0.518444444444
sp_P16422_EPCAM_HUMAN,136,S,E,0.572,0.307,0.165,0.527,0.503333333333
sp_P16422_EPCAM_HUMAN,137,E,E,0.508,0.386,0.097,0.517,0.486444444444
sp_P16422_EPCAM_HUMAN,138,R,E,0.27,0.428,0.171,0.402,0.475333333333
sp_P16422_EPCAM_HUMAN,139,V,B,0.072,0.453,0.248,0.299,0.450222222222
sp_P16422_EPCAM_HUMAN,140,R,E,0.35,0.352,0.332,0.316,0.434333333333
sp_P16422_EPCAM_HUMAN,141,T,B,0.144,0.268,0.505,0.227,0.429666666667
sp_P16422_EPCAM_HUMAN,142,Y,B,0.118,0.087,0.683,0.230,0.405222222222
sp_P16422_EPCAM_HUMAN,143,W,B,0.081,0.072,0.855,0.073,0.391222222222
sp_P16422_EPCAM_HUMAN,144,I,B,0.036,0.056,0.913,0.030,0.368555555556
sp_P16422_EPCAM_HUMAN,145,I,B,0.117,0.011,0.918,0.071,0.371
sp_P16422_EPCAM_HUMAN,146,I,B,0.039,0.011,0.918,0.071,0.381555555556
sp_P16422_EPCAM_HUMAN,147,E,B,0.189,0.018,0.846,0.136,0.406333333333
sp_P16422_EPCAM_HUMAN,148,L,B,0.068,0.024,0.655,0.322,0.427777777778
sp_P16422_EPCAM_HUMAN,149,K,E,0.407,0.021,0.452,0.528,0.471666666667
sp_P16422_EPCAM_HUMAN,150,H,B,0.269,0.066,0.296,0.638,0.492222222222
sp_P16422_EPCAM_HUMAN,151,K,E,0.531,0.113,0.087,0.800,0.526666666667
sp_P16422_EPCAM_HUMAN,152,A,E,0.666,0.053,0.043,0.903,0.533555555556
sp_P16422_EPCAM_HUMAN,153,R,E,0.435,0.053,0.043,0.903,0.561111111111
sp_P16422_EPCAM_HUMAN,154,E,E,0.688,0.058,0.017,0.925,0.563666666667
sp_P16422_EPCAM_HUMAN,155,K,E,0.523,0.018,0.019,0.964,0.564333333333
sp_P16422_EPCAM_HUMAN,156,P,E,0.362,0.053,0.043,0.903,0.575666666667
sp_P16422_EPCAM_HUMAN,157,Y,B,0.188,0.053,0.043,0.903,0.583888888889
sp_P16422_EPCAM_HUMAN,158,D,E,0.505,0.058,0.017,0.925,0.560222222222
sp_P16422_EPCAM_HUMAN,159,S,E,0.378,0.694,0.003,0.303,0.554888888889
sp_P16422_EPCAM_HUMAN,160,K,E,0.644,0.859,0.002,0.139,0.548777777778
sp_P16422_EPCAM_HUMAN,161,S,E,0.327,0.923,0.002,0.076,0.540222222222
sp_P16422_EPCAM_HUMAN,162,L,B,0.035,0.970,0.001,0.029,0.507
sp_P16422_EPCAM_HUMAN,163,R,E,0.323,0.970,0.001,0.029,0.513555555556
sp_P16422_EPCAM_HUMAN,164,T,E,0.507,0.970,0.001,0.029,0.514444444444
sp_P16422_EPCAM_HUMAN,165,A,B,0.115,0.970,0.001,0.029,0.492888888889
sp_P16422_EPCAM_HUMAN,166,L,B,0.034,0.970,0.001,0.029,0.472666666667
sp_P16422_EPCAM_HUMAN,167,Q,E,0.42,0.970,0.001,0.029,0.490888888889
sp_P16422_EPCAM_HUMAN,168,K,E,0.6,0.923,0.002,0.076,0.481333333333
sp_P16422_EPCAM_HUMAN,169,E,B,0.229,0.923,0.002,0.076,0.478444444444
sp_P16422_EPCAM_HUMAN,170,I,B,0.062,0.859,0.002,0.139,0.493888888889
sp_P16422_EPCAM_HUMAN,171,T,E,0.46,0.782,0.003,0.215,0.534111111111
sp_P16422_EPCAM_HUMAN,172,T,E,0.667,0.502,0.002,0.495,0.514
sp_P16422_EPCAM_HUMAN,173,R,E,0.366,0.406,0.004,0.591,0.515666666667
sp_P16422_EPCAM_HUMAN,174,Y,B,0.163,0.257,0.016,0.727,0.519888888889
sp_P16422_EPCAM_HUMAN,175,Q,E,0.578,0.053,0.043,0.903,0.540888888889
sp_P16422_EPCAM_HUMAN,176,L,B,0.139,0.018,0.047,0.935,0.534888888889
sp_P16422_EPCAM_HUMAN,177,D,E,0.493,0.018,0.019,0.964,0.529555555556
sp_P16422_EPCAM_HUMAN,178,P,E,0.583,0.116,0.016,0.868,0.529666666667
sp_P16422_EPCAM_HUMAN,179,K,E,0.581,0.118,0.150,0.732,0.522444444444
sp_P16422_EPCAM_HUMAN,180,F,B,0.182,0.069,0.386,0.545,0.507111111111
sp_P16422_EPCAM_HUMAN,181,I,B,0.103,0.087,0.683,0.230,0.516666666667
sp_P16422_EPCAM_HUMAN,182,T,E,0.393,0.087,0.683,0.230,0.508222222222
sp_P16422_EPCAM_HUMAN,183,S,B,0.28,0.021,0.756,0.223,0.508222222222
sp_P16422_EPCAM_HUMAN,184,I,B,0.161,0.018,0.846,0.136,0.503666666667
sp_P16422_EPCAM_HUMAN,185,L,E,0.359,0.011,0.918,0.071,0.504111111111
sp_P16422_EPCAM_HUMAN,186,Y,E,0.31,0.018,0.846,0.136,0.505666666667
sp_P16422_EPCAM_HUMAN,187,E,E,0.469,0.004,0.420,0.576,0.481555555556
sp_P16422_EPCAM_HUMAN,188,N,E,0.603,0.005,0.045,0.951,0.476
sp_P16422_EPCAM_HUMAN,189,N,E,0.549,0.005,0.045,0.951,0.445333333333
sp_P16422_EPCAM_HUMAN,190,V,B,0.193,0.003,0.718,0.279,0.438
sp_P16422_EPCAM_HUMAN,191,I,B,0.07,0.001,0.959,0.040,0.410666666667
sp_P16422_EPCAM_HUMAN,192,T,B,0.151,0.001,0.959,0.040,0.404
sp_P16422_EPCAM_HUMAN,193,I,B,0.038,0.001,0.959,0.040,0.385555555556
sp_P16422_EPCAM_HUMAN,194,D,B,0.2,0.001,0.959,0.040,0.394666666667
sp_P16422_EPCAM_HUMAN,195,L,B,0.05,0.011,0.918,0.071,0.409333333333
sp_P16422_EPCAM_HUMAN,196,V,E,0.336,0.011,0.918,0.071,0.450666666667
sp_P16422_EPCAM_HUMAN,197,Q,E,0.312,0.021,0.756,0.223,0.490222222222
sp_P16422_EPCAM_HUMAN,198,N,E,0.504,0.021,0.452,0.528,0.541444444444
sp_P16422_EPCAM_HUMAN,199,S,E,0.503,0.020,0.205,0.775,0.565444444444
sp_P16422_EPCAM_HUMAN,200,S,E,0.555,0.018,0.088,0.893,0.608111111111
sp_P16422_EPCAM_HUMAN,201,Q,E,0.601,0.052,0.084,0.864,0.622333333333
sp_P16422_EPCAM_HUMAN,202,K,E,0.586,0.052,0.084,0.864,0.648
sp_P16422_EPCAM_HUMAN,203,T,E,0.356,0.053,0.043,0.903,0.634
sp_P16422_EPCAM_HUMAN,204,Q,E,0.547,0.053,0.043,0.903,0.631333333333
sp_P16422_EPCAM_HUMAN,205,N,E,0.44,0.053,0.043,0.903,0.601666666667
sp_P16422_EPCAM_HUMAN,206,D,E,0.422,0.056,0.142,0.802,0.563666666667
sp_P16422_EPCAM_HUMAN,207,V,B,0.115,0.135,0.317,0.548,0.539888888889
sp_P16422_EPCAM_HUMAN,208,D,B,0.236,0.148,0.418,0.435,0.508111111111
sp_P16422_EPCAM_HUMAN,209,I,B,0.071,0.373,0.401,0.226,0.480333333333
sp_P16422_EPCAM_HUMAN,210,A,B,0.157,0.352,0.332,0.316,0.468111111111
sp_P16422_EPCAM_HUMAN,211,D,B,0.235,0.478,0.309,0.214,0.446444444444
sp_P16422_EPCAM_HUMAN,212,V,B,0.065,0.478,0.309,0.214,0.439777777778
sp_P16422_EPCAM_HUMAN,213,A,B,0.067,0.373,0.401,0.226,0.437888888889
sp_P16422_EPCAM_HUMAN,214,Y,B,0.186,0.373,0.401,0.226,0.461777777778
sp_P16422_EPCAM_HUMAN,215,Y,B,0.159,0.373,0.401,0.226,0.475111111111
sp_P16422_EPCAM_HUMAN,216,F,B,0.112,0.352,0.332,0.316,0.477888888889
sp_P16422_EPCAM_HUMAN,217,E,E,0.33,0.216,0.235,0.548,0.517555555556
sp_P16422_EPCAM_HUMAN,218,K,E,0.467,0.199,0.152,0.649,0.541333333333
sp_P16422_EPCAM_HUMAN,219,D,E,0.389,0.118,0.150,0.732,0.554444444444
sp_P16422_EPCAM_HUMAN,220,V,B,0.101,0.125,0.227,0.648,0.573888888889
sp_P16422_EPCAM_HUMAN,221,K,E,0.551,0.064,0.216,0.721,0.584888888889
sp_P16422_EPCAM_HUMAN,222,G,E,0.454,0.066,0.296,0.638,0.583777777778
sp_P16422_EPCAM_HUMAN,223,E,E,0.332,0.066,0.296,0.638,0.582444444444
sp_P16422_EPCAM_HUMAN,224,S,E,0.426,0.066,0.296,0.638,0.581333333333
sp_P16422_EPCAM_HUMAN,225,L,B,0.148,0.069,0.386,0.545,0.601222222222
sp_P16422_EPCAM_HUMAN,226,F,B,0.14,0.069,0.386,0.545,0.595333333333
sp_P16422_EPCAM_HUMAN,227,H,E,0.374,0.066,0.296,0.638,0.581444444444
sp_P16422_EPCAM_HUMAN,228,S,E,0.441,0.018,0.141,0.840,0.579444444444
sp_P16422_EPCAM_HUMAN,229,K,E,0.552,0.020,0.205,0.775,0.560888888889
sp_P16422_EPCAM_HUMAN,230,K,E,0.556,0.021,0.279,0.699,0.555444444444
sp_P16422_EPCAM_HUMAN,231,M,B,0.124,0.022,0.359,0.619,0.540444444444
sp_P16422_EPCAM_HUMAN,232,D,E,0.542,0.022,0.552,0.426,0.536444444444
sp_P16422_EPCAM_HUMAN,233,L,B,0.165,0.024,0.655,0.322,0.537
sp_P16422_EPCAM_HUMAN,234,T,E,0.487,0.024,0.655,0.322,0.527333333333
sp_P16422_EPCAM_HUMAN,235,V,B,0.102,0.004,0.420,0.576,0.512111111111
sp_P16422_EPCAM_HUMAN,236,N,E,0.611,0.004,0.085,0.910,0.512111111111
sp_P16422_EPCAM_HUMAN,237,G,E,0.535,0.018,0.047,0.935,0.506555555556
sp_P16422_EPCAM_HUMAN,238,E,E,0.627,0.021,0.452,0.528,0.500333333333
sp_P16422_EPCAM_HUMAN,239,Q,E,0.579,0.003,0.718,0.279,0.507888888889
sp_P16422_EPCAM_HUMAN,240,L,B,0.11,0.024,0.655,0.322,0.521111111111
sp_P16422_EPCAM_HUMAN,241,D,E,0.567,0.022,0.552,0.426,0.514222222222
sp_P16422_EPCAM_HUMAN,242,L,B,0.128,0.004,0.514,0.481,0.500111111111
sp_P16422_EPCAM_HUMAN,243,D,E,0.493,0.004,0.420,0.576,0.482111111111
sp_P16422_EPCAM_HUMAN,244,P,E,0.528,0.004,0.197,0.799,0.463333333333
sp_P16422_EPCAM_HUMAN,245,G,E,0.55,0.005,0.045,0.951,0.443333333333
sp_P16422_EPCAM_HUMAN,246,Q,E,0.359,0.004,0.197,0.799,0.412555555556
sp_P16422_EPCAM_HUMAN,247,T,B,0.099,0.002,0.816,0.182,0.403444444444
sp_P16422_EPCAM_HUMAN,248,L,B,0.058,0.001,0.959,0.040,0.380555555556
sp_P16422_EPCAM_HUMAN,249,I,B,0.037,0.001,0.959,0.040,0.382444444444
sp_P16422_EPCAM_HUMAN,250,Y,B,0.055,0.001,0.959,0.040,0.401222222222
sp_P16422_EPCAM_HUMAN,251,Y,B,0.082,0.001,0.900,0.099,0.419
sp_P16422_EPCAM_HUMAN,252,V,B,0.057,0.002,0.816,0.182,0.433333333333
sp_P16422_EPCAM_HUMAN,253,D,B,0.227,0.004,0.420,0.576,0.469333333333
sp_P16422_EPCAM_HUMAN,254,E,E,0.634,0.018,0.141,0.840,0.51
sp_P16422_EPCAM_HUMAN,255,K,E,0.554,0.018,0.047,0.935,0.544777777778
sp_P16422_EPCAM_HUMAN,256,A,B,0.192,0.018,0.019,0.964,0.579666666667
sp_P16422_EPCAM_HUMAN,257,P,E,0.307,0.053,0.043,0.903,0.595333333333
sp_P16422_EPCAM_HUMAN,258,E,E,0.548,0.118,0.150,0.732,0.605
sp_P16422_EPCAM_HUMAN,259,F,B,0.129,0.135,0.317,0.548,0.595222222222
sp_P16422_EPCAM_HUMAN,260,S,E,0.36,0.135,0.317,0.548,0.575888888889
sp_P16422_EPCAM_HUMAN,261,M,B,0.195,0.216,0.235,0.548,0.578
sp_P16422_EPCAM_HUMAN,262,Q,E,0.517,0.199,0.152,0.649,0.560222222222
sp_P16422_EPCAM_HUMAN,263,G,E,0.523,0.307,0.165,0.527,0.539444444444
sp_P16422_EPCAM_HUMAN,264,L,B,0.098,0.278,0.093,0.628,0.508666666667
sp_P16422_EPCAM_HUMAN,265,K,E,0.378,0.191,0.086,0.723,0.478333333333
sp_P16422_EPCAM_HUMAN,266,A,B,0.289,0.191,0.086,0.723,0.448666666667
sp_P16422_EPCAM_HUMAN,267,G,B,0.219,0.191,0.086,0.723,0.396333333333
sp_P16422_EPCAM_HUMAN,268,V,B,0.066,0.373,0.401,0.226,0.346555555556
sp_P16422_EPCAM_HUMAN,269,I,B,0.096,0.265,0.667,0.069,0.322777777778
sp_P16422_EPCAM_HUMAN,270,A,B,0.051,0.404,0.542,0.053,0.276
sp_P16422_EPCAM_HUMAN,271,V,B,0.047,0.473,0.482,0.045,0.233777777778
sp_P16422_EPCAM_HUMAN,272,I,B,0.061,0.547,0.408,0.044,0.196111111111
sp_P16422_EPCAM_HUMAN,273,V,B,0.073,0.685,0.273,0.043,0.183333333333
sp_P16422_EPCAM_HUMAN,274,V,B,0.075,0.746,0.197,0.057,0.163333333333
sp_P16422_EPCAM_HUMAN,275,V,B,0.101,0.807,0.137,0.056,0.158111111111
sp_P16422_EPCAM_HUMAN,276,V,B,0.106,0.911,0.033,0.057,0.159444444444
sp_P16422_EPCAM_HUMAN,277,I,B,0.146,0.938,0.007,0.055,0.17
sp_P16422_EPCAM_HUMAN,278,A,B,0.165,0.938,0.007,0.055,0.175888888889
sp_P16422_EPCAM_HUMAN,279,V,B,0.152,0.938,0.007,0.055,0.184
sp_P16422_EPCAM_HUMAN,280,V,B,0.149,0.878,0.010,0.111,0.200888888889
sp_P16422_EPCAM_HUMAN,281,A,B,0.186,0.878,0.010,0.111,0.208666666667
sp_P16422_EPCAM_HUMAN,282,G,B,0.155,0.878,0.010,0.111,0.207222222222
sp_P16422_EPCAM_HUMAN,283,I,B,0.109,0.911,0.033,0.057,0.211333333333
sp_P16422_EPCAM_HUMAN,284,V,B,0.114,0.870,0.077,0.053,0.222
sp_P16422_EPCAM_HUMAN,285,V,B,0.076,0.746,0.197,0.057,0.237111111111
sp_P16422_EPCAM_HUMAN,286,L,B,0.045,0.731,0.235,0.034,0.257
sp_P16422_EPCAM_HUMAN,287,V,B,0.06,0.685,0.273,0.043,0.297444444444
sp_P16422_EPCAM_HUMAN,288,I,B,0.071,0.614,0.324,0.062,0.347888888889
sp_P16422_EPCAM_HUMAN,289,S,B,0.095,0.478,0.309,0.214,0.388111111111
sp_P16422_EPCAM_HUMAN,290,R,B,0.265,0.428,0.171,0.402,0.437222222222
sp_P16422_EPCAM_HUMAN,291,K,E,0.464,0.502,0.102,0.396,0.490777777778
sp_P16422_EPCAM_HUMAN,292,K,E,0.485,0.455,0.046,0.498,0.539
sp_P16422_EPCAM_HUMAN,293,R,E,0.463,0.430,0.016,0.555,0.568666666667
sp_P16422_EPCAM_HUMAN,294,M,E,0.544,0.430,0.016,0.555,0.6
sp_P16422_EPCAM_HUMAN,295,A,E,0.527,0.339,0.016,0.645,0.615333333333
sp_P16422_EPCAM_HUMAN,296,K,E,0.526,0.430,0.016,0.555,0.610111111111
sp_P16422_EPCAM_HUMAN,297,Y,B,0.167,0.561,0.047,0.393,0.603444444444
sp_P16422_EPCAM_HUMAN,298,E,E,0.585,0.717,0.014,0.269,0.598222222222
sp_P16422_EPCAM_HUMAN,299,K,E,0.536,0.938,0.007,0.055,0.600666666667
sp_P16422_EPCAM_HUMAN,300,A,E,0.269,0.938,0.007,0.055,0.588
sp_P16422_EPCAM_HUMAN,301,E,E,0.379,0.938,0.007,0.055,0.581666666667
sp_P16422_EPCAM_HUMAN,302,I,B,0.243,0.938,0.007,0.055,0.587555555556
sp_P16422_EPCAM_HUMAN,303,K,E,0.535,0.938,0.007,0.055,0.583666666667
sp_P16422_EPCAM_HUMAN,304,E,E,0.463,0.923,0.002,0.076,0.583777777778
sp_P16422_EPCAM_HUMAN,305,M,B,0.183,0.923,0.002,0.076,0.582111111111
sp_P16422_EPCAM_HUMAN,306,G,E,0.382,0.923,0.002,0.076,0.571555555556
sp_P16422_EPCAM_HUMAN,307,E,E,0.557,0.923,0.002,0.076,0.568666666667
sp_P16422_EPCAM_HUMAN,308,M,B,0.271,0.859,0.002,0.139,0.537
sp_P16422_EPCAM_HUMAN,309,H,E,0.304,0.859,0.002,0.139,0.530555555556
sp_P16422_EPCAM_HUMAN,310,R,E,0.604,0.782,0.003,0.215,0.520111111111
sp_P16422_EPCAM_HUMAN,311,E,E,0.608,0.694,0.003,0.303,0.456222222222
sp_P16422_EPCAM_HUMAN,312,L,E,0.271,0.406,0.004,0.591,0.394666666667
sp_P16422_EPCAM_HUMAN,313,N,E,0.682,0.176,0.004,0.820,0.332666666667
sp_P16422_EPCAM_HUMAN,314,A,E,0.87,0.003,0.003,0.994,0.269666666667
