Entry,Position,AminoAcid,Exposed/Buried,RelativeSurfaceAccessilibity,HelixProbability,SheetProbability,CoilProbability,EpitopeProbability
sp_P26718_NKG2D_HUMAN,1,M,E,0.615,0.003,0.003,0.994,0.280888888889
sp_P26718_NKG2D_HUMAN,2,G,E,0.466,0.052,0.084,0.864,0.345444444444
sp_P26718_NKG2D_HUMAN,3,W,B,0.31,0.125,0.227,0.648,0.423444444444
sp_P26718_NKG2D_HUMAN,4,I,B,0.228,0.125,0.227,0.648,0.498555555556
sp_P26718_NKG2D_HUMAN,5,R,E,0.467,0.118,0.150,0.732,0.573555555556
sp_P26718_NKG2D_HUMAN,6,G,E,0.66,0.056,0.142,0.802,0.599222222222
sp_P26718_NKG2D_HUMAN,7,R,E,0.404,0.052,0.084,0.864,0.62
sp_P26718_NKG2D_HUMAN,8,R,E,0.517,0.018,0.088,0.893,0.633666666667
sp_P26718_NKG2D_HUMAN,9,S,E,0.387,0.018,0.047,0.935,0.648444444444
sp_P26718_NKG2D_HUMAN,10,R,E,0.55,0.018,0.047,0.935,0.653888888889
sp_P26718_NKG2D_HUMAN,11,H,B,0.301,0.018,0.019,0.964,0.651222222222
sp_P26718_NKG2D_HUMAN,12,S,E,0.518,0.113,0.043,0.844,0.641666666667
sp_P26718_NKG2D_HUMAN,13,W,B,0.279,0.353,0.048,0.598,0.636888888889
sp_P26718_NKG2D_HUMAN,14,E,E,0.351,0.353,0.048,0.598,0.619222222222
sp_P26718_NKG2D_HUMAN,15,M,B,0.205,0.660,0.049,0.291,0.615333333333
sp_P26718_NKG2D_HUMAN,16,S,E,0.35,0.660,0.049,0.291,0.608
sp_P26718_NKG2D_HUMAN,17,E,E,0.346,0.660,0.049,0.291,0.605888888889
sp_P26718_NKG2D_HUMAN,18,F,B,0.166,0.660,0.049,0.291,0.604333333333
sp_P26718_NKG2D_HUMAN,19,H,E,0.311,0.660,0.049,0.291,0.601222222222
sp_P26718_NKG2D_HUMAN,20,N,E,0.536,0.502,0.102,0.396,0.609
sp_P26718_NKG2D_HUMAN,21,Y,B,0.229,0.307,0.165,0.527,0.615111111111
sp_P26718_NKG2D_HUMAN,22,N,E,0.56,0.118,0.150,0.732,0.617555555556
sp_P26718_NKG2D_HUMAN,23,L,B,0.227,0.056,0.142,0.802,0.623
sp_P26718_NKG2D_HUMAN,24,D,E,0.563,0.066,0.296,0.638,0.626
sp_P26718_NKG2D_HUMAN,25,L,E,0.38,0.064,0.216,0.721,0.633555555556
sp_P26718_NKG2D_HUMAN,26,K,E,0.466,0.018,0.088,0.893,0.629333333333
sp_P26718_NKG2D_HUMAN,27,K,E,0.514,0.018,0.047,0.935,0.632111111111
sp_P26718_NKG2D_HUMAN,28,S,E,0.508,0.018,0.047,0.935,0.632333333333
sp_P26718_NKG2D_HUMAN,29,D,E,0.602,0.018,0.047,0.935,0.639333333333
sp_P26718_NKG2D_HUMAN,30,F,B,0.274,0.058,0.017,0.925,0.636555555556
sp_P26718_NKG2D_HUMAN,31,S,E,0.419,0.018,0.019,0.964,0.639444444444
sp_P26718_NKG2D_HUMAN,32,T,E,0.479,0.058,0.017,0.925,0.646777777778
sp_P26718_NKG2D_HUMAN,33,R,E,0.624,0.058,0.017,0.925,0.645666666667
sp_P26718_NKG2D_HUMAN,34,W,E,0.489,0.018,0.019,0.964,0.642
sp_P26718_NKG2D_HUMAN,35,Q,E,0.439,0.053,0.043,0.903,0.631
sp_P26718_NKG2D_HUMAN,36,K,E,0.644,0.018,0.047,0.935,0.630222222222
sp_P26718_NKG2D_HUMAN,37,Q,E,0.622,0.018,0.047,0.935,0.616333333333
sp_P26718_NKG2D_HUMAN,38,R,E,0.443,0.018,0.047,0.935,0.587333333333
sp_P26718_NKG2D_HUMAN,39,C,B,0.223,0.018,0.047,0.935,0.572777777778
sp_P26718_NKG2D_HUMAN,40,P,E,0.643,0.018,0.047,0.935,0.557555555556
sp_P26718_NKG2D_HUMAN,41,V,E,0.513,0.018,0.019,0.964,0.545777777778
sp_P26718_NKG2D_HUMAN,42,V,B,0.148,0.018,0.019,0.964,0.523666666667
sp_P26718_NKG2D_HUMAN,43,K,E,0.743,0.018,0.019,0.964,0.526111111111
sp_P26718_NKG2D_HUMAN,44,S,E,0.606,0.018,0.019,0.964,0.538777777778
sp_P26718_NKG2D_HUMAN,45,K,E,0.54,0.018,0.019,0.964,0.528
sp_P26718_NKG2D_HUMAN,46,C,B,0.205,0.018,0.019,0.964,0.531333333333
sp_P26718_NKG2D_HUMAN,47,R,E,0.373,0.018,0.047,0.935,0.539666666667
sp_P26718_NKG2D_HUMAN,48,E,E,0.452,0.018,0.047,0.935,0.547111111111
sp_P26718_NKG2D_HUMAN,49,N,E,0.364,0.018,0.019,0.964,0.545555555556
sp_P26718_NKG2D_HUMAN,50,A,B,0.23,0.018,0.047,0.935,0.541111111111
sp_P26718_NKG2D_HUMAN,51,S,B,0.136,0.053,0.043,0.903,0.535888888889
sp_P26718_NKG2D_HUMAN,52,P,B,0.258,0.116,0.016,0.868,0.499777777778
sp_P26718_NKG2D_HUMAN,53,F,E,0.274,0.116,0.016,0.868,0.470444444444
sp_P26718_NKG2D_HUMAN,54,F,B,0.203,0.268,0.043,0.689,0.435666666667
sp_P26718_NKG2D_HUMAN,55,F,B,0.127,0.353,0.048,0.598,0.406
sp_P26718_NKG2D_HUMAN,56,C,B,0.064,0.428,0.171,0.402,0.369666666667
sp_P26718_NKG2D_HUMAN,57,C,B,0.081,0.453,0.248,0.299,0.331333333333
sp_P26718_NKG2D_HUMAN,58,F,B,0.082,0.487,0.370,0.143,0.300555555556
sp_P26718_NKG2D_HUMAN,59,I,B,0.059,0.391,0.466,0.143,0.282555555556
sp_P26718_NKG2D_HUMAN,60,A,B,0.065,0.478,0.309,0.214,0.269111111111
sp_P26718_NKG2D_HUMAN,61,V,B,0.107,0.779,0.101,0.120,0.270333333333
sp_P26718_NKG2D_HUMAN,62,A,B,0.167,0.802,0.014,0.185,0.275333333333
sp_P26718_NKG2D_HUMAN,63,M,B,0.169,0.782,0.003,0.215,0.285444444444
sp_P26718_NKG2D_HUMAN,64,G,B,0.188,0.782,0.003,0.215,0.291666666667
sp_P26718_NKG2D_HUMAN,65,I,B,0.18,0.923,0.002,0.076,0.298
sp_P26718_NKG2D_HUMAN,66,R,B,0.172,0.923,0.002,0.076,0.298444444444
sp_P26718_NKG2D_HUMAN,67,F,B,0.108,0.938,0.007,0.055,0.293777777778
sp_P26718_NKG2D_HUMAN,68,I,B,0.171,0.938,0.007,0.055,0.286222222222
sp_P26718_NKG2D_HUMAN,69,I,B,0.129,0.938,0.007,0.055,0.284777777778
sp_P26718_NKG2D_HUMAN,70,M,B,0.179,0.938,0.007,0.055,0.281555555556
sp_P26718_NKG2D_HUMAN,71,V,B,0.119,0.938,0.007,0.055,0.273555555556
sp_P26718_NKG2D_HUMAN,72,A,B,0.1,0.923,0.002,0.076,0.266555555556
sp_P26718_NKG2D_HUMAN,73,I,B,0.165,0.923,0.002,0.076,0.279777777778
sp_P26718_NKG2D_HUMAN,74,W,B,0.149,0.923,0.002,0.076,0.302666666667
sp_P26718_NKG2D_HUMAN,75,S,B,0.086,0.923,0.002,0.076,0.307222222222
sp_P26718_NKG2D_HUMAN,76,A,B,0.122,0.923,0.002,0.076,0.337111111111
sp_P26718_NKG2D_HUMAN,77,V,B,0.232,0.859,0.002,0.139,0.363333333333
sp_P26718_NKG2D_HUMAN,78,F,B,0.179,0.859,0.002,0.139,0.388555555556
sp_P26718_NKG2D_HUMAN,79,L,B,0.111,0.802,0.014,0.185,0.397111111111
sp_P26718_NKG2D_HUMAN,80,N,E,0.338,0.622,0.015,0.363,0.438666666667
sp_P26718_NKG2D_HUMAN,81,S,E,0.386,0.622,0.015,0.363,0.487555555556
sp_P26718_NKG2D_HUMAN,82,L,B,0.14,0.561,0.047,0.393,0.516444444444
sp_P26718_NKG2D_HUMAN,83,F,B,0.175,0.502,0.102,0.396,0.541111111111
sp_P26718_NKG2D_HUMAN,84,N,E,0.402,0.386,0.097,0.517,0.596666666667
sp_P26718_NKG2D_HUMAN,85,Q,E,0.462,0.191,0.086,0.723,0.612888888889
sp_P26718_NKG2D_HUMAN,86,E,E,0.462,0.191,0.086,0.723,0.628777777778
sp_P26718_NKG2D_HUMAN,87,V,E,0.393,0.113,0.087,0.800,0.636444444444
sp_P26718_NKG2D_HUMAN,88,Q,E,0.611,0.052,0.084,0.864,0.652444444444
sp_P26718_NKG2D_HUMAN,89,I,E,0.356,0.053,0.043,0.903,0.648333333333
sp_P26718_NKG2D_HUMAN,90,P,E,0.618,0.018,0.047,0.935,0.630444444444
sp_P26718_NKG2D_HUMAN,91,L,E,0.506,0.018,0.019,0.964,0.625111111111
sp_P26718_NKG2D_HUMAN,92,T,E,0.321,0.018,0.019,0.964,0.613111111111
sp_P26718_NKG2D_HUMAN,93,E,E,0.59,0.018,0.019,0.964,0.585222222222
sp_P26718_NKG2D_HUMAN,94,S,E,0.484,0.018,0.019,0.964,0.572444444444
sp_P26718_NKG2D_HUMAN,95,Y,E,0.521,0.018,0.047,0.935,0.548555555556
sp_P26718_NKG2D_HUMAN,96,C,E,0.494,0.018,0.047,0.935,0.541666666667
sp_P26718_NKG2D_HUMAN,97,G,E,0.644,0.005,0.015,0.979,0.537
sp_P26718_NKG2D_HUMAN,98,P,E,0.397,0.005,0.015,0.979,0.522
sp_P26718_NKG2D_HUMAN,99,C,B,0.036,0.003,0.003,0.994,0.514222222222
sp_P26718_NKG2D_HUMAN,100,P,B,0.216,0.003,0.003,0.994,0.506111111111
sp_P26718_NKG2D_HUMAN,101,K,E,0.765,0.016,0.005,0.979,0.501222222222
sp_P26718_NKG2D_HUMAN,102,N,E,0.587,0.016,0.005,0.979,0.493666666667
sp_P26718_NKG2D_HUMAN,103,W,B,0.102,0.018,0.047,0.935,0.492333333333
sp_P26718_NKG2D_HUMAN,104,I,E,0.463,0.022,0.552,0.426,0.496444444444
sp_P26718_NKG2D_HUMAN,105,C,E,0.41,0.021,0.756,0.223,0.488444444444
sp_P26718_NKG2D_HUMAN,106,Y,B,0.154,0.004,0.514,0.481,0.475666666667
sp_P26718_NKG2D_HUMAN,107,K,E,0.563,0.004,0.085,0.910,0.462666666667
sp_P26718_NKG2D_HUMAN,108,N,E,0.43,0.005,0.045,0.951,0.462222222222
sp_P26718_NKG2D_HUMAN,109,N,B,0.239,0.004,0.616,0.381,0.448888888889
sp_P26718_NKG2D_HUMAN,110,C,B,0.022,0.001,0.900,0.099,0.441777777778
sp_P26718_NKG2D_HUMAN,111,Y,B,0.051,0.001,0.959,0.040,0.453444444444
sp_P26718_NKG2D_HUMAN,112,Q,B,0.135,0.001,0.959,0.040,0.459888888889
sp_P26718_NKG2D_HUMAN,113,F,B,0.059,0.001,0.900,0.099,0.472666666667
sp_P26718_NKG2D_HUMAN,114,F,B,0.104,0.002,0.816,0.182,0.478
sp_P26718_NKG2D_HUMAN,115,D,E,0.458,0.004,0.420,0.576,0.496111111111
sp_P26718_NKG2D_HUMAN,116,E,E,0.426,0.004,0.263,0.733,0.514
sp_P26718_NKG2D_HUMAN,117,S,E,0.575,0.021,0.279,0.699,0.529
sp_P26718_NKG2D_HUMAN,118,K,E,0.274,0.018,0.141,0.840,0.542111111111
sp_P26718_NKG2D_HUMAN,119,N,E,0.258,0.053,0.043,0.903,0.543222222222
sp_P26718_NKG2D_HUMAN,120,W,B,0.088,0.923,0.002,0.076,0.533666666667
sp_P26718_NKG2D_HUMAN,121,Y,E,0.602,0.970,0.001,0.029,0.524444444444
sp_P26718_NKG2D_HUMAN,122,E,E,0.409,0.970,0.001,0.029,0.505555555556
sp_P26718_NKG2D_HUMAN,123,S,B,0.014,0.970,0.001,0.029,0.484555555556
sp_P26718_NKG2D_HUMAN,124,Q,B,0.267,0.970,0.001,0.029,0.485
sp_P26718_NKG2D_HUMAN,125,A,E,0.562,0.970,0.001,0.029,0.477555555556
sp_P26718_NKG2D_HUMAN,126,S,B,0.231,0.970,0.001,0.029,0.466666666667
sp_P26718_NKG2D_HUMAN,127,C,B,0.013,0.970,0.001,0.029,0.456444444444
sp_P26718_NKG2D_HUMAN,128,M,E,0.508,0.970,0.001,0.029,0.454
sp_P26718_NKG2D_HUMAN,129,S,E,0.713,0.859,0.002,0.139,0.456777777778
sp_P26718_NKG2D_HUMAN,130,Q,E,0.304,0.502,0.002,0.495,0.447666666667
sp_P26718_NKG2D_HUMAN,131,N,E,0.593,0.016,0.005,0.979,0.439666666667
sp_P26718_NKG2D_HUMAN,132,A,B,0.089,0.005,0.015,0.979,0.459222222222
sp_P26718_NKG2D_HUMAN,133,S,E,0.326,0.004,0.197,0.799,0.436222222222
sp_P26718_NKG2D_HUMAN,134,L,B,0.057,0.004,0.616,0.381,0.438111111111
sp_P26718_NKG2D_HUMAN,135,L,B,0.043,0.004,0.616,0.381,0.436333333333
sp_P26718_NKG2D_HUMAN,136,K,E,0.263,0.004,0.616,0.381,0.449111111111
sp_P26718_NKG2D_HUMAN,137,V,B,0.063,0.004,0.616,0.381,0.469555555556
sp_P26718_NKG2D_HUMAN,138,Y,E,0.419,0.004,0.197,0.799,0.471333333333
sp_P26718_NKG2D_HUMAN,139,S,E,0.339,0.018,0.019,0.964,0.487222222222
sp_P26718_NKG2D_HUMAN,140,K,E,0.615,0.923,0.002,0.076,0.508444444444
sp_P26718_NKG2D_HUMAN,141,E,E,0.483,0.923,0.002,0.076,0.518333333333
sp_P26718_NKG2D_HUMAN,142,D,B,0.079,0.923,0.002,0.076,0.519555555556
sp_P26718_NKG2D_HUMAN,143,Q,B,0.186,0.923,0.002,0.076,0.531777777778
sp_P26718_NKG2D_HUMAN,144,D,E,0.501,0.938,0.007,0.055,0.528111111111
sp_P26718_NKG2D_HUMAN,145,L,B,0.117,0.938,0.007,0.055,0.515111111111
sp_P26718_NKG2D_HUMAN,146,L,B,0.042,0.938,0.007,0.055,0.510444444444
sp_P26718_NKG2D_HUMAN,147,K,E,0.36,0.938,0.007,0.055,0.509555555556
sp_P26718_NKG2D_HUMAN,148,L,E,0.457,0.878,0.010,0.111,0.501666666667
sp_P26718_NKG2D_HUMAN,149,V,B,0.166,0.660,0.049,0.291,0.487333333333
sp_P26718_NKG2D_HUMAN,150,K,B,0.298,0.257,0.016,0.727,0.470777777778
sp_P26718_NKG2D_HUMAN,151,S,E,0.486,0.053,0.043,0.903,0.463666666667
sp_P26718_NKG2D_HUMAN,152,Y,B,0.266,0.018,0.141,0.840,0.428333333333
sp_P26718_NKG2D_HUMAN,153,H,B,0.044,0.004,0.420,0.576,0.408444444444
sp_P26718_NKG2D_HUMAN,154,W,B,0.031,0.003,0.718,0.279,0.401444444444
sp_P26718_NKG2D_HUMAN,155,M,B,0.022,0.001,0.900,0.099,0.384
sp_P26718_NKG2D_HUMAN,156,G,B,0.025,0.001,0.900,0.099,0.391333333333
sp_P26718_NKG2D_HUMAN,157,L,B,0.024,0.001,0.900,0.099,0.411222222222
sp_P26718_NKG2D_HUMAN,158,V,B,0.079,0.002,0.816,0.182,0.424222222222
sp_P26718_NKG2D_HUMAN,159,H,B,0.17,0.002,0.816,0.182,0.440111111111
sp_P26718_NKG2D_HUMAN,160,I,E,0.292,0.004,0.336,0.660,0.462111111111
sp_P26718_NKG2D_HUMAN,161,P,E,0.496,0.004,0.085,0.910,0.489333333333
sp_P26718_NKG2D_HUMAN,162,T,E,0.602,0.004,0.085,0.910,0.502333333333
sp_P26718_NKG2D_HUMAN,163,N,E,0.746,0.005,0.015,0.979,0.516333333333
sp_P26718_NKG2D_HUMAN,164,G,E,0.275,0.004,0.138,0.858,0.509444444444
sp_P26718_NKG2D_HUMAN,165,S,E,0.418,0.004,0.616,0.381,0.504444444444
sp_P26718_NKG2D_HUMAN,166,W,B,0.08,0.001,0.900,0.099,0.500777777778
sp_P26718_NKG2D_HUMAN,167,Q,E,0.363,0.001,0.900,0.099,0.501888888889
sp_P26718_NKG2D_HUMAN,168,W,B,0.088,0.018,0.846,0.136,0.516222222222
sp_P26718_NKG2D_HUMAN,169,E,B,0.264,0.022,0.552,0.426,0.530777777778
sp_P26718_NKG2D_HUMAN,170,D,E,0.35,0.020,0.205,0.775,0.528444444444
sp_P26718_NKG2D_HUMAN,171,G,E,0.59,0.016,0.005,0.979,0.544111111111
sp_P26718_NKG2D_HUMAN,172,S,E,0.404,0.018,0.047,0.935,0.545111111111
sp_P26718_NKG2D_HUMAN,173,I,E,0.491,0.021,0.279,0.699,0.568
sp_P26718_NKG2D_HUMAN,174,L,B,0.171,0.021,0.279,0.699,0.574888888889
sp_P26718_NKG2D_HUMAN,175,S,E,0.379,0.021,0.279,0.699,0.555444444444
sp_P26718_NKG2D_HUMAN,176,P,B,0.21,0.022,0.359,0.619,0.562666666667
sp_P26718_NKG2D_HUMAN,177,N,E,0.523,0.021,0.279,0.699,0.545888888889
sp_P26718_NKG2D_HUMAN,178,L,E,0.345,0.021,0.279,0.699,0.539888888889
sp_P26718_NKG2D_HUMAN,179,L,B,0.11,0.021,0.279,0.699,0.549
sp_P26718_NKG2D_HUMAN,180,T,E,0.463,0.020,0.205,0.775,0.558111111111
sp_P26718_NKG2D_HUMAN,181,I,E,0.553,0.018,0.088,0.893,0.576333333333
sp_P26718_NKG2D_HUMAN,182,I,E,0.612,0.018,0.019,0.964,0.575555555556
sp_P26718_NKG2D_HUMAN,183,E,E,0.476,0.005,0.015,0.979,0.566222222222
sp_P26718_NKG2D_HUMAN,184,M,E,0.429,0.003,0.003,0.994,0.569444444444
sp_P26718_NKG2D_HUMAN,185,Q,E,0.582,0.003,0.003,0.994,0.550111111111
sp_P26718_NKG2D_HUMAN,186,K,E,0.579,0.005,0.015,0.979,0.536111111111
sp_P26718_NKG2D_HUMAN,187,G,E,0.473,0.005,0.045,0.951,0.507444444444
sp_P26718_NKG2D_HUMAN,188,D,B,0.207,0.004,0.138,0.858,0.483666666667
sp_P26718_NKG2D_HUMAN,189,C,B,0.019,0.003,0.718,0.279,0.457222222222
sp_P26718_NKG2D_HUMAN,190,A,B,0.018,0.001,0.959,0.040,0.436555555556
sp_P26718_NKG2D_HUMAN,191,L,B,0.058,0.001,0.959,0.040,0.429
sp_P26718_NKG2D_HUMAN,192,Y,B,0.044,0.001,0.959,0.040,0.429888888889
sp_P26718_NKG2D_HUMAN,193,A,B,0.146,0.001,0.959,0.040,0.444555555556
sp_P26718_NKG2D_HUMAN,194,S,E,0.424,0.003,0.718,0.279,0.449
sp_P26718_NKG2D_HUMAN,195,S,E,0.646,0.005,0.045,0.951,0.458
sp_P26718_NKG2D_HUMAN,196,F,E,0.464,0.005,0.045,0.951,0.485888888889
sp_P26718_NKG2D_HUMAN,197,K,E,0.364,0.004,0.514,0.481,0.509
sp_P26718_NKG2D_HUMAN,198,G,B,0.097,0.002,0.816,0.182,0.528111111111
sp_P26718_NKG2D_HUMAN,199,Y,E,0.35,0.018,0.846,0.136,0.520666666667
sp_P26718_NKG2D_HUMAN,200,I,E,0.382,0.024,0.655,0.322,0.540888888889
sp_P26718_NKG2D_HUMAN,201,E,E,0.418,0.021,0.452,0.528,0.540666666667
sp_P26718_NKG2D_HUMAN,202,N,E,0.562,0.021,0.279,0.699,0.528
sp_P26718_NKG2D_HUMAN,203,C,B,0.094,0.053,0.043,0.903,0.528
sp_P26718_NKG2D_HUMAN,204,S,E,0.543,0.053,0.043,0.903,0.523111111111
sp_P26718_NKG2D_HUMAN,205,T,E,0.504,0.052,0.084,0.864,0.501333333333
sp_P26718_NKG2D_HUMAN,206,P,E,0.586,0.018,0.141,0.840,0.473333333333
sp_P26718_NKG2D_HUMAN,207,N,B,0.186,0.022,0.359,0.619,0.442111111111
sp_P26718_NKG2D_HUMAN,208,T,B,0.27,0.022,0.552,0.426,0.441888888889
sp_P26718_NKG2D_HUMAN,209,Y,B,0.053,0.003,0.718,0.279,0.417666666667
sp_P26718_NKG2D_HUMAN,210,I,B,0.048,0.018,0.846,0.136,0.418777777778
sp_P26718_NKG2D_HUMAN,211,C,B,0.024,0.018,0.846,0.136,0.424444444444
sp_P26718_NKG2D_HUMAN,212,M,B,0.263,0.021,0.756,0.223,0.426666666667
sp_P26718_NKG2D_HUMAN,213,Q,E,0.355,0.004,0.514,0.481,0.376222222222
sp_P26718_NKG2D_HUMAN,214,R,E,0.545,0.021,0.279,0.699,0.336333333333
sp_P26718_NKG2D_HUMAN,215,T,E,0.359,0.018,0.088,0.893,0.298
sp_P26718_NKG2D_HUMAN,216,V,E,0.696,0.003,0.003,0.994,0.267444444444
