Entry,Position,AminoAcid,Exposed/Buried,RelativeSurfaceAccessilibity,HelixProbability,SheetProbability,CoilProbability,EpitopeProbability
sp_P11836_CD20_HUMAN,1,M,E,0.801,0.003,0.003,0.994,0.276777777778
sp_P11836_CD20_HUMAN,2,T,E,0.447,0.018,0.088,0.893,0.359
sp_P11836_CD20_HUMAN,3,T,E,0.476,0.018,0.141,0.840,0.438777777778
sp_P11836_CD20_HUMAN,4,P,E,0.402,0.018,0.141,0.840,0.498777777778
sp_P11836_CD20_HUMAN,5,R,E,0.536,0.056,0.142,0.802,0.572
sp_P11836_CD20_HUMAN,6,N,E,0.441,0.056,0.142,0.802,0.587444444444
sp_P11836_CD20_HUMAN,7,S,E,0.369,0.056,0.142,0.802,0.604555555556
sp_P11836_CD20_HUMAN,8,V,E,0.488,0.018,0.141,0.840,0.624666666667
sp_P11836_CD20_HUMAN,9,N,E,0.573,0.018,0.141,0.840,0.634111111111
sp_P11836_CD20_HUMAN,10,G,E,0.453,0.020,0.205,0.775,0.617444444444
sp_P11836_CD20_HUMAN,11,T,E,0.449,0.021,0.452,0.528,0.593888888889
sp_P11836_CD20_HUMAN,12,F,E,0.391,0.021,0.756,0.223,0.575111111111
sp_P11836_CD20_HUMAN,13,P,E,0.37,0.024,0.655,0.322,0.585888888889
sp_P11836_CD20_HUMAN,14,A,B,0.276,0.024,0.655,0.322,0.595
sp_P11836_CD20_HUMAN,15,E,B,0.284,0.022,0.552,0.426,0.590222222222
sp_P11836_CD20_HUMAN,16,P,B,0.213,0.020,0.205,0.775,0.586888888889
sp_P11836_CD20_HUMAN,17,M,E,0.424,0.018,0.088,0.893,0.593666666667
sp_P11836_CD20_HUMAN,18,K,E,0.542,0.018,0.088,0.893,0.595777777778
sp_P11836_CD20_HUMAN,19,G,E,0.358,0.018,0.088,0.893,0.598111111111
sp_P11836_CD20_HUMAN,20,P,B,0.234,0.018,0.141,0.840,0.607222222222
sp_P11836_CD20_HUMAN,21,I,E,0.486,0.021,0.279,0.699,0.606555555556
sp_P11836_CD20_HUMAN,22,A,B,0.265,0.022,0.359,0.619,0.610333333333
sp_P11836_CD20_HUMAN,23,M,E,0.365,0.021,0.279,0.699,0.594666666667
sp_P11836_CD20_HUMAN,24,Q,E,0.309,0.018,0.088,0.893,0.612111111111
sp_P11836_CD20_HUMAN,25,S,E,0.481,0.018,0.047,0.935,0.612111111111
sp_P11836_CD20_HUMAN,26,G,E,0.57,0.018,0.047,0.935,0.598111111111
sp_P11836_CD20_HUMAN,27,P,E,0.537,0.018,0.141,0.840,0.601777777778
sp_P11836_CD20_HUMAN,28,K,E,0.519,0.022,0.359,0.619,0.620333333333
sp_P11836_CD20_HUMAN,29,P,E,0.341,0.022,0.359,0.619,0.634222222222
sp_P11836_CD20_HUMAN,30,L,B,0.21,0.022,0.359,0.619,0.642111111111
sp_P11836_CD20_HUMAN,31,F,E,0.341,0.020,0.205,0.775,0.645222222222
sp_P11836_CD20_HUMAN,32,R,E,0.349,0.020,0.205,0.775,0.646555555556
sp_P11836_CD20_HUMAN,33,R,E,0.408,0.018,0.088,0.893,0.644555555556
sp_P11836_CD20_HUMAN,34,M,E,0.353,0.018,0.088,0.893,0.664555555556
sp_P11836_CD20_HUMAN,35,S,E,0.38,0.018,0.047,0.935,0.669
sp_P11836_CD20_HUMAN,36,S,E,0.32,0.053,0.043,0.903,0.666888888889
sp_P11836_CD20_HUMAN,37,L,B,0.269,0.053,0.043,0.903,0.647111111111
sp_P11836_CD20_HUMAN,38,V,E,0.444,0.181,0.017,0.803,0.631777777778
sp_P11836_CD20_HUMAN,39,G,E,0.431,0.181,0.017,0.803,0.629888888889
sp_P11836_CD20_HUMAN,40,P,E,0.333,0.339,0.016,0.645,0.618222222222
sp_P11836_CD20_HUMAN,41,T,B,0.242,0.717,0.014,0.269,0.595333333333
sp_P11836_CD20_HUMAN,42,Q,E,0.439,0.717,0.014,0.269,0.590111111111
sp_P11836_CD20_HUMAN,43,S,E,0.481,0.717,0.014,0.269,0.571888888889
sp_P11836_CD20_HUMAN,44,F,B,0.172,0.717,0.014,0.269,0.567333333333
sp_P11836_CD20_HUMAN,45,F,B,0.128,0.622,0.015,0.363,0.550444444444
sp_P11836_CD20_HUMAN,46,M,E,0.5,0.430,0.016,0.555,0.547888888889
sp_P11836_CD20_HUMAN,47,R,E,0.494,0.339,0.016,0.645,0.525555555556
sp_P11836_CD20_HUMAN,48,E,E,0.316,0.339,0.016,0.645,0.491222222222
sp_P11836_CD20_HUMAN,49,S,B,0.103,0.522,0.016,0.462,0.458111111111
sp_P11836_CD20_HUMAN,50,K,E,0.361,0.751,0.050,0.199,0.444555555556
sp_P11836_CD20_HUMAN,51,T,B,0.088,0.911,0.033,0.057,0.398888888889
sp_P11836_CD20_HUMAN,52,L,B,0.047,0.938,0.007,0.055,0.364888888889
sp_P11836_CD20_HUMAN,53,G,B,0.062,0.975,0.003,0.022,0.330222222222
sp_P11836_CD20_HUMAN,54,A,B,0.086,0.970,0.001,0.029,0.300777777778
sp_P11836_CD20_HUMAN,55,V,B,0.058,0.988,0.000,0.012,0.272777777778
sp_P11836_CD20_HUMAN,56,Q,B,0.081,0.988,0.000,0.012,0.255555555556
sp_P11836_CD20_HUMAN,57,I,B,0.093,0.988,0.000,0.012,0.254111111111
sp_P11836_CD20_HUMAN,58,M,B,0.087,0.988,0.000,0.012,0.254111111111
sp_P11836_CD20_HUMAN,59,N,B,0.076,0.988,0.000,0.012,0.249888888889
sp_P11836_CD20_HUMAN,60,G,B,0.063,0.988,0.000,0.012,0.253111111111
sp_P11836_CD20_HUMAN,61,L,B,0.149,0.988,0.000,0.012,0.247333333333
sp_P11836_CD20_HUMAN,62,F,B,0.13,0.988,0.000,0.012,0.246333333333
sp_P11836_CD20_HUMAN,63,H,B,0.097,0.988,0.000,0.012,0.247333333333
sp_P11836_CD20_HUMAN,64,I,B,0.136,0.970,0.001,0.029,0.248777777778
sp_P11836_CD20_HUMAN,65,A,B,0.199,0.970,0.001,0.029,0.248444444444
sp_P11836_CD20_HUMAN,66,L,B,0.189,0.970,0.001,0.029,0.243777777778
sp_P11836_CD20_HUMAN,67,G,B,0.124,0.923,0.002,0.076,0.235555555556
sp_P11836_CD20_HUMAN,68,G,B,0.14,0.970,0.001,0.029,0.235
sp_P11836_CD20_HUMAN,69,L,B,0.111,0.938,0.007,0.055,0.247888888889
sp_P11836_CD20_HUMAN,70,L,B,0.084,0.878,0.010,0.111,0.274444444444
sp_P11836_CD20_HUMAN,71,M,B,0.095,0.802,0.014,0.185,0.302222222222
sp_P11836_CD20_HUMAN,72,I,B,0.127,0.717,0.014,0.269,0.329
sp_P11836_CD20_HUMAN,73,P,B,0.142,0.522,0.016,0.462,0.352111111111
sp_P11836_CD20_HUMAN,74,A,B,0.246,0.321,0.003,0.675,0.371777777778
sp_P11836_CD20_HUMAN,75,G,E,0.33,0.246,0.004,0.750,0.385777777778
sp_P11836_CD20_HUMAN,76,I,B,0.281,0.339,0.016,0.645,0.388555555556
sp_P11836_CD20_HUMAN,77,Y,B,0.191,0.522,0.016,0.462,0.390222222222
sp_P11836_CD20_HUMAN,78,A,B,0.167,0.622,0.015,0.363,0.392666666667
sp_P11836_CD20_HUMAN,79,P,B,0.185,0.660,0.049,0.291,0.385777777778
sp_P11836_CD20_HUMAN,80,I,B,0.09,0.725,0.163,0.112,0.383888888889
sp_P11836_CD20_HUMAN,81,C,B,0.082,0.725,0.163,0.112,0.390111111111
sp_P11836_CD20_HUMAN,82,V,B,0.194,0.649,0.163,0.188,0.395
sp_P11836_CD20_HUMAN,83,T,E,0.247,0.701,0.107,0.192,0.403111111111
sp_P11836_CD20_HUMAN,84,V,B,0.18,0.455,0.046,0.498,0.407888888889
sp_P11836_CD20_HUMAN,85,W,B,0.31,0.246,0.004,0.750,0.427666666667
sp_P11836_CD20_HUMAN,86,Y,B,0.184,0.406,0.004,0.591,0.437333333333
sp_P11836_CD20_HUMAN,87,P,B,0.221,0.502,0.002,0.495,0.432444444444
sp_P11836_CD20_HUMAN,88,L,B,0.227,0.859,0.002,0.139,0.427222222222
sp_P11836_CD20_HUMAN,89,W,B,0.224,0.859,0.002,0.139,0.421666666667
sp_P11836_CD20_HUMAN,90,G,B,0.225,0.923,0.002,0.076,0.405666666667
sp_P11836_CD20_HUMAN,91,G,B,0.178,0.923,0.002,0.076,0.376222222222
sp_P11836_CD20_HUMAN,92,I,B,0.281,0.970,0.001,0.029,0.348555555556
sp_P11836_CD20_HUMAN,93,M,B,0.278,0.970,0.001,0.029,0.334333333333
sp_P11836_CD20_HUMAN,94,Y,B,0.201,0.938,0.007,0.055,0.315888888889
sp_P11836_CD20_HUMAN,95,I,B,0.154,0.938,0.007,0.055,0.313444444444
sp_P11836_CD20_HUMAN,96,I,B,0.208,0.938,0.007,0.055,0.304444444444
sp_P11836_CD20_HUMAN,97,S,B,0.144,0.878,0.010,0.111,0.288777777778
sp_P11836_CD20_HUMAN,98,G,B,0.108,0.878,0.010,0.111,0.273555555556
sp_P11836_CD20_HUMAN,99,S,B,0.11,0.878,0.010,0.111,0.261888888889
sp_P11836_CD20_HUMAN,100,L,B,0.082,0.911,0.033,0.057,0.272
sp_P11836_CD20_HUMAN,101,L,B,0.051,0.911,0.033,0.057,0.311444444444
sp_P11836_CD20_HUMAN,102,A,B,0.061,0.870,0.077,0.053,0.350555555556
sp_P11836_CD20_HUMAN,103,A,B,0.132,0.779,0.101,0.120,0.393888888889
sp_P11836_CD20_HUMAN,104,T,B,0.095,0.649,0.163,0.188,0.428888888889
sp_P11836_CD20_HUMAN,105,E,E,0.409,0.386,0.097,0.517,0.465555555556
sp_P11836_CD20_HUMAN,106,K,E,0.437,0.191,0.086,0.723,0.500444444444
sp_P11836_CD20_HUMAN,107,N,E,0.348,0.113,0.087,0.800,0.524222222222
sp_P11836_CD20_HUMAN,108,S,E,0.407,0.116,0.016,0.868,0.525444444444
sp_P11836_CD20_HUMAN,109,R,B,0.235,0.257,0.016,0.727,0.515777777778
sp_P11836_CD20_HUMAN,110,K,E,0.385,0.622,0.015,0.363,0.492111111111
sp_P11836_CD20_HUMAN,111,C,B,0.148,0.717,0.014,0.269,0.455888888889
sp_P11836_CD20_HUMAN,112,L,B,0.068,0.831,0.044,0.125,0.415888888889
sp_P11836_CD20_HUMAN,113,V,B,0.068,0.831,0.044,0.125,0.385222222222
sp_P11836_CD20_HUMAN,114,K,B,0.207,0.911,0.033,0.057,0.356666666667
sp_P11836_CD20_HUMAN,115,G,B,0.058,0.938,0.007,0.055,0.322111111111
sp_P11836_CD20_HUMAN,116,K,B,0.075,0.923,0.002,0.076,0.292111111111
sp_P11836_CD20_HUMAN,117,M,B,0.114,0.970,0.001,0.029,0.286555555556
sp_P11836_CD20_HUMAN,118,I,B,0.102,0.970,0.001,0.029,0.287
sp_P11836_CD20_HUMAN,119,M,B,0.052,0.970,0.001,0.029,0.273
sp_P11836_CD20_HUMAN,120,N,B,0.099,0.970,0.001,0.029,0.262444444444
sp_P11836_CD20_HUMAN,121,S,B,0.115,0.970,0.001,0.029,0.255222222222
sp_P11836_CD20_HUMAN,122,L,B,0.117,0.970,0.001,0.029,0.240555555556
sp_P11836_CD20_HUMAN,123,S,B,0.077,0.970,0.001,0.029,0.227777777778
sp_P11836_CD20_HUMAN,124,L,B,0.096,0.970,0.001,0.029,0.229777777778
sp_P11836_CD20_HUMAN,125,F,B,0.174,0.988,0.000,0.012,0.242666666667
sp_P11836_CD20_HUMAN,126,A,B,0.159,0.988,0.000,0.012,0.250333333333
sp_P11836_CD20_HUMAN,127,A,B,0.117,0.988,0.000,0.012,0.245777777778
sp_P11836_CD20_HUMAN,128,I,B,0.169,0.988,0.000,0.012,0.252444444444
sp_P11836_CD20_HUMAN,129,S,B,0.235,0.988,0.000,0.012,0.257777777778
sp_P11836_CD20_HUMAN,130,G,B,0.138,0.970,0.001,0.029,0.252888888889
sp_P11836_CD20_HUMAN,131,M,B,0.107,0.970,0.001,0.029,0.249
sp_P11836_CD20_HUMAN,132,I,B,0.101,0.970,0.001,0.029,0.251555555556
sp_P11836_CD20_HUMAN,133,L,B,0.106,0.975,0.003,0.022,0.260222222222
sp_P11836_CD20_HUMAN,134,S,B,0.064,0.938,0.007,0.055,0.256444444444
sp_P11836_CD20_HUMAN,135,I,B,0.046,0.938,0.007,0.055,0.260111111111
sp_P11836_CD20_HUMAN,136,M,B,0.1,0.938,0.007,0.055,0.288777777778
sp_P11836_CD20_HUMAN,137,D,B,0.106,0.859,0.002,0.139,0.308888888889
sp_P11836_CD20_HUMAN,138,I,B,0.037,0.782,0.003,0.215,0.338888888889
sp_P11836_CD20_HUMAN,139,L,B,0.061,0.694,0.003,0.303,0.380888888889
sp_P11836_CD20_HUMAN,140,N,B,0.2,0.502,0.002,0.495,0.419555555556
sp_P11836_CD20_HUMAN,141,I,B,0.262,0.339,0.016,0.645,0.460333333333
sp_P11836_CD20_HUMAN,142,K,E,0.316,0.116,0.016,0.868,0.487111111111
sp_P11836_CD20_HUMAN,143,I,B,0.31,0.113,0.043,0.844,0.527888888889
sp_P11836_CD20_HUMAN,144,S,B,0.238,0.113,0.087,0.800,0.555555555556
sp_P11836_CD20_HUMAN,145,H,E,0.45,0.113,0.087,0.800,0.560666666667
sp_P11836_CD20_HUMAN,146,F,B,0.225,0.118,0.150,0.732,0.579777777778
sp_P11836_CD20_HUMAN,147,L,B,0.231,0.064,0.216,0.721,0.592111111111
sp_P11836_CD20_HUMAN,148,K,E,0.377,0.069,0.386,0.545,0.585444444444
sp_P11836_CD20_HUMAN,149,M,B,0.268,0.066,0.296,0.638,0.600111111111
sp_P11836_CD20_HUMAN,150,E,E,0.356,0.064,0.216,0.721,0.589777777778
sp_P11836_CD20_HUMAN,151,S,E,0.463,0.066,0.296,0.638,0.594777777778
sp_P11836_CD20_HUMAN,152,L,B,0.213,0.064,0.216,0.721,0.598777777778
sp_P11836_CD20_HUMAN,153,N,E,0.475,0.066,0.296,0.638,0.592666666667
sp_P11836_CD20_HUMAN,154,F,B,0.264,0.066,0.296,0.638,0.607222222222
sp_P11836_CD20_HUMAN,155,I,B,0.311,0.064,0.216,0.721,0.600333333333
sp_P11836_CD20_HUMAN,156,R,E,0.46,0.056,0.142,0.802,0.594222222222
sp_P11836_CD20_HUMAN,157,A,E,0.337,0.056,0.142,0.802,0.599222222222
sp_P11836_CD20_HUMAN,158,H,E,0.37,0.056,0.142,0.802,0.577444444444
sp_P11836_CD20_HUMAN,159,T,E,0.349,0.018,0.141,0.840,0.578777777778
sp_P11836_CD20_HUMAN,160,P,B,0.301,0.020,0.205,0.775,0.554111111111
sp_P11836_CD20_HUMAN,161,Y,B,0.121,0.022,0.359,0.619,0.529666666667
sp_P11836_CD20_HUMAN,162,I,B,0.223,0.022,0.552,0.426,0.539777777778
sp_P11836_CD20_HUMAN,163,N,B,0.194,0.024,0.655,0.322,0.524666666667
sp_P11836_CD20_HUMAN,164,I,B,0.134,0.022,0.552,0.426,0.531222222222
sp_P11836_CD20_HUMAN,165,Y,B,0.161,0.069,0.386,0.545,0.536777777778
sp_P11836_CD20_HUMAN,166,N,E,0.378,0.064,0.216,0.721,0.555111111111
sp_P11836_CD20_HUMAN,167,C,B,0.229,0.056,0.142,0.802,0.577888888889
sp_P11836_CD20_HUMAN,168,E,E,0.444,0.056,0.142,0.802,0.596333333333
sp_P11836_CD20_HUMAN,169,P,B,0.258,0.113,0.087,0.800,0.626333333333
sp_P11836_CD20_HUMAN,170,A,E,0.437,0.191,0.086,0.723,0.660333333333
sp_P11836_CD20_HUMAN,171,N,E,0.406,0.307,0.165,0.527,0.680777777778
sp_P11836_CD20_HUMAN,172,P,E,0.415,0.307,0.165,0.527,0.708111111111
sp_P11836_CD20_HUMAN,173,S,B,0.299,0.199,0.152,0.649,0.704333333333
sp_P11836_CD20_HUMAN,174,E,E,0.394,0.216,0.235,0.548,0.704888888889
sp_P11836_CD20_HUMAN,175,K,E,0.398,0.125,0.227,0.648,0.683666666667
sp_P11836_CD20_HUMAN,176,N,E,0.355,0.135,0.317,0.548,0.665555555556
sp_P11836_CD20_HUMAN,177,S,B,0.308,0.231,0.330,0.439,0.646555555556
sp_P11836_CD20_HUMAN,178,P,B,0.31,0.321,0.252,0.427,0.630111111111
sp_P11836_CD20_HUMAN,179,S,B,0.161,0.478,0.309,0.214,0.571555555556
sp_P11836_CD20_HUMAN,180,T,B,0.236,0.578,0.229,0.194,0.529333333333
sp_P11836_CD20_HUMAN,181,Q,B,0.255,0.649,0.163,0.188,0.477888888889
sp_P11836_CD20_HUMAN,182,Y,B,0.176,0.701,0.107,0.192,0.435333333333
sp_P11836_CD20_HUMAN,183,C,B,0.054,0.660,0.049,0.291,0.410888888889
sp_P11836_CD20_HUMAN,184,Y,B,0.235,0.751,0.050,0.199,0.392777777778
sp_P11836_CD20_HUMAN,185,S,B,0.137,0.751,0.050,0.199,0.362444444444
sp_P11836_CD20_HUMAN,186,I,B,0.058,0.717,0.014,0.269,0.333777777778
sp_P11836_CD20_HUMAN,187,Q,B,0.182,0.878,0.010,0.111,0.309111111111
sp_P11836_CD20_HUMAN,188,S,B,0.171,0.878,0.010,0.111,0.299666666667
sp_P11836_CD20_HUMAN,189,L,B,0.092,0.938,0.007,0.055,0.268555555556
sp_P11836_CD20_HUMAN,190,F,B,0.08,0.923,0.002,0.076,0.261777777778
sp_P11836_CD20_HUMAN,191,L,B,0.172,0.923,0.002,0.076,0.259111111111
sp_P11836_CD20_HUMAN,192,G,B,0.092,0.923,0.002,0.076,0.231222222222
sp_P11836_CD20_HUMAN,193,I,B,0.055,0.923,0.002,0.076,0.208
sp_P11836_CD20_HUMAN,194,L,B,0.13,0.970,0.001,0.029,0.201888888889
sp_P11836_CD20_HUMAN,195,S,B,0.086,0.970,0.001,0.029,0.192111111111
sp_P11836_CD20_HUMAN,196,V,B,0.072,0.970,0.001,0.029,0.177666666667
sp_P11836_CD20_HUMAN,197,M,B,0.084,0.970,0.001,0.029,0.179666666667
sp_P11836_CD20_HUMAN,198,L,B,0.1,0.970,0.001,0.029,0.196888888889
sp_P11836_CD20_HUMAN,199,I,B,0.089,0.970,0.001,0.029,0.197
sp_P11836_CD20_HUMAN,200,F,B,0.066,0.970,0.001,0.029,0.210333333333
sp_P11836_CD20_HUMAN,201,A,B,0.104,0.970,0.001,0.029,0.228222222222
sp_P11836_CD20_HUMAN,202,F,B,0.128,0.970,0.001,0.029,0.235444444444
sp_P11836_CD20_HUMAN,203,F,B,0.106,0.970,0.001,0.029,0.242
sp_P11836_CD20_HUMAN,204,Q,B,0.118,0.970,0.001,0.029,0.251333333333
sp_P11836_CD20_HUMAN,205,E,B,0.07,0.970,0.001,0.029,0.260888888889
sp_P11836_CD20_HUMAN,206,L,B,0.063,0.970,0.001,0.029,0.260111111111
sp_P11836_CD20_HUMAN,207,V,B,0.072,0.970,0.001,0.029,0.247555555556
sp_P11836_CD20_HUMAN,208,I,B,0.033,0.970,0.001,0.029,0.254222222222
sp_P11836_CD20_HUMAN,209,A,B,0.046,0.970,0.001,0.029,0.259
sp_P11836_CD20_HUMAN,210,G,B,0.05,0.975,0.003,0.022,0.271888888889
sp_P11836_CD20_HUMAN,211,I,B,0.049,0.938,0.007,0.055,0.301777777778
sp_P11836_CD20_HUMAN,212,V,B,0.03,0.878,0.010,0.111,0.319777777778
sp_P11836_CD20_HUMAN,213,E,B,0.083,0.802,0.014,0.185,0.347666666667
sp_P11836_CD20_HUMAN,214,N,B,0.095,0.561,0.047,0.393,0.361444444444
sp_P11836_CD20_HUMAN,215,E,B,0.09,0.268,0.043,0.689,0.383111111111
sp_P11836_CD20_HUMAN,216,W,B,0.038,0.216,0.235,0.548,0.387
sp_P11836_CD20_HUMAN,217,K,B,0.198,0.079,0.592,0.329,0.388333333333
sp_P11836_CD20_HUMAN,218,R,B,0.072,0.087,0.683,0.230,0.399111111111
sp_P11836_CD20_HUMAN,219,T,B,0.083,0.087,0.683,0.230,0.415555555556
sp_P11836_CD20_HUMAN,220,C,B,0.057,0.022,0.552,0.426,0.426111111111
sp_P11836_CD20_HUMAN,221,S,B,0.088,0.021,0.279,0.699,0.432
sp_P11836_CD20_HUMAN,222,R,E,0.29,0.004,0.085,0.910,0.432777777778
sp_P11836_CD20_HUMAN,223,P,E,0.37,0.005,0.015,0.979,0.426777777778
sp_P11836_CD20_HUMAN,224,K,E,0.484,0.005,0.045,0.951,0.427888888889
sp_P11836_CD20_HUMAN,225,S,E,0.304,0.004,0.138,0.858,0.438333333333
sp_P11836_CD20_HUMAN,226,N,B,0.19,0.004,0.336,0.660,0.431666666667
sp_P11836_CD20_HUMAN,227,I,B,0.103,0.003,0.718,0.279,0.422444444444
sp_P11836_CD20_HUMAN,228,V,B,0.14,0.001,0.900,0.099,0.407666666667
sp_P11836_CD20_HUMAN,229,L,B,0.116,0.002,0.816,0.182,0.409666666667
sp_P11836_CD20_HUMAN,230,L,B,0.066,0.022,0.552,0.426,0.422555555556
sp_P11836_CD20_HUMAN,231,S,B,0.129,0.020,0.205,0.775,0.447777777778
sp_P11836_CD20_HUMAN,232,A,B,0.314,0.018,0.088,0.893,0.491888888889
sp_P11836_CD20_HUMAN,233,E,E,0.437,0.018,0.088,0.893,0.529
sp_P11836_CD20_HUMAN,234,E,E,0.344,0.056,0.142,0.802,0.568777777778
sp_P11836_CD20_HUMAN,235,K,E,0.513,0.052,0.084,0.864,0.611
sp_P11836_CD20_HUMAN,236,K,E,0.47,0.052,0.084,0.864,0.627222222222
sp_P11836_CD20_HUMAN,237,E,E,0.562,0.052,0.084,0.864,0.647111111111
sp_P11836_CD20_HUMAN,238,Q,E,0.63,0.020,0.205,0.775,0.643
sp_P11836_CD20_HUMAN,239,T,E,0.515,0.020,0.205,0.775,0.649777777778
sp_P11836_CD20_HUMAN,240,I,B,0.226,0.020,0.205,0.775,0.640333333333
sp_P11836_CD20_HUMAN,241,E,E,0.609,0.018,0.141,0.840,0.629777777778
sp_P11836_CD20_HUMAN,242,I,E,0.505,0.018,0.047,0.935,0.612888888889
sp_P11836_CD20_HUMAN,243,K,E,0.437,0.018,0.019,0.964,0.608888888889
sp_P11836_CD20_HUMAN,244,E,E,0.67,0.018,0.019,0.964,0.600888888889
sp_P11836_CD20_HUMAN,245,E,E,0.476,0.018,0.047,0.935,0.591666666667
sp_P11836_CD20_HUMAN,246,V,E,0.323,0.018,0.088,0.893,0.583444444444
sp_P11836_CD20_HUMAN,247,V,E,0.443,0.021,0.279,0.699,0.597333333333
sp_P11836_CD20_HUMAN,248,G,E,0.428,0.022,0.552,0.426,0.594222222222
sp_P11836_CD20_HUMAN,249,L,E,0.298,0.024,0.655,0.322,0.597333333333
sp_P11836_CD20_HUMAN,250,T,E,0.376,0.022,0.552,0.426,0.604777777778
sp_P11836_CD20_HUMAN,251,E,E,0.401,0.004,0.263,0.733,0.615777777778
sp_P11836_CD20_HUMAN,252,T,E,0.363,0.018,0.141,0.840,0.623
sp_P11836_CD20_HUMAN,253,S,E,0.349,0.004,0.085,0.910,0.635555555556
sp_P11836_CD20_HUMAN,254,S,E,0.501,0.005,0.045,0.951,0.654222222222
sp_P11836_CD20_HUMAN,255,Q,E,0.31,0.018,0.019,0.964,0.665555555556
sp_P11836_CD20_HUMAN,256,P,E,0.54,0.018,0.019,0.964,0.664666666667
sp_P11836_CD20_HUMAN,257,K,E,0.508,0.018,0.019,0.964,0.670888888889
sp_P11836_CD20_HUMAN,258,N,E,0.61,0.018,0.047,0.935,0.655
sp_P11836_CD20_HUMAN,259,E,E,0.514,0.053,0.043,0.903,0.657777777778
sp_P11836_CD20_HUMAN,260,E,E,0.609,0.113,0.043,0.844,0.648444444444
sp_P11836_CD20_HUMAN,261,D,E,0.51,0.191,0.086,0.723,0.633888888889
sp_P11836_CD20_HUMAN,262,I,E,0.295,0.216,0.235,0.548,0.624888888889
sp_P11836_CD20_HUMAN,263,E,E,0.49,0.148,0.418,0.435,0.623222222222
sp_P11836_CD20_HUMAN,264,I,E,0.483,0.148,0.418,0.435,0.613555555556
sp_P11836_CD20_HUMAN,265,I,B,0.136,0.148,0.418,0.435,0.603888888889
sp_P11836_CD20_HUMAN,266,P,E,0.489,0.135,0.317,0.548,0.601111111111
sp_P11836_CD20_HUMAN,267,I,E,0.284,0.118,0.150,0.732,0.613555555556
sp_P11836_CD20_HUMAN,268,Q,E,0.441,0.199,0.152,0.649,0.612111111111
sp_P11836_CD20_HUMAN,269,E,E,0.504,0.278,0.093,0.628,0.625666666667
sp_P11836_CD20_HUMAN,270,E,E,0.491,0.386,0.097,0.517,0.637777777778
sp_P11836_CD20_HUMAN,271,E,E,0.433,0.428,0.171,0.402,0.638777777778
sp_P11836_CD20_HUMAN,272,E,E,0.64,0.428,0.171,0.402,0.646333333333
sp_P11836_CD20_HUMAN,273,E,E,0.394,0.386,0.097,0.517,0.659666666667
sp_P11836_CD20_HUMAN,274,E,E,0.609,0.268,0.043,0.689,0.668888888889
sp_P11836_CD20_HUMAN,275,T,E,0.47,0.184,0.043,0.773,0.662111111111
sp_P11836_CD20_HUMAN,276,E,E,0.52,0.113,0.087,0.800,0.665
sp_P11836_CD20_HUMAN,277,T,E,0.368,0.052,0.084,0.864,0.663888888889
sp_P11836_CD20_HUMAN,278,N,E,0.392,0.018,0.088,0.893,0.646444444444
sp_P11836_CD20_HUMAN,279,F,B,0.223,0.018,0.088,0.893,0.630666666667
sp_P11836_CD20_HUMAN,280,P,E,0.344,0.018,0.141,0.840,0.638111111111
sp_P11836_CD20_HUMAN,281,E,E,0.396,0.018,0.088,0.893,0.632333333333
sp_P11836_CD20_HUMAN,282,P,B,0.189,0.005,0.015,0.979,0.633888888889
sp_P11836_CD20_HUMAN,283,P,E,0.281,0.018,0.019,0.964,0.646888888889
sp_P11836_CD20_HUMAN,284,Q,E,0.599,0.018,0.019,0.964,0.657222222222
sp_P11836_CD20_HUMAN,285,D,E,0.53,0.018,0.019,0.964,0.659
sp_P11836_CD20_HUMAN,286,Q,E,0.518,0.018,0.019,0.964,0.657888888889
sp_P11836_CD20_HUMAN,287,E,E,0.5,0.058,0.017,0.925,0.670777777778
sp_P11836_CD20_HUMAN,288,S,E,0.619,0.053,0.043,0.903,0.671888888889
sp_P11836_CD20_HUMAN,289,S,E,0.456,0.053,0.043,0.903,0.654333333333
sp_P11836_CD20_HUMAN,290,P,E,0.294,0.053,0.043,0.903,0.645111111111
sp_P11836_CD20_HUMAN,291,I,E,0.391,0.058,0.017,0.925,0.624555555556
sp_P11836_CD20_HUMAN,292,E,E,0.74,0.018,0.019,0.964,0.602555555556
sp_P11836_CD20_HUMAN,293,N,E,0.57,0.018,0.019,0.964,0.579333333333
sp_P11836_CD20_HUMAN,294,D,E,0.495,0.018,0.019,0.964,0.504111111111
sp_P11836_CD20_HUMAN,295,S,E,0.517,0.005,0.015,0.979,0.431
sp_P11836_CD20_HUMAN,296,S,E,0.634,0.003,0.003,0.994,0.356555555556
sp_P11836_CD20_HUMAN,297,P,E,0.778,0.000,0.001,0.999,0.295444444444
