Entry,Position,AminoAcid,Exposed/Buried,RelativeSurfaceAccessilibity,HelixProbability,SheetProbability,CoilProbability,EpitopeProbability
sp_Q9BZM4_ULBP3_HUMAN,1,M,E,0.69,0.016,0.005,0.979,0.233666666667
sp_Q9BZM4_ULBP3_HUMAN,2,A,E,0.449,0.184,0.043,0.773,0.294888888889
sp_Q9BZM4_ULBP3_HUMAN,3,A,E,0.476,0.278,0.093,0.628,0.352777777778
sp_Q9BZM4_ULBP3_HUMAN,4,A,E,0.388,0.268,0.043,0.689,0.412666666667
sp_Q9BZM4_ULBP3_HUMAN,5,A,E,0.479,0.353,0.048,0.598,0.463333333333
sp_Q9BZM4_ULBP3_HUMAN,6,S,B,0.252,0.257,0.016,0.727,0.468666666667
sp_Q9BZM4_ULBP3_HUMAN,7,P,E,0.339,0.339,0.016,0.645,0.462555555556
sp_Q9BZM4_ULBP3_HUMAN,8,A,B,0.213,0.622,0.015,0.363,0.445111111111
sp_Q9BZM4_ULBP3_HUMAN,9,I,B,0.17,0.859,0.002,0.139,0.422111111111
sp_Q9BZM4_ULBP3_HUMAN,10,L,B,0.113,0.923,0.002,0.076,0.395444444444
sp_Q9BZM4_ULBP3_HUMAN,11,P,B,0.097,0.923,0.002,0.076,0.356444444444
sp_Q9BZM4_ULBP3_HUMAN,12,R,B,0.141,0.970,0.001,0.029,0.321777777778
sp_Q9BZM4_ULBP3_HUMAN,13,L,B,0.135,0.970,0.001,0.029,0.295666666667
sp_Q9BZM4_ULBP3_HUMAN,14,A,B,0.09,0.970,0.001,0.029,0.274888888889
sp_Q9BZM4_ULBP3_HUMAN,15,I,B,0.084,0.970,0.001,0.029,0.266777777778
sp_Q9BZM4_ULBP3_HUMAN,16,L,B,0.097,0.970,0.001,0.029,0.275
sp_Q9BZM4_ULBP3_HUMAN,17,P,B,0.123,0.923,0.002,0.076,0.274777777778
sp_Q9BZM4_ULBP3_HUMAN,18,Y,B,0.089,0.923,0.002,0.076,0.289333333333
sp_Q9BZM4_ULBP3_HUMAN,19,L,B,0.105,0.878,0.010,0.111,0.306777777778
sp_Q9BZM4_ULBP3_HUMAN,20,L,B,0.113,0.782,0.003,0.215,0.345666666667
sp_Q9BZM4_ULBP3_HUMAN,21,F,B,0.081,0.600,0.003,0.397,0.38
sp_Q9BZM4_ULBP3_HUMAN,22,D,B,0.072,0.406,0.004,0.591,0.410111111111
sp_Q9BZM4_ULBP3_HUMAN,23,W,B,0.072,0.257,0.016,0.727,0.437777777778
sp_Q9BZM4_ULBP3_HUMAN,24,S,B,0.106,0.176,0.004,0.820,0.471666666667
sp_Q9BZM4_ULBP3_HUMAN,25,G,E,0.365,0.109,0.005,0.886,0.479666666667
sp_Q9BZM4_ULBP3_HUMAN,26,T,E,0.356,0.058,0.017,0.925,0.503777777778
sp_Q9BZM4_ULBP3_HUMAN,27,G,B,0.057,0.018,0.019,0.964,0.510555555556
sp_Q9BZM4_ULBP3_HUMAN,28,R,B,0.221,0.018,0.047,0.935,0.518666666667
sp_Q9BZM4_ULBP3_HUMAN,29,A,B,0.097,0.018,0.088,0.893,0.493
sp_Q9BZM4_ULBP3_HUMAN,30,D,B,0.146,0.018,0.088,0.893,0.470666666667
sp_Q9BZM4_ULBP3_HUMAN,31,A,B,0.122,0.018,0.141,0.840,0.447
sp_Q9BZM4_ULBP3_HUMAN,32,H,B,0.054,0.021,0.452,0.528,0.430888888889
sp_Q9BZM4_ULBP3_HUMAN,33,S,B,0.043,0.021,0.756,0.223,0.405444444444
sp_Q9BZM4_ULBP3_HUMAN,34,L,B,0.024,0.018,0.846,0.136,0.393222222222
sp_Q9BZM4_ULBP3_HUMAN,35,W,B,0.077,0.018,0.846,0.136,0.369
sp_Q9BZM4_ULBP3_HUMAN,36,Y,B,0.02,0.001,0.900,0.099,0.359333333333
sp_Q9BZM4_ULBP3_HUMAN,37,N,B,0.047,0.001,0.959,0.040,0.350111111111
sp_Q9BZM4_ULBP3_HUMAN,38,F,B,0.031,0.001,0.959,0.040,0.365
sp_Q9BZM4_ULBP3_HUMAN,39,T,B,0.024,0.001,0.900,0.099,0.393555555556
sp_Q9BZM4_ULBP3_HUMAN,40,I,B,0.03,0.001,0.900,0.099,0.423888888889
sp_Q9BZM4_ULBP3_HUMAN,41,I,B,0.086,0.002,0.816,0.182,0.448444444444
sp_Q9BZM4_ULBP3_HUMAN,42,H,B,0.057,0.004,0.420,0.576,0.478333333333
sp_Q9BZM4_ULBP3_HUMAN,43,L,E,0.35,0.004,0.085,0.910,0.495444444444
sp_Q9BZM4_ULBP3_HUMAN,44,P,E,0.519,0.005,0.015,0.979,0.523888888889
sp_Q9BZM4_ULBP3_HUMAN,45,R,E,0.391,0.005,0.015,0.979,0.539666666667
sp_Q9BZM4_ULBP3_HUMAN,46,H,E,0.524,0.005,0.015,0.979,0.552444444444
sp_Q9BZM4_ULBP3_HUMAN,47,G,E,0.478,0.005,0.015,0.979,0.537444444444
sp_Q9BZM4_ULBP3_HUMAN,48,Q,B,0.197,0.004,0.085,0.910,0.511666666667
sp_Q9BZM4_ULBP3_HUMAN,49,Q,B,0.106,0.004,0.263,0.733,0.465333333333
sp_Q9BZM4_ULBP3_HUMAN,50,W,B,0.21,0.003,0.718,0.279,0.441444444444
sp_Q9BZM4_ULBP3_HUMAN,51,C,B,0.032,0.001,0.900,0.099,0.400666666667
sp_Q9BZM4_ULBP3_HUMAN,52,E,B,0.094,0.001,0.959,0.040,0.387555555556
sp_Q9BZM4_ULBP3_HUMAN,53,V,B,0.025,0.001,0.983,0.017,0.364333333333
sp_Q9BZM4_ULBP3_HUMAN,54,Q,B,0.067,0.001,0.983,0.017,0.357888888889
sp_Q9BZM4_ULBP3_HUMAN,55,S,B,0.036,0.001,0.959,0.040,0.359777777778
sp_Q9BZM4_ULBP3_HUMAN,56,Q,B,0.158,0.001,0.959,0.040,0.379222222222
sp_Q9BZM4_ULBP3_HUMAN,57,V,B,0.043,0.002,0.816,0.182,0.394888888889
sp_Q9BZM4_ULBP3_HUMAN,58,D,E,0.302,0.005,0.045,0.951,0.410444444444
sp_Q9BZM4_ULBP3_HUMAN,59,Q,E,0.609,0.003,0.003,0.994,0.412777777778
sp_Q9BZM4_ULBP3_HUMAN,60,K,E,0.316,0.003,0.718,0.279,0.437777777778
sp_Q9BZM4_ULBP3_HUMAN,61,N,B,0.268,0.001,0.900,0.099,0.444111111111
sp_Q9BZM4_ULBP3_HUMAN,62,F,B,0.063,0.001,0.900,0.099,0.451333333333
sp_Q9BZM4_ULBP3_HUMAN,63,L,B,0.094,0.001,0.959,0.040,0.458
sp_Q9BZM4_ULBP3_HUMAN,64,S,B,0.208,0.001,0.900,0.099,0.465333333333
sp_Q9BZM4_ULBP3_HUMAN,65,Y,B,0.068,0.002,0.816,0.182,0.473
sp_Q9BZM4_ULBP3_HUMAN,66,D,B,0.216,0.004,0.420,0.576,0.482444444444
sp_Q9BZM4_ULBP3_HUMAN,67,C,B,0.245,0.018,0.088,0.893,0.497555555556
sp_Q9BZM4_ULBP3_HUMAN,68,G,E,0.684,0.018,0.047,0.935,0.508888888889
sp_Q9BZM4_ULBP3_HUMAN,69,S,E,0.445,0.018,0.019,0.964,0.507111111111
sp_Q9BZM4_ULBP3_HUMAN,70,D,E,0.484,0.018,0.088,0.893,0.523555555556
sp_Q9BZM4_ULBP3_HUMAN,71,K,E,0.373,0.022,0.552,0.426,0.539111111111
sp_Q9BZM4_ULBP3_HUMAN,72,V,B,0.182,0.021,0.756,0.223,0.551333333333
sp_Q9BZM4_ULBP3_HUMAN,73,L,B,0.243,0.021,0.756,0.223,0.548777777778
sp_Q9BZM4_ULBP3_HUMAN,74,S,B,0.228,0.024,0.655,0.322,0.539555555556
sp_Q9BZM4_ULBP3_HUMAN,75,M,E,0.314,0.022,0.359,0.619,0.533
sp_Q9BZM4_ULBP3_HUMAN,76,G,E,0.349,0.118,0.150,0.732,0.551222222222
sp_Q9BZM4_ULBP3_HUMAN,77,H,E,0.486,0.353,0.048,0.598,0.565777777778
sp_Q9BZM4_ULBP3_HUMAN,78,L,B,0.181,0.430,0.016,0.555,0.582555555556
sp_Q9BZM4_ULBP3_HUMAN,79,E,B,0.24,0.430,0.016,0.555,0.593666666667
sp_Q9BZM4_ULBP3_HUMAN,80,E,E,0.595,0.430,0.016,0.555,0.590555555556
sp_Q9BZM4_ULBP3_HUMAN,81,Q,E,0.599,0.339,0.016,0.645,0.585
sp_Q9BZM4_ULBP3_HUMAN,82,L,E,0.418,0.181,0.017,0.803,0.587111111111
sp_Q9BZM4_ULBP3_HUMAN,83,Y,E,0.459,0.058,0.017,0.925,0.601777777778
sp_Q9BZM4_ULBP3_HUMAN,84,A,E,0.494,0.018,0.019,0.964,0.604333333333
sp_Q9BZM4_ULBP3_HUMAN,85,T,E,0.546,0.782,0.003,0.215,0.591444444444
sp_Q9BZM4_ULBP3_HUMAN,86,D,E,0.65,0.859,0.002,0.139,0.582666666667
sp_Q9BZM4_ULBP3_HUMAN,87,A,B,0.203,0.923,0.002,0.076,0.565666666667
sp_Q9BZM4_ULBP3_HUMAN,88,W,B,0.059,0.970,0.001,0.029,0.547444444444
sp_Q9BZM4_ULBP3_HUMAN,89,G,E,0.476,0.970,0.001,0.029,0.548111111111
sp_Q9BZM4_ULBP3_HUMAN,90,K,E,0.483,0.970,0.001,0.029,0.550666666667
sp_Q9BZM4_ULBP3_HUMAN,91,Q,B,0.08,0.970,0.001,0.029,0.521444444444
sp_Q9BZM4_ULBP3_HUMAN,92,L,B,0.097,0.970,0.001,0.029,0.515888888889
sp_Q9BZM4_ULBP3_HUMAN,93,E,E,0.525,0.970,0.001,0.029,0.519555555556
sp_Q9BZM4_ULBP3_HUMAN,94,M,E,0.267,0.970,0.001,0.029,0.511666666667
sp_Q9BZM4_ULBP3_HUMAN,95,L,B,0.034,0.970,0.001,0.029,0.495555555556
sp_Q9BZM4_ULBP3_HUMAN,96,R,E,0.349,0.970,0.001,0.029,0.503444444444
sp_Q9BZM4_ULBP3_HUMAN,97,E,E,0.469,0.923,0.002,0.076,0.517333333333
sp_Q9BZM4_ULBP3_HUMAN,98,V,B,0.164,0.923,0.002,0.076,0.501
sp_Q9BZM4_ULBP3_HUMAN,99,G,B,0.138,0.859,0.002,0.139,0.499888888889
sp_Q9BZM4_ULBP3_HUMAN,100,Q,E,0.418,0.938,0.007,0.055,0.519777777778
sp_Q9BZM4_ULBP3_HUMAN,101,R,B,0.249,0.975,0.003,0.022,0.505888888889
sp_Q9BZM4_ULBP3_HUMAN,102,L,B,0.066,0.938,0.007,0.055,0.471555555556
sp_Q9BZM4_ULBP3_HUMAN,103,R,E,0.242,0.938,0.007,0.055,0.472666666667
sp_Q9BZM4_ULBP3_HUMAN,104,L,E,0.3,0.938,0.007,0.055,0.480111111111
sp_Q9BZM4_ULBP3_HUMAN,105,E,B,0.133,0.938,0.007,0.055,0.461111111111
sp_Q9BZM4_ULBP3_HUMAN,106,L,B,0.02,0.923,0.002,0.076,0.440888888889
sp_Q9BZM4_ULBP3_HUMAN,107,A,E,0.357,0.923,0.002,0.076,0.448111111111
sp_Q9BZM4_ULBP3_HUMAN,108,D,E,0.263,0.938,0.007,0.055,0.449
sp_Q9BZM4_ULBP3_HUMAN,109,T,B,0.031,0.938,0.007,0.055,0.457222222222
sp_Q9BZM4_ULBP3_HUMAN,110,E,B,0.174,0.878,0.010,0.111,0.477777777778
sp_Q9BZM4_ULBP3_HUMAN,111,L,E,0.557,0.831,0.044,0.125,0.526111111111
sp_Q9BZM4_ULBP3_HUMAN,112,E,E,0.312,0.751,0.050,0.199,0.543888888889
sp_Q9BZM4_ULBP3_HUMAN,113,D,B,0.259,0.353,0.048,0.598,0.562222222222
sp_Q9BZM4_ULBP3_HUMAN,114,F,E,0.451,0.113,0.043,0.844,0.571777777778
sp_Q9BZM4_ULBP3_HUMAN,115,T,E,0.451,0.053,0.043,0.903,0.580888888889
sp_Q9BZM4_ULBP3_HUMAN,116,P,E,0.582,0.053,0.043,0.903,0.585111111111
sp_Q9BZM4_ULBP3_HUMAN,117,S,E,0.587,0.018,0.047,0.935,0.581444444444
sp_Q9BZM4_ULBP3_HUMAN,118,G,E,0.398,0.018,0.088,0.893,0.555
sp_Q9BZM4_ULBP3_HUMAN,119,P,E,0.291,0.018,0.141,0.840,0.537
sp_Q9BZM4_ULBP3_HUMAN,120,L,B,0.167,0.004,0.420,0.576,0.501777777778
sp_Q9BZM4_ULBP3_HUMAN,121,T,B,0.23,0.003,0.718,0.279,0.483555555556
sp_Q9BZM4_ULBP3_HUMAN,122,L,B,0.079,0.002,0.816,0.182,0.466888888889
sp_Q9BZM4_ULBP3_HUMAN,123,Q,B,0.123,0.001,0.900,0.099,0.463444444444
sp_Q9BZM4_ULBP3_HUMAN,124,V,B,0.17,0.001,0.900,0.099,0.437777777778
sp_Q9BZM4_ULBP3_HUMAN,125,R,B,0.206,0.001,0.900,0.099,0.429888888889
sp_Q9BZM4_ULBP3_HUMAN,126,M,B,0.187,0.002,0.816,0.182,0.414111111111
sp_Q9BZM4_ULBP3_HUMAN,127,S,B,0.122,0.002,0.816,0.182,0.429777777778
sp_Q9BZM4_ULBP3_HUMAN,128,C,B,0.064,0.002,0.816,0.182,0.434222222222
sp_Q9BZM4_ULBP3_HUMAN,129,E,E,0.348,0.001,0.900,0.099,0.453777777778
sp_Q9BZM4_ULBP3_HUMAN,130,C,B,0.253,0.001,0.900,0.099,0.458888888889
sp_Q9BZM4_ULBP3_HUMAN,131,E,E,0.38,0.002,0.816,0.182,0.458666666667
sp_Q9BZM4_ULBP3_HUMAN,132,A,E,0.503,0.004,0.420,0.576,0.467444444444
sp_Q9BZM4_ULBP3_HUMAN,133,D,E,0.672,0.018,0.141,0.840,0.492777777778
sp_Q9BZM4_ULBP3_HUMAN,134,G,E,0.533,0.004,0.336,0.660,0.501666666667
sp_Q9BZM4_ULBP3_HUMAN,135,Y,E,0.399,0.004,0.514,0.481,0.508333333333
sp_Q9BZM4_ULBP3_HUMAN,136,I,B,0.25,0.004,0.420,0.576,0.507222222222
sp_Q9BZM4_ULBP3_HUMAN,137,R,E,0.381,0.004,0.336,0.660,0.5
sp_Q9BZM4_ULBP3_HUMAN,138,G,B,0.134,0.004,0.616,0.381,0.484555555556
sp_Q9BZM4_ULBP3_HUMAN,139,S,B,0.122,0.001,0.900,0.099,0.465
sp_Q9BZM4_ULBP3_HUMAN,140,W,B,0.134,0.001,0.959,0.040,0.460444444444
sp_Q9BZM4_ULBP3_HUMAN,141,Q,B,0.146,0.001,0.959,0.040,0.458333333333
sp_Q9BZM4_ULBP3_HUMAN,142,F,B,0.101,0.001,0.900,0.099,0.442666666667
sp_Q9BZM4_ULBP3_HUMAN,143,S,B,0.058,0.004,0.616,0.381,0.446
sp_Q9BZM4_ULBP3_HUMAN,144,F,B,0.123,0.004,0.514,0.481,0.447666666667
sp_Q9BZM4_ULBP3_HUMAN,145,D,E,0.325,0.004,0.138,0.858,0.436
sp_Q9BZM4_ULBP3_HUMAN,146,G,B,0.184,0.018,0.047,0.935,0.417888888889
sp_Q9BZM4_ULBP3_HUMAN,147,R,E,0.294,0.004,0.263,0.733,0.409111111111
sp_Q9BZM4_ULBP3_HUMAN,148,K,B,0.16,0.004,0.616,0.381,0.407777777778
sp_Q9BZM4_ULBP3_HUMAN,149,F,B,0.078,0.002,0.816,0.182,0.410222222222
sp_Q9BZM4_ULBP3_HUMAN,150,L,B,0.017,0.001,0.900,0.099,0.415
sp_Q9BZM4_ULBP3_HUMAN,151,L,B,0.068,0.001,0.959,0.040,0.436
sp_Q9BZM4_ULBP3_HUMAN,152,F,B,0.042,0.001,0.959,0.040,0.426333333333
sp_Q9BZM4_ULBP3_HUMAN,153,D,B,0.146,0.002,0.816,0.182,0.438
sp_Q9BZM4_ULBP3_HUMAN,154,S,E,0.33,0.004,0.336,0.660,0.460666666667
sp_Q9BZM4_ULBP3_HUMAN,155,N,E,0.578,0.020,0.205,0.775,0.471555555556
sp_Q9BZM4_ULBP3_HUMAN,156,N,E,0.457,0.018,0.141,0.840,0.487888888889
sp_Q9BZM4_ULBP3_HUMAN,157,R,E,0.273,0.021,0.279,0.699,0.480111111111
sp_Q9BZM4_ULBP3_HUMAN,158,K,E,0.333,0.024,0.655,0.322,0.481
sp_Q9BZM4_ULBP3_HUMAN,159,W,B,0.084,0.021,0.756,0.223,0.476333333333
sp_Q9BZM4_ULBP3_HUMAN,160,T,E,0.252,0.003,0.718,0.279,0.473111111111
sp_Q9BZM4_ULBP3_HUMAN,161,V,B,0.079,0.004,0.514,0.481,0.477777777778
sp_Q9BZM4_ULBP3_HUMAN,162,V,B,0.204,0.018,0.141,0.840,0.455666666667
sp_Q9BZM4_ULBP3_HUMAN,163,H,E,0.349,0.257,0.016,0.727,0.463888888889
sp_Q9BZM4_ULBP3_HUMAN,164,A,E,0.512,0.782,0.003,0.215,0.488
sp_Q9BZM4_ULBP3_HUMAN,165,G,E,0.285,0.923,0.002,0.076,0.487222222222
sp_Q9BZM4_ULBP3_HUMAN,166,A,B,0.036,0.970,0.001,0.029,0.506333333333
sp_Q9BZM4_ULBP3_HUMAN,167,R,E,0.342,0.975,0.003,0.022,0.513333333333
sp_Q9BZM4_ULBP3_HUMAN,168,R,E,0.372,0.975,0.003,0.022,0.517666666667
sp_Q9BZM4_ULBP3_HUMAN,169,M,B,0.044,0.970,0.001,0.029,0.510333333333
sp_Q9BZM4_ULBP3_HUMAN,170,K,B,0.168,0.970,0.001,0.029,0.519888888889
sp_Q9BZM4_ULBP3_HUMAN,171,E,E,0.521,0.970,0.001,0.029,0.540444444444
sp_Q9BZM4_ULBP3_HUMAN,172,K,E,0.265,0.970,0.001,0.029,0.533555555556
sp_Q9BZM4_ULBP3_HUMAN,173,W,B,0.058,0.923,0.002,0.076,0.523777777778
sp_Q9BZM4_ULBP3_HUMAN,174,E,E,0.451,0.923,0.002,0.076,0.534666666667
sp_Q9BZM4_ULBP3_HUMAN,175,K,E,0.627,0.782,0.003,0.215,0.543777777778
sp_Q9BZM4_ULBP3_HUMAN,176,D,B,0.289,0.694,0.003,0.303,0.539
sp_Q9BZM4_ULBP3_HUMAN,177,S,B,0.286,0.859,0.002,0.139,0.538111111111
sp_Q9BZM4_ULBP3_HUMAN,178,G,E,0.474,0.923,0.002,0.076,0.543777777778
sp_Q9BZM4_ULBP3_HUMAN,179,L,B,0.282,0.970,0.001,0.029,0.518444444444
sp_Q9BZM4_ULBP3_HUMAN,180,T,B,0.176,0.970,0.001,0.029,0.506
sp_Q9BZM4_ULBP3_HUMAN,181,T,E,0.476,0.970,0.001,0.029,0.497333333333
sp_Q9BZM4_ULBP3_HUMAN,182,F,E,0.309,0.970,0.001,0.029,0.49
sp_Q9BZM4_ULBP3_HUMAN,183,F,B,0.132,0.938,0.007,0.055,0.472444444444
sp_Q9BZM4_ULBP3_HUMAN,184,K,B,0.23,0.878,0.010,0.111,0.474222222222
sp_Q9BZM4_ULBP3_HUMAN,185,M,E,0.377,0.878,0.010,0.111,0.483111111111
sp_Q9BZM4_ULBP3_HUMAN,186,V,B,0.124,0.878,0.010,0.111,0.473111111111
sp_Q9BZM4_ULBP3_HUMAN,187,S,B,0.048,0.802,0.014,0.185,0.452666666667
sp_Q9BZM4_ULBP3_HUMAN,188,M,B,0.252,0.802,0.014,0.185,0.459333333333
sp_Q9BZM4_ULBP3_HUMAN,189,R,E,0.477,0.717,0.014,0.269,0.461
sp_Q9BZM4_ULBP3_HUMAN,190,D,E,0.348,0.717,0.014,0.269,0.465666666667
sp_Q9BZM4_ULBP3_HUMAN,191,C,B,0.013,0.717,0.014,0.269,0.457333333333
sp_Q9BZM4_ULBP3_HUMAN,192,K,B,0.143,0.923,0.002,0.076,0.481333333333
sp_Q9BZM4_ULBP3_HUMAN,193,S,E,0.541,0.970,0.001,0.029,0.467888888889
sp_Q9BZM4_ULBP3_HUMAN,194,W,B,0.179,0.988,0.000,0.012,0.438333333333
sp_Q9BZM4_ULBP3_HUMAN,195,L,B,0.017,0.988,0.000,0.012,0.431111111111
sp_Q9BZM4_ULBP3_HUMAN,196,R,E,0.342,0.988,0.000,0.012,0.450444444444
sp_Q9BZM4_ULBP3_HUMAN,197,D,E,0.399,0.970,0.001,0.029,0.453
sp_Q9BZM4_ULBP3_HUMAN,198,F,B,0.047,0.923,0.002,0.076,0.453444444444
sp_Q9BZM4_ULBP3_HUMAN,199,L,B,0.124,0.923,0.002,0.076,0.467444444444
sp_Q9BZM4_ULBP3_HUMAN,200,M,E,0.612,0.859,0.002,0.139,0.499222222222
sp_Q9BZM4_ULBP3_HUMAN,201,H,E,0.341,0.694,0.003,0.303,0.507111111111
sp_Q9BZM4_ULBP3_HUMAN,202,R,B,0.204,0.502,0.002,0.495,0.522333333333
sp_Q9BZM4_ULBP3_HUMAN,203,K,E,0.534,0.430,0.016,0.555,0.567666666667
sp_Q9BZM4_ULBP3_HUMAN,204,K,E,0.624,0.339,0.016,0.645,0.587666666667
sp_Q9BZM4_ULBP3_HUMAN,205,R,E,0.472,0.184,0.043,0.773,0.603444444444
sp_Q9BZM4_ULBP3_HUMAN,206,L,B,0.284,0.113,0.087,0.800,0.614
sp_Q9BZM4_ULBP3_HUMAN,207,E,E,0.497,0.118,0.150,0.732,0.617111111111
sp_Q9BZM4_ULBP3_HUMAN,208,P,E,0.441,0.064,0.216,0.721,0.597222222222
sp_Q9BZM4_ULBP3_HUMAN,209,T,E,0.437,0.064,0.216,0.721,0.580888888889
sp_Q9BZM4_ULBP3_HUMAN,210,A,E,0.397,0.064,0.216,0.721,0.555777777778
sp_Q9BZM4_ULBP3_HUMAN,211,P,E,0.43,0.064,0.216,0.721,0.541333333333
sp_Q9BZM4_ULBP3_HUMAN,212,P,B,0.282,0.021,0.279,0.699,0.531
sp_Q9BZM4_ULBP3_HUMAN,213,T,E,0.501,0.022,0.552,0.426,0.534333333333
sp_Q9BZM4_ULBP3_HUMAN,214,M,B,0.256,0.024,0.655,0.322,0.532666666667
sp_Q9BZM4_ULBP3_HUMAN,215,A,E,0.363,0.022,0.552,0.426,0.541888888889
sp_Q9BZM4_ULBP3_HUMAN,216,P,B,0.229,0.021,0.279,0.699,0.558444444444
sp_Q9BZM4_ULBP3_HUMAN,217,G,E,0.367,0.022,0.359,0.619,0.562555555556
sp_Q9BZM4_ULBP3_HUMAN,218,L,E,0.496,0.021,0.452,0.528,0.581888888889
sp_Q9BZM4_ULBP3_HUMAN,219,A,E,0.362,0.021,0.452,0.528,0.592777777778
sp_Q9BZM4_ULBP3_HUMAN,220,Q,E,0.534,0.021,0.279,0.699,0.601555555556
sp_Q9BZM4_ULBP3_HUMAN,221,P,B,0.229,0.018,0.141,0.840,0.580888888889
sp_Q9BZM4_ULBP3_HUMAN,222,K,E,0.49,0.018,0.088,0.893,0.559333333333
sp_Q9BZM4_ULBP3_HUMAN,223,A,E,0.341,0.018,0.047,0.935,0.528555555556
sp_Q9BZM4_ULBP3_HUMAN,224,I,E,0.354,0.018,0.088,0.893,0.489222222222
sp_Q9BZM4_ULBP3_HUMAN,225,A,E,0.282,0.004,0.263,0.733,0.459555555556
sp_Q9BZM4_ULBP3_HUMAN,226,T,B,0.089,0.004,0.616,0.381,0.435333333333
sp_Q9BZM4_ULBP3_HUMAN,227,T,B,0.091,0.003,0.718,0.279,0.414666666667
sp_Q9BZM4_ULBP3_HUMAN,228,L,B,0.04,0.003,0.718,0.279,0.393222222222
sp_Q9BZM4_ULBP3_HUMAN,229,S,B,0.122,0.003,0.718,0.279,0.375222222222
sp_Q9BZM4_ULBP3_HUMAN,230,P,B,0.021,0.004,0.616,0.381,0.372777777778
sp_Q9BZM4_ULBP3_HUMAN,231,W,B,0.146,0.022,0.552,0.426,0.358777777778
sp_Q9BZM4_ULBP3_HUMAN,232,S,B,0.096,0.024,0.655,0.322,0.367777777778
sp_Q9BZM4_ULBP3_HUMAN,233,F,B,0.087,0.021,0.756,0.223,0.376555555556
sp_Q9BZM4_ULBP3_HUMAN,234,L,B,0.193,0.018,0.846,0.136,0.375333333333
sp_Q9BZM4_ULBP3_HUMAN,235,I,B,0.033,0.011,0.918,0.071,0.379333333333
sp_Q9BZM4_ULBP3_HUMAN,236,I,B,0.212,0.006,0.962,0.032,0.372555555556
sp_Q9BZM4_ULBP3_HUMAN,237,L,B,0.041,0.006,0.962,0.032,0.386888888889
sp_Q9BZM4_ULBP3_HUMAN,238,C,B,0.148,0.006,0.962,0.032,0.413
sp_Q9BZM4_ULBP3_HUMAN,239,F,B,0.07,0.006,0.962,0.032,0.429333333333
sp_Q9BZM4_ULBP3_HUMAN,240,I,B,0.254,0.056,0.913,0.030,0.448777777778
sp_Q9BZM4_ULBP3_HUMAN,241,L,B,0.24,0.087,0.683,0.230,0.397555555556
sp_Q9BZM4_ULBP3_HUMAN,242,P,E,0.403,0.064,0.216,0.721,0.359777777778
sp_Q9BZM4_ULBP3_HUMAN,243,G,E,0.557,0.018,0.047,0.935,0.317666666667
sp_Q9BZM4_ULBP3_HUMAN,244,I,E,0.663,0.003,0.003,0.994,0.278777777778
