Entry,Position,AminoAcid,Exposed/Buried,RelativeSurfaceAccessilibity,HelixProbability,SheetProbability,CoilProbability,EpitopeProbability
sp_Q8TD07_RAE1E_HUMAN,1,M,E,0.763,0.016,0.005,0.979,0.299444444444
sp_Q8TD07_RAE1E_HUMAN,2,R,E,0.485,0.056,0.142,0.802,0.365777777778
sp_Q8TD07_RAE1E_HUMAN,3,R,E,0.541,0.064,0.216,0.721,0.438666666667
sp_Q8TD07_RAE1E_HUMAN,4,I,E,0.434,0.064,0.216,0.721,0.499
sp_Q8TD07_RAE1E_HUMAN,5,S,E,0.564,0.064,0.216,0.721,0.555666666667
sp_Q8TD07_RAE1E_HUMAN,6,L,B,0.282,0.056,0.142,0.802,0.571888888889
sp_Q8TD07_RAE1E_HUMAN,7,T,E,0.493,0.053,0.043,0.903,0.557888888889
sp_Q8TD07_RAE1E_HUMAN,8,S,E,0.529,0.116,0.016,0.868,0.546888888889
sp_Q8TD07_RAE1E_HUMAN,9,S,B,0.225,0.181,0.017,0.803,0.516888888889
sp_Q8TD07_RAE1E_HUMAN,10,P,B,0.245,0.430,0.016,0.555,0.480333333333
sp_Q8TD07_RAE1E_HUMAN,11,V,B,0.176,0.660,0.049,0.291,0.446555555556
sp_Q8TD07_RAE1E_HUMAN,12,R,B,0.197,0.779,0.101,0.120,0.391333333333
sp_Q8TD07_RAE1E_HUMAN,13,L,B,0.043,0.870,0.077,0.053,0.350333333333
sp_Q8TD07_RAE1E_HUMAN,14,L,B,0.115,0.831,0.044,0.125,0.308111111111
sp_Q8TD07_RAE1E_HUMAN,15,L,B,0.149,0.911,0.033,0.057,0.267555555556
sp_Q8TD07_RAE1E_HUMAN,16,F,B,0.095,0.911,0.033,0.057,0.231111111111
sp_Q8TD07_RAE1E_HUMAN,17,L,B,0.13,0.938,0.007,0.055,0.198666666667
sp_Q8TD07_RAE1E_HUMAN,18,L,B,0.108,0.878,0.010,0.111,0.192444444444
sp_Q8TD07_RAE1E_HUMAN,19,L,B,0.095,0.878,0.010,0.111,0.198444444444
sp_Q8TD07_RAE1E_HUMAN,20,L,B,0.085,0.802,0.014,0.185,0.209777777778
sp_Q8TD07_RAE1E_HUMAN,21,L,B,0.104,0.717,0.014,0.269,0.250666666667
sp_Q8TD07_RAE1E_HUMAN,22,I,B,0.073,0.622,0.015,0.363,0.292666666667
sp_Q8TD07_RAE1E_HUMAN,23,A,B,0.113,0.406,0.004,0.591,0.341111111111
sp_Q8TD07_RAE1E_HUMAN,24,L,B,0.111,0.246,0.004,0.750,0.373555555556
sp_Q8TD07_RAE1E_HUMAN,25,E,E,0.282,0.116,0.016,0.868,0.415333333333
sp_Q8TD07_RAE1E_HUMAN,26,I,B,0.15,0.058,0.017,0.925,0.440444444444
sp_Q8TD07_RAE1E_HUMAN,27,M,B,0.15,0.053,0.043,0.903,0.469888888889
sp_Q8TD07_RAE1E_HUMAN,28,V,B,0.123,0.053,0.043,0.903,0.473222222222
sp_Q8TD07_RAE1E_HUMAN,29,G,B,0.166,0.018,0.088,0.893,0.466444444444
sp_Q8TD07_RAE1E_HUMAN,30,G,B,0.142,0.018,0.088,0.893,0.445111111111
sp_Q8TD07_RAE1E_HUMAN,31,H,B,0.067,0.022,0.359,0.619,0.428888888889
sp_Q8TD07_RAE1E_HUMAN,32,S,B,0.047,0.004,0.616,0.381,0.399222222222
sp_Q8TD07_RAE1E_HUMAN,33,L,B,0.028,0.002,0.816,0.182,0.385555555556
sp_Q8TD07_RAE1E_HUMAN,34,C,B,0.098,0.018,0.846,0.136,0.365444444444
sp_Q8TD07_RAE1E_HUMAN,35,F,B,0.022,0.001,0.900,0.099,0.352222222222
sp_Q8TD07_RAE1E_HUMAN,36,N,B,0.058,0.001,0.959,0.040,0.346222222222
sp_Q8TD07_RAE1E_HUMAN,37,F,B,0.034,0.001,0.959,0.040,0.348888888889
sp_Q8TD07_RAE1E_HUMAN,38,T,B,0.033,0.001,0.900,0.099,0.381555555556
sp_Q8TD07_RAE1E_HUMAN,39,I,B,0.029,0.001,0.900,0.099,0.416
sp_Q8TD07_RAE1E_HUMAN,40,K,B,0.096,0.002,0.816,0.182,0.442444444444
sp_Q8TD07_RAE1E_HUMAN,41,S,B,0.066,0.004,0.420,0.576,0.480333333333
sp_Q8TD07_RAE1E_HUMAN,42,L,E,0.389,0.004,0.085,0.910,0.501
sp_Q8TD07_RAE1E_HUMAN,43,S,E,0.521,0.005,0.015,0.979,0.525777777778
sp_Q8TD07_RAE1E_HUMAN,44,R,E,0.407,0.005,0.015,0.979,0.546555555556
sp_Q8TD07_RAE1E_HUMAN,45,P,E,0.557,0.005,0.015,0.979,0.558888888889
sp_Q8TD07_RAE1E_HUMAN,46,G,E,0.531,0.005,0.015,0.979,0.551777777778
sp_Q8TD07_RAE1E_HUMAN,47,Q,B,0.22,0.018,0.047,0.935,0.520222222222
sp_Q8TD07_RAE1E_HUMAN,48,P,B,0.157,0.004,0.197,0.799,0.477888888889
sp_Q8TD07_RAE1E_HUMAN,49,W,B,0.262,0.003,0.718,0.279,0.439666666667
sp_Q8TD07_RAE1E_HUMAN,50,C,B,0.039,0.001,0.900,0.099,0.399666666667
sp_Q8TD07_RAE1E_HUMAN,51,E,B,0.103,0.001,0.959,0.040,0.386444444444
sp_Q8TD07_RAE1E_HUMAN,52,A,B,0.03,0.001,0.983,0.017,0.357222222222
sp_Q8TD07_RAE1E_HUMAN,53,Q,B,0.073,0.001,0.983,0.017,0.344666666667
sp_Q8TD07_RAE1E_HUMAN,54,V,B,0.04,0.001,0.959,0.040,0.338444444444
sp_Q8TD07_RAE1E_HUMAN,55,F,B,0.181,0.001,0.959,0.040,0.353555555556
sp_Q8TD07_RAE1E_HUMAN,56,L,B,0.046,0.002,0.816,0.182,0.361333333333
sp_Q8TD07_RAE1E_HUMAN,57,N,E,0.335,0.005,0.045,0.951,0.366444444444
sp_Q8TD07_RAE1E_HUMAN,58,K,E,0.637,0.003,0.003,0.994,0.365444444444
sp_Q8TD07_RAE1E_HUMAN,59,N,E,0.333,0.003,0.718,0.279,0.384333333333
sp_Q8TD07_RAE1E_HUMAN,60,L,B,0.257,0.001,0.900,0.099,0.381666666667
sp_Q8TD07_RAE1E_HUMAN,61,F,B,0.074,0.001,0.900,0.099,0.397222222222
sp_Q8TD07_RAE1E_HUMAN,62,L,B,0.084,0.001,0.959,0.040,0.406555555556
sp_Q8TD07_RAE1E_HUMAN,63,Q,B,0.19,0.001,0.900,0.099,0.414555555556
sp_Q8TD07_RAE1E_HUMAN,64,Y,B,0.066,0.003,0.718,0.279,0.427555555556
sp_Q8TD07_RAE1E_HUMAN,65,N,B,0.249,0.004,0.420,0.576,0.442666666667
sp_Q8TD07_RAE1E_HUMAN,66,S,B,0.211,0.018,0.088,0.893,0.458333333333
sp_Q8TD07_RAE1E_HUMAN,67,D,E,0.693,0.018,0.047,0.935,0.484555555556
sp_Q8TD07_RAE1E_HUMAN,68,N,E,0.496,0.018,0.019,0.964,0.491222222222
sp_Q8TD07_RAE1E_HUMAN,69,N,E,0.481,0.018,0.088,0.893,0.513555555556
sp_Q8TD07_RAE1E_HUMAN,70,M,E,0.372,0.022,0.552,0.426,0.530888888889
sp_Q8TD07_RAE1E_HUMAN,71,V,B,0.187,0.021,0.756,0.223,0.547666666667
sp_Q8TD07_RAE1E_HUMAN,72,K,E,0.304,0.018,0.846,0.136,0.549666666667
sp_Q8TD07_RAE1E_HUMAN,73,P,B,0.255,0.021,0.756,0.223,0.540888888889
sp_Q8TD07_RAE1E_HUMAN,74,L,E,0.326,0.021,0.452,0.528,0.526
sp_Q8TD07_RAE1E_HUMAN,75,G,B,0.29,0.125,0.227,0.648,0.548
sp_Q8TD07_RAE1E_HUMAN,76,L,E,0.467,0.268,0.043,0.689,0.559777777778
sp_Q8TD07_RAE1E_HUMAN,77,L,B,0.139,0.430,0.016,0.555,0.568666666667
sp_Q8TD07_RAE1E_HUMAN,78,G,B,0.17,0.430,0.016,0.555,0.579
sp_Q8TD07_RAE1E_HUMAN,79,K,E,0.536,0.430,0.016,0.555,0.578777777778
sp_Q8TD07_RAE1E_HUMAN,80,K,E,0.593,0.339,0.016,0.645,0.572333333333
sp_Q8TD07_RAE1E_HUMAN,81,V,E,0.423,0.181,0.017,0.803,0.575555555556
sp_Q8TD07_RAE1E_HUMAN,82,Y,E,0.397,0.116,0.016,0.868,0.588
sp_Q8TD07_RAE1E_HUMAN,83,A,E,0.468,0.181,0.017,0.803,0.590888888889
sp_Q8TD07_RAE1E_HUMAN,84,T,E,0.497,0.782,0.003,0.215,0.584666666667
sp_Q8TD07_RAE1E_HUMAN,85,S,E,0.608,0.859,0.002,0.139,0.578222222222
sp_Q8TD07_RAE1E_HUMAN,86,T,B,0.183,0.923,0.002,0.076,0.550111111111
sp_Q8TD07_RAE1E_HUMAN,87,W,B,0.066,0.970,0.001,0.029,0.542111111111
sp_Q8TD07_RAE1E_HUMAN,88,G,E,0.494,0.970,0.001,0.029,0.535666666667
sp_Q8TD07_RAE1E_HUMAN,89,E,E,0.467,0.970,0.001,0.029,0.543555555556
sp_Q8TD07_RAE1E_HUMAN,90,L,B,0.075,0.970,0.001,0.029,0.518111111111
sp_Q8TD07_RAE1E_HUMAN,91,T,B,0.137,0.923,0.002,0.076,0.506222222222
sp_Q8TD07_RAE1E_HUMAN,92,Q,E,0.533,0.923,0.002,0.076,0.518555555556
sp_Q8TD07_RAE1E_HUMAN,93,T,E,0.274,0.923,0.002,0.076,0.511666666667
sp_Q8TD07_RAE1E_HUMAN,94,L,B,0.044,0.923,0.002,0.076,0.494555555556
sp_Q8TD07_RAE1E_HUMAN,95,G,E,0.368,0.970,0.001,0.029,0.516666666667
sp_Q8TD07_RAE1E_HUMAN,96,E,E,0.431,0.970,0.001,0.029,0.509888888889
sp_Q8TD07_RAE1E_HUMAN,97,V,B,0.17,0.923,0.002,0.076,0.492222222222
sp_Q8TD07_RAE1E_HUMAN,98,G,B,0.16,0.923,0.002,0.076,0.480111111111
sp_Q8TD07_RAE1E_HUMAN,99,R,E,0.424,0.970,0.001,0.029,0.496
sp_Q8TD07_RAE1E_HUMAN,100,D,E,0.286,0.970,0.001,0.029,0.489777777778
sp_Q8TD07_RAE1E_HUMAN,101,L,B,0.061,0.970,0.001,0.029,0.456
sp_Q8TD07_RAE1E_HUMAN,102,R,B,0.228,0.970,0.001,0.029,0.445333333333
sp_Q8TD07_RAE1E_HUMAN,103,M,E,0.345,0.970,0.001,0.029,0.450555555556
sp_Q8TD07_RAE1E_HUMAN,104,L,B,0.132,0.970,0.001,0.029,0.423333333333
sp_Q8TD07_RAE1E_HUMAN,105,L,B,0.017,0.970,0.001,0.029,0.408666666667
sp_Q8TD07_RAE1E_HUMAN,106,C,E,0.29,0.970,0.001,0.029,0.420111111111
sp_Q8TD07_RAE1E_HUMAN,107,D,E,0.32,0.988,0.000,0.012,0.417777777778
sp_Q8TD07_RAE1E_HUMAN,108,I,B,0.042,0.970,0.001,0.029,0.417333333333
sp_Q8TD07_RAE1E_HUMAN,109,K,B,0.135,0.970,0.001,0.029,0.449444444444
sp_Q8TD07_RAE1E_HUMAN,110,P,E,0.525,0.923,0.002,0.076,0.493222222222
sp_Q8TD07_RAE1E_HUMAN,111,Q,E,0.337,0.878,0.010,0.111,0.518777777778
sp_Q8TD07_RAE1E_HUMAN,112,I,B,0.277,0.622,0.015,0.363,0.534444444444
sp_Q8TD07_RAE1E_HUMAN,113,K,E,0.583,0.181,0.017,0.803,0.565222222222
sp_Q8TD07_RAE1E_HUMAN,114,T,E,0.513,0.058,0.017,0.925,0.581333333333
sp_Q8TD07_RAE1E_HUMAN,115,S,E,0.542,0.053,0.043,0.903,0.581222222222
sp_Q8TD07_RAE1E_HUMAN,116,D,E,0.503,0.018,0.088,0.893,0.567555555556
sp_Q8TD07_RAE1E_HUMAN,117,P,E,0.392,0.018,0.141,0.840,0.565444444444
sp_Q8TD07_RAE1E_HUMAN,118,S,B,0.287,0.021,0.279,0.699,0.534111111111
sp_Q8TD07_RAE1E_HUMAN,119,T,B,0.249,0.004,0.514,0.481,0.511666666667
sp_Q8TD07_RAE1E_HUMAN,120,L,B,0.126,0.003,0.718,0.279,0.490888888889
sp_Q8TD07_RAE1E_HUMAN,121,Q,E,0.301,0.002,0.816,0.182,0.477
sp_Q8TD07_RAE1E_HUMAN,122,V,B,0.225,0.002,0.816,0.182,0.445888888889
sp_Q8TD07_RAE1E_HUMAN,123,E,B,0.271,0.003,0.718,0.279,0.438666666667
sp_Q8TD07_RAE1E_HUMAN,124,M,B,0.211,0.002,0.816,0.182,0.44
sp_Q8TD07_RAE1E_HUMAN,125,F,B,0.16,0.001,0.900,0.099,0.454111111111
sp_Q8TD07_RAE1E_HUMAN,126,C,B,0.041,0.001,0.900,0.099,0.460111111111
sp_Q8TD07_RAE1E_HUMAN,127,Q,E,0.32,0.002,0.816,0.182,0.474777777778
sp_Q8TD07_RAE1E_HUMAN,128,R,B,0.163,0.003,0.718,0.279,0.491444444444
sp_Q8TD07_RAE1E_HUMAN,129,E,E,0.381,0.004,0.616,0.381,0.488777777778
sp_Q8TD07_RAE1E_HUMAN,130,A,E,0.483,0.004,0.420,0.576,0.488222222222
sp_Q8TD07_RAE1E_HUMAN,131,E,E,0.709,0.004,0.085,0.910,0.502666666667
sp_Q8TD07_RAE1E_HUMAN,132,R,E,0.421,0.004,0.263,0.733,0.488
sp_Q8TD07_RAE1E_HUMAN,133,C,E,0.406,0.004,0.616,0.381,0.483777777778
sp_Q8TD07_RAE1E_HUMAN,134,T,B,0.185,0.003,0.718,0.279,0.472222222222
sp_Q8TD07_RAE1E_HUMAN,135,G,B,0.272,0.004,0.616,0.381,0.454444444444
sp_Q8TD07_RAE1E_HUMAN,136,A,B,0.082,0.003,0.718,0.279,0.432222222222
sp_Q8TD07_RAE1E_HUMAN,137,S,B,0.146,0.001,0.900,0.099,0.394
sp_Q8TD07_RAE1E_HUMAN,138,W,B,0.111,0.001,0.959,0.040,0.397333333333
sp_Q8TD07_RAE1E_HUMAN,139,Q,B,0.149,0.001,0.900,0.099,0.411222222222
sp_Q8TD07_RAE1E_HUMAN,140,F,B,0.108,0.001,0.900,0.099,0.421
sp_Q8TD07_RAE1E_HUMAN,141,A,B,0.067,0.002,0.816,0.182,0.445666666667
sp_Q8TD07_RAE1E_HUMAN,142,T,B,0.197,0.004,0.616,0.381,0.455666666667
sp_Q8TD07_RAE1E_HUMAN,143,N,E,0.397,0.004,0.138,0.858,0.453555555556
sp_Q8TD07_RAE1E_HUMAN,144,G,E,0.356,0.005,0.045,0.951,0.441222222222
sp_Q8TD07_RAE1E_HUMAN,145,E,E,0.342,0.004,0.336,0.660,0.441666666667
sp_Q8TD07_RAE1E_HUMAN,146,K,B,0.196,0.004,0.616,0.381,0.450555555556
sp_Q8TD07_RAE1E_HUMAN,147,S,B,0.087,0.018,0.846,0.136,0.448
sp_Q8TD07_RAE1E_HUMAN,148,L,B,0.026,0.011,0.918,0.071,0.443333333333
sp_Q8TD07_RAE1E_HUMAN,149,L,B,0.1,0.001,0.900,0.099,0.448888888889
sp_Q8TD07_RAE1E_HUMAN,150,F,B,0.061,0.001,0.900,0.099,0.438333333333
sp_Q8TD07_RAE1E_HUMAN,151,D,B,0.174,0.003,0.718,0.279,0.429222222222
sp_Q8TD07_RAE1E_HUMAN,152,A,E,0.398,0.004,0.197,0.799,0.433888888889
sp_Q8TD07_RAE1E_HUMAN,153,M,E,0.618,0.018,0.141,0.840,0.446222222222
sp_Q8TD07_RAE1E_HUMAN,154,N,E,0.487,0.018,0.088,0.893,0.455111111111
sp_Q8TD07_RAE1E_HUMAN,155,M,B,0.262,0.021,0.279,0.699,0.468111111111
sp_Q8TD07_RAE1E_HUMAN,156,T,E,0.367,0.021,0.756,0.223,0.473888888889
sp_Q8TD07_RAE1E_HUMAN,157,W,B,0.088,0.018,0.846,0.136,0.472666666667
sp_Q8TD07_RAE1E_HUMAN,158,T,E,0.321,0.002,0.816,0.182,0.473444444444
sp_Q8TD07_RAE1E_HUMAN,159,V,B,0.132,0.004,0.616,0.381,0.487444444444
sp_Q8TD07_RAE1E_HUMAN,160,I,B,0.226,0.021,0.279,0.699,0.486777777778
sp_Q8TD07_RAE1E_HUMAN,161,N,E,0.354,0.184,0.043,0.773,0.498111111111
sp_Q8TD07_RAE1E_HUMAN,162,H,E,0.525,0.782,0.003,0.215,0.518888888889
sp_Q8TD07_RAE1E_HUMAN,163,E,E,0.338,0.923,0.002,0.076,0.524444444444
sp_Q8TD07_RAE1E_HUMAN,164,A,B,0.046,0.923,0.002,0.076,0.526666666667
sp_Q8TD07_RAE1E_HUMAN,165,S,E,0.374,0.975,0.003,0.022,0.524333333333
sp_Q8TD07_RAE1E_HUMAN,166,K,E,0.411,0.975,0.003,0.022,0.521888888889
sp_Q8TD07_RAE1E_HUMAN,167,I,B,0.059,0.970,0.001,0.029,0.511222222222
sp_Q8TD07_RAE1E_HUMAN,168,K,B,0.149,0.970,0.001,0.029,0.509222222222
sp_Q8TD07_RAE1E_HUMAN,169,E,E,0.539,0.970,0.001,0.029,0.519777777778
sp_Q8TD07_RAE1E_HUMAN,170,T,E,0.3,0.923,0.002,0.076,0.524555555556
sp_Q8TD07_RAE1E_HUMAN,171,W,B,0.064,0.859,0.002,0.139,0.521
sp_Q8TD07_RAE1E_HUMAN,172,K,E,0.561,0.782,0.003,0.215,0.529333333333
sp_Q8TD07_RAE1E_HUMAN,173,K,E,0.621,0.694,0.003,0.303,0.528444444444
sp_Q8TD07_RAE1E_HUMAN,174,D,E,0.32,0.600,0.003,0.397,0.529333333333
sp_Q8TD07_RAE1E_HUMAN,175,R,E,0.411,0.859,0.002,0.139,0.534666666667
sp_Q8TD07_RAE1E_HUMAN,176,G,E,0.525,0.923,0.002,0.076,0.559444444444
sp_Q8TD07_RAE1E_HUMAN,177,L,B,0.261,0.923,0.002,0.076,0.547444444444
sp_Q8TD07_RAE1E_HUMAN,178,E,B,0.166,0.923,0.002,0.076,0.546777777778
sp_Q8TD07_RAE1E_HUMAN,179,K,E,0.557,0.938,0.007,0.055,0.550555555556
sp_Q8TD07_RAE1E_HUMAN,180,Y,E,0.343,0.878,0.010,0.111,0.539888888889
sp_Q8TD07_RAE1E_HUMAN,181,F,B,0.166,0.802,0.014,0.185,0.520777777778
sp_Q8TD07_RAE1E_HUMAN,182,R,E,0.339,0.717,0.014,0.269,0.531555555556
sp_Q8TD07_RAE1E_HUMAN,183,K,E,0.401,0.751,0.050,0.199,0.535666666667
sp_Q8TD07_RAE1E_HUMAN,184,L,B,0.141,0.561,0.047,0.393,0.525777777778
sp_Q8TD07_RAE1E_HUMAN,185,S,B,0.061,0.502,0.102,0.396,0.493
sp_Q8TD07_RAE1E_HUMAN,186,K,E,0.373,0.606,0.105,0.289,0.493111111111
sp_Q8TD07_RAE1E_HUMAN,187,G,E,0.512,0.502,0.102,0.396,0.487333333333
sp_Q8TD07_RAE1E_HUMAN,188,D,E,0.354,0.455,0.046,0.498,0.482777777778
sp_Q8TD07_RAE1E_HUMAN,189,C,B,0.019,0.561,0.047,0.393,0.468111111111
sp_Q8TD07_RAE1E_HUMAN,190,D,B,0.189,0.878,0.010,0.111,0.494222222222
sp_Q8TD07_RAE1E_HUMAN,191,H,E,0.486,0.970,0.001,0.029,0.485666666667
sp_Q8TD07_RAE1E_HUMAN,192,W,B,0.15,0.970,0.001,0.029,0.462666666667
sp_Q8TD07_RAE1E_HUMAN,193,L,B,0.025,0.970,0.001,0.029,0.456
sp_Q8TD07_RAE1E_HUMAN,194,R,E,0.393,0.970,0.001,0.029,0.466555555556
sp_Q8TD07_RAE1E_HUMAN,195,E,E,0.391,0.970,0.001,0.029,0.472111111111
sp_Q8TD07_RAE1E_HUMAN,196,F,B,0.054,0.923,0.002,0.076,0.475666666667
sp_Q8TD07_RAE1E_HUMAN,197,L,B,0.149,0.878,0.010,0.111,0.490111111111
sp_Q8TD07_RAE1E_HUMAN,198,G,E,0.609,0.802,0.014,0.185,0.516777777778
sp_Q8TD07_RAE1E_HUMAN,199,H,E,0.356,0.622,0.015,0.363,0.517
sp_Q8TD07_RAE1E_HUMAN,200,W,B,0.272,0.430,0.016,0.555,0.525333333333
sp_Q8TD07_RAE1E_HUMAN,201,E,E,0.51,0.339,0.016,0.645,0.554888888889
sp_Q8TD07_RAE1E_HUMAN,202,A,E,0.567,0.268,0.043,0.689,0.563333333333
sp_Q8TD07_RAE1E_HUMAN,203,M,E,0.402,0.191,0.086,0.723,0.572666666667
sp_Q8TD07_RAE1E_HUMAN,204,P,B,0.214,0.118,0.150,0.732,0.574222222222
sp_Q8TD07_RAE1E_HUMAN,205,E,E,0.468,0.066,0.296,0.638,0.571666666667
sp_Q8TD07_RAE1E_HUMAN,206,P,E,0.465,0.022,0.359,0.619,0.543555555556
sp_Q8TD07_RAE1E_HUMAN,207,T,E,0.413,0.022,0.359,0.619,0.530888888889
sp_Q8TD07_RAE1E_HUMAN,208,V,E,0.521,0.022,0.552,0.426,0.517666666667
sp_Q8TD07_RAE1E_HUMAN,209,S,E,0.418,0.024,0.655,0.322,0.503111111111
sp_Q8TD07_RAE1E_HUMAN,210,P,E,0.356,0.004,0.514,0.481,0.491555555556
sp_Q8TD07_RAE1E_HUMAN,211,V,E,0.469,0.004,0.616,0.381,0.494333333333
sp_Q8TD07_RAE1E_HUMAN,212,N,B,0.231,0.003,0.718,0.279,0.498666666667
sp_Q8TD07_RAE1E_HUMAN,213,A,E,0.311,0.003,0.718,0.279,0.506
sp_Q8TD07_RAE1E_HUMAN,214,S,B,0.168,0.018,0.846,0.136,0.522666666667
sp_Q8TD07_RAE1E_HUMAN,215,D,B,0.275,0.021,0.756,0.223,0.546777777778
sp_Q8TD07_RAE1E_HUMAN,216,I,E,0.429,0.004,0.514,0.481,0.567777777778
sp_Q8TD07_RAE1E_HUMAN,217,H,E,0.329,0.004,0.263,0.733,0.572
sp_Q8TD07_RAE1E_HUMAN,218,W,E,0.506,0.004,0.085,0.910,0.595333333333
sp_Q8TD07_RAE1E_HUMAN,219,S,E,0.508,0.005,0.045,0.951,0.588222222222
sp_Q8TD07_RAE1E_HUMAN,220,S,E,0.613,0.003,0.003,0.994,0.580777777778
sp_Q8TD07_RAE1E_HUMAN,221,S,E,0.703,0.003,0.003,0.994,0.553444444444
sp_Q8TD07_RAE1E_HUMAN,222,S,E,0.553,0.005,0.045,0.951,0.528
sp_Q8TD07_RAE1E_HUMAN,223,L,B,0.119,0.004,0.197,0.799,0.488111111111
sp_Q8TD07_RAE1E_HUMAN,224,P,E,0.269,0.004,0.616,0.381,0.446
sp_Q8TD07_RAE1E_HUMAN,225,D,B,0.033,0.001,0.900,0.099,0.408666666667
sp_Q8TD07_RAE1E_HUMAN,226,R,B,0.106,0.001,0.959,0.040,0.386444444444
sp_Q8TD07_RAE1E_HUMAN,227,W,B,0.016,0.001,0.959,0.040,0.353333333333
sp_Q8TD07_RAE1E_HUMAN,228,I,B,0.087,0.001,0.959,0.040,0.345
sp_Q8TD07_RAE1E_HUMAN,229,I,B,0.02,0.011,0.918,0.071,0.341888888889
sp_Q8TD07_RAE1E_HUMAN,230,L,B,0.097,0.021,0.756,0.223,0.345222222222
sp_Q8TD07_RAE1E_HUMAN,231,G,B,0.079,0.022,0.552,0.426,0.359888888889
sp_Q8TD07_RAE1E_HUMAN,232,A,B,0.092,0.021,0.452,0.528,0.389333333333
sp_Q8TD07_RAE1E_HUMAN,233,F,B,0.084,0.021,0.279,0.699,0.408
sp_Q8TD07_RAE1E_HUMAN,234,I,B,0.114,0.018,0.088,0.893,0.432222222222
sp_Q8TD07_RAE1E_HUMAN,235,L,E,0.299,0.113,0.043,0.844,0.448222222222
sp_Q8TD07_RAE1E_HUMAN,236,L,E,0.433,0.191,0.086,0.723,0.462444444444
sp_Q8TD07_RAE1E_HUMAN,237,V,B,0.051,0.216,0.235,0.548,0.483666666667
sp_Q8TD07_RAE1E_HUMAN,238,L,E,0.288,0.148,0.418,0.435,0.492888888889
sp_Q8TD07_RAE1E_HUMAN,239,M,B,0.111,0.148,0.418,0.435,0.504888888889
sp_Q8TD07_RAE1E_HUMAN,240,G,E,0.383,0.148,0.418,0.435,0.500111111111
sp_Q8TD07_RAE1E_HUMAN,241,I,B,0.285,0.135,0.317,0.548,0.481666666667
sp_Q8TD07_RAE1E_HUMAN,242,V,E,0.315,0.148,0.418,0.435,0.471111111111
sp_Q8TD07_RAE1E_HUMAN,243,L,B,0.222,0.252,0.423,0.325,0.456444444444
sp_Q8TD07_RAE1E_HUMAN,244,I,B,0.298,0.252,0.423,0.325,0.456
sp_Q8TD07_RAE1E_HUMAN,245,C,B,0.146,0.268,0.505,0.227,0.466777777778
sp_Q8TD07_RAE1E_HUMAN,246,V,B,0.093,0.268,0.505,0.227,0.475111111111
sp_Q8TD07_RAE1E_HUMAN,247,W,B,0.057,0.268,0.505,0.227,0.491111111111
sp_Q8TD07_RAE1E_HUMAN,248,W,B,0.222,0.268,0.505,0.227,0.518222222222
sp_Q8TD07_RAE1E_HUMAN,249,Q,E,0.309,0.148,0.418,0.435,0.541666666667
sp_Q8TD07_RAE1E_HUMAN,250,N,E,0.6,0.018,0.088,0.893,0.567888888889
sp_Q8TD07_RAE1E_HUMAN,251,G,E,0.596,0.018,0.047,0.935,0.594333333333
sp_Q8TD07_RAE1E_HUMAN,252,E,E,0.526,0.064,0.216,0.721,0.619666666667
sp_Q8TD07_RAE1E_HUMAN,253,W,E,0.563,0.069,0.386,0.545,0.629222222222
sp_Q8TD07_RAE1E_HUMAN,254,Q,E,0.332,0.066,0.296,0.638,0.635333333333
sp_Q8TD07_RAE1E_HUMAN,255,A,E,0.562,0.064,0.216,0.721,0.628444444444
sp_Q8TD07_RAE1E_HUMAN,256,G,E,0.342,0.064,0.216,0.721,0.615111111111
sp_Q8TD07_RAE1E_HUMAN,257,L,E,0.31,0.021,0.279,0.699,0.604777777778
sp_Q8TD07_RAE1E_HUMAN,258,W,B,0.303,0.021,0.279,0.699,0.589111111111
sp_Q8TD07_RAE1E_HUMAN,259,P,E,0.601,0.018,0.141,0.840,0.577333333333
sp_Q8TD07_RAE1E_HUMAN,260,L,E,0.531,0.018,0.141,0.840,0.511555555556
sp_Q8TD07_RAE1E_HUMAN,261,R,E,0.522,0.020,0.205,0.775,0.444666666667
sp_Q8TD07_RAE1E_HUMAN,262,T,E,0.518,0.018,0.088,0.893,0.379777777778
sp_Q8TD07_RAE1E_HUMAN,263,S,E,0.865,0.003,0.003,0.994,0.311777777778
