Entry,Position,AminoAcid,Exposed/Buried,RelativeSurfaceAccessilibity,HelixProbability,SheetProbability,CoilProbability,EpitopeProbability
sp_Q01973_ROR1_HUMAN,1,M,E,0.854,0.003,0.003,0.994,0.293555555556
sp_Q01973_ROR1_HUMAN,2,H,E,0.618,0.018,0.019,0.964,0.365888888889
sp_Q01973_ROR1_HUMAN,3,R,E,0.535,0.053,0.043,0.903,0.450666666667
sp_Q01973_ROR1_HUMAN,4,P,E,0.426,0.053,0.043,0.903,0.526111111111
sp_Q01973_ROR1_HUMAN,5,R,E,0.446,0.053,0.043,0.903,0.592333333333
sp_Q01973_ROR1_HUMAN,6,R,E,0.402,0.052,0.084,0.864,0.624666666667
sp_Q01973_ROR1_HUMAN,7,R,E,0.606,0.053,0.043,0.903,0.635888888889
sp_Q01973_ROR1_HUMAN,8,G,E,0.567,0.018,0.047,0.935,0.630555555556
sp_Q01973_ROR1_HUMAN,9,T,E,0.502,0.053,0.043,0.903,0.629888888889
sp_Q01973_ROR1_HUMAN,10,R,E,0.344,0.053,0.043,0.903,0.599
sp_Q01973_ROR1_HUMAN,11,P,E,0.357,0.116,0.016,0.868,0.583333333333
sp_Q01973_ROR1_HUMAN,12,P,E,0.535,0.268,0.043,0.689,0.546111111111
sp_Q01973_ROR1_HUMAN,13,L,B,0.258,0.307,0.165,0.527,0.526666666667
sp_Q01973_ROR1_HUMAN,14,L,B,0.078,0.231,0.330,0.439,0.511888888889
sp_Q01973_ROR1_HUMAN,15,A,E,0.551,0.268,0.505,0.227,0.490333333333
sp_Q01973_ROR1_HUMAN,16,L,B,0.269,0.159,0.516,0.325,0.476777777778
sp_Q01973_ROR1_HUMAN,17,L,E,0.49,0.148,0.418,0.435,0.454888888889
sp_Q01973_ROR1_HUMAN,18,A,E,0.391,0.064,0.216,0.721,0.444555555556
sp_Q01973_ROR1_HUMAN,19,A,B,0.22,0.021,0.279,0.699,0.439777777778
sp_Q01973_ROR1_HUMAN,20,L,E,0.271,0.022,0.552,0.426,0.431888888889
sp_Q01973_ROR1_HUMAN,21,L,B,0.054,0.021,0.756,0.223,0.451888888889
sp_Q01973_ROR1_HUMAN,22,L,E,0.324,0.018,0.846,0.136,0.446111111111
sp_Q01973_ROR1_HUMAN,23,A,B,0.176,0.021,0.756,0.223,0.462222222222
sp_Q01973_ROR1_HUMAN,24,A,E,0.467,0.022,0.552,0.426,0.476
sp_Q01973_ROR1_HUMAN,25,R,E,0.557,0.022,0.359,0.619,0.486666666667
sp_Q01973_ROR1_HUMAN,26,G,B,0.122,0.004,0.336,0.660,0.509333333333
sp_Q01973_ROR1_HUMAN,27,A,E,0.391,0.004,0.420,0.576,0.521777777778
sp_Q01973_ROR1_HUMAN,28,A,E,0.536,0.004,0.263,0.733,0.533888888889
sp_Q01973_ROR1_HUMAN,29,A,E,0.575,0.004,0.085,0.910,0.543222222222
sp_Q01973_ROR1_HUMAN,30,Q,E,0.341,0.005,0.045,0.951,0.505111111111
sp_Q01973_ROR1_HUMAN,31,E,E,0.574,0.004,0.138,0.858,0.498222222222
sp_Q01973_ROR1_HUMAN,32,T,B,0.212,0.004,0.514,0.481,0.453111111111
sp_Q01973_ROR1_HUMAN,33,E,E,0.473,0.002,0.816,0.182,0.426555555556
sp_Q01973_ROR1_HUMAN,34,L,B,0.062,0.001,0.900,0.099,0.398
sp_Q01973_ROR1_HUMAN,35,S,E,0.276,0.001,0.959,0.040,0.387777777778
sp_Q01973_ROR1_HUMAN,36,V,B,0.018,0.001,0.959,0.040,0.398555555556
sp_Q01973_ROR1_HUMAN,37,S,E,0.27,0.001,0.900,0.099,0.412666666667
sp_Q01973_ROR1_HUMAN,38,A,B,0.054,0.003,0.718,0.279,0.422333333333
sp_Q01973_ROR1_HUMAN,39,E,E,0.488,0.004,0.514,0.481,0.457444444444
sp_Q01973_ROR1_HUMAN,40,L,E,0.382,0.004,0.197,0.799,0.470888888889
sp_Q01973_ROR1_HUMAN,41,V,E,0.499,0.018,0.088,0.893,0.508777777778
sp_Q01973_ROR1_HUMAN,42,P,E,0.513,0.020,0.205,0.775,0.528111111111
sp_Q01973_ROR1_HUMAN,43,T,E,0.447,0.004,0.420,0.576,0.551
sp_Q01973_ROR1_HUMAN,44,S,E,0.299,0.004,0.616,0.381,0.555
sp_Q01973_ROR1_HUMAN,45,S,E,0.497,0.003,0.718,0.279,0.537888888889
sp_Q01973_ROR1_HUMAN,46,W,B,0.291,0.003,0.718,0.279,0.525666666667
sp_Q01973_ROR1_HUMAN,47,N,E,0.506,0.004,0.514,0.481,0.514111111111
sp_Q01973_ROR1_HUMAN,48,I,E,0.387,0.004,0.514,0.481,0.502777777778
sp_Q01973_ROR1_HUMAN,49,S,E,0.489,0.003,0.718,0.279,0.506888888889
sp_Q01973_ROR1_HUMAN,50,S,B,0.265,0.001,0.900,0.099,0.510888888889
sp_Q01973_ROR1_HUMAN,51,E,E,0.5,0.001,0.900,0.099,0.514111111111
sp_Q01973_ROR1_HUMAN,52,L,B,0.168,0.002,0.816,0.182,0.515888888889
sp_Q01973_ROR1_HUMAN,53,N,E,0.572,0.004,0.616,0.381,0.512888888889
sp_Q01973_ROR1_HUMAN,54,K,B,0.297,0.004,0.420,0.576,0.502111111111
sp_Q01973_ROR1_HUMAN,55,D,E,0.477,0.022,0.359,0.619,0.493777777778
sp_Q01973_ROR1_HUMAN,56,S,B,0.214,0.021,0.452,0.528,0.477111111111
sp_Q01973_ROR1_HUMAN,57,Y,B,0.185,0.021,0.756,0.223,0.477222222222
sp_Q01973_ROR1_HUMAN,58,L,B,0.081,0.018,0.846,0.136,0.482222222222
sp_Q01973_ROR1_HUMAN,59,T,E,0.291,0.018,0.846,0.136,0.481333333333
sp_Q01973_ROR1_HUMAN,60,L,B,0.123,0.018,0.846,0.136,0.481
sp_Q01973_ROR1_HUMAN,61,D,E,0.369,0.004,0.616,0.381,0.492111111111
sp_Q01973_ROR1_HUMAN,62,E,E,0.364,0.004,0.514,0.481,0.496
sp_Q01973_ROR1_HUMAN,63,P,E,0.553,0.004,0.197,0.799,0.499333333333
sp_Q01973_ROR1_HUMAN,64,M,E,0.313,0.018,0.141,0.840,0.496666666667
sp_Q01973_ROR1_HUMAN,65,N,E,0.525,0.022,0.359,0.619,0.501111111111
sp_Q01973_ROR1_HUMAN,66,N,E,0.532,0.024,0.655,0.322,0.505333333333
sp_Q01973_ROR1_HUMAN,67,I,B,0.209,0.018,0.846,0.136,0.509333333333
sp_Q01973_ROR1_HUMAN,68,T,E,0.398,0.011,0.918,0.071,0.505333333333
sp_Q01973_ROR1_HUMAN,69,T,B,0.113,0.001,0.900,0.099,0.517888888889
sp_Q01973_ROR1_HUMAN,70,S,E,0.463,0.004,0.616,0.381,0.510222222222
sp_Q01973_ROR1_HUMAN,71,L,E,0.351,0.004,0.138,0.858,0.504222222222
sp_Q01973_ROR1_HUMAN,72,G,E,0.617,0.005,0.045,0.951,0.511111111111
sp_Q01973_ROR1_HUMAN,73,Q,E,0.404,0.004,0.138,0.858,0.498
sp_Q01973_ROR1_HUMAN,74,T,E,0.507,0.003,0.718,0.279,0.487444444444
sp_Q01973_ROR1_HUMAN,75,A,B,0.055,0.001,0.959,0.040,0.449888888889
sp_Q01973_ROR1_HUMAN,76,E,E,0.402,0.001,0.959,0.040,0.424444444444
sp_Q01973_ROR1_HUMAN,77,L,B,0.041,0.001,0.959,0.040,0.4
sp_Q01973_ROR1_HUMAN,78,H,E,0.444,0.001,0.900,0.099,0.381333333333
sp_Q01973_ROR1_HUMAN,79,C,B,0.023,0.001,0.900,0.099,0.384666666667
sp_Q01973_ROR1_HUMAN,80,K,E,0.465,0.002,0.816,0.182,0.393555555556
sp_Q01973_ROR1_HUMAN,81,V,B,0.082,0.004,0.616,0.381,0.395555555556
sp_Q01973_ROR1_HUMAN,82,S,E,0.592,0.004,0.420,0.576,0.429444444444
sp_Q01973_ROR1_HUMAN,83,G,E,0.412,0.004,0.138,0.858,0.448333333333
sp_Q01973_ROR1_HUMAN,84,N,E,0.489,0.004,0.085,0.910,0.478111111111
sp_Q01973_ROR1_HUMAN,85,P,B,0.233,0.004,0.085,0.910,0.467
sp_Q01973_ROR1_HUMAN,86,P,E,0.519,0.004,0.085,0.910,0.479888888889
sp_Q01973_ROR1_HUMAN,87,P,B,0.075,0.004,0.263,0.733,0.459333333333
sp_Q01973_ROR1_HUMAN,88,T,E,0.419,0.003,0.718,0.279,0.445333333333
sp_Q01973_ROR1_HUMAN,89,I,B,0.049,0.001,0.900,0.099,0.435333333333
sp_Q01973_ROR1_HUMAN,90,R,E,0.361,0.001,0.959,0.040,0.433222222222
sp_Q01973_ROR1_HUMAN,91,W,B,0.04,0.001,0.959,0.040,0.425222222222
sp_Q01973_ROR1_HUMAN,92,F,B,0.251,0.002,0.816,0.182,0.428111111111
sp_Q01973_ROR1_HUMAN,93,K,E,0.29,0.004,0.514,0.481,0.434333333333
sp_Q01973_ROR1_HUMAN,94,N,E,0.618,0.018,0.019,0.964,0.442555555556
sp_Q01973_ROR1_HUMAN,95,D,E,0.577,0.018,0.047,0.935,0.458333333333
sp_Q01973_ROR1_HUMAN,96,A,E,0.57,0.004,0.514,0.481,0.485
sp_Q01973_ROR1_HUMAN,97,P,E,0.472,0.004,0.514,0.481,0.498222222222
sp_Q01973_ROR1_HUMAN,98,V,B,0.088,0.022,0.359,0.619,0.503111111111
sp_Q01973_ROR1_HUMAN,99,V,E,0.491,0.021,0.279,0.699,0.514888888889
sp_Q01973_ROR1_HUMAN,100,Q,E,0.666,0.018,0.141,0.840,0.517111111111
sp_Q01973_ROR1_HUMAN,101,E,E,0.648,0.018,0.088,0.893,0.519333333333
sp_Q01973_ROR1_HUMAN,102,P,E,0.545,0.004,0.138,0.858,0.521111111111
sp_Q01973_ROR1_HUMAN,103,R,E,0.32,0.004,0.514,0.481,0.532111111111
sp_Q01973_ROR1_HUMAN,104,R,E,0.373,0.003,0.718,0.279,0.527222222222
sp_Q01973_ROR1_HUMAN,105,L,B,0.216,0.002,0.816,0.182,0.524777777778
sp_Q01973_ROR1_HUMAN,106,S,E,0.312,0.002,0.816,0.182,0.523555555556
sp_Q01973_ROR1_HUMAN,107,F,B,0.174,0.002,0.816,0.182,0.525777777778
sp_Q01973_ROR1_HUMAN,108,R,E,0.486,0.002,0.816,0.182,0.517666666667
sp_Q01973_ROR1_HUMAN,109,S,B,0.27,0.003,0.718,0.279,0.509777777778
sp_Q01973_ROR1_HUMAN,110,T,E,0.483,0.004,0.616,0.381,0.508222222222
sp_Q01973_ROR1_HUMAN,111,I,E,0.404,0.004,0.616,0.381,0.503888888889
sp_Q01973_ROR1_HUMAN,112,Y,E,0.544,0.004,0.336,0.660,0.487
sp_Q01973_ROR1_HUMAN,113,G,E,0.59,0.004,0.263,0.733,0.486222222222
sp_Q01973_ROR1_HUMAN,114,S,B,0.187,0.004,0.514,0.481,0.464
sp_Q01973_ROR1_HUMAN,115,R,E,0.319,0.001,0.900,0.099,0.462222222222
sp_Q01973_ROR1_HUMAN,116,L,B,0.041,0.001,0.959,0.040,0.459222222222
sp_Q01973_ROR1_HUMAN,117,R,E,0.284,0.001,0.959,0.040,0.444
sp_Q01973_ROR1_HUMAN,118,I,B,0.064,0.001,0.959,0.040,0.462222222222
sp_Q01973_ROR1_HUMAN,119,R,E,0.451,0.001,0.900,0.099,0.466333333333
sp_Q01973_ROR1_HUMAN,120,N,E,0.439,0.001,0.900,0.099,0.466333333333
sp_Q01973_ROR1_HUMAN,121,L,B,0.076,0.003,0.718,0.279,0.486666666667
sp_Q01973_ROR1_HUMAN,122,D,E,0.387,0.003,0.718,0.279,0.486666666667
sp_Q01973_ROR1_HUMAN,123,T,E,0.502,0.004,0.514,0.481,0.508111111111
sp_Q01973_ROR1_HUMAN,124,T,E,0.499,0.004,0.197,0.799,0.503
sp_Q01973_ROR1_HUMAN,125,D,E,0.281,0.004,0.085,0.910,0.485777777778
sp_Q01973_ROR1_HUMAN,126,T,E,0.617,0.005,0.045,0.951,0.489666666667
sp_Q01973_ROR1_HUMAN,127,G,B,0.198,0.004,0.420,0.576,0.449888888889
sp_Q01973_ROR1_HUMAN,128,Y,E,0.362,0.002,0.816,0.182,0.430777777778
sp_Q01973_ROR1_HUMAN,129,F,B,0.047,0.001,0.959,0.040,0.405555555556
sp_Q01973_ROR1_HUMAN,130,Q,B,0.188,0.001,0.959,0.040,0.395
sp_Q01973_ROR1_HUMAN,131,C,B,0.015,0.001,0.959,0.040,0.388111111111
sp_Q01973_ROR1_HUMAN,132,V,B,0.169,0.001,0.959,0.040,0.387111111111
sp_Q01973_ROR1_HUMAN,133,A,B,0.026,0.001,0.959,0.040,0.396222222222
sp_Q01973_ROR1_HUMAN,134,T,B,0.22,0.001,0.959,0.040,0.418555555556
sp_Q01973_ROR1_HUMAN,135,N,B,0.16,0.004,0.616,0.381,0.431333333333
sp_Q01973_ROR1_HUMAN,136,G,E,0.518,0.004,0.138,0.858,0.452333333333
sp_Q01973_ROR1_HUMAN,137,K,E,0.463,0.004,0.263,0.733,0.463
sp_Q01973_ROR1_HUMAN,138,E,E,0.535,0.003,0.718,0.279,0.480777777778
sp_Q01973_ROR1_HUMAN,139,V,E,0.393,0.001,0.900,0.099,0.472666666667
sp_Q01973_ROR1_HUMAN,140,V,E,0.362,0.001,0.959,0.040,0.454666666667
sp_Q01973_ROR1_HUMAN,141,S,E,0.449,0.001,0.900,0.099,0.433666666667
sp_Q01973_ROR1_HUMAN,142,S,B,0.256,0.002,0.816,0.182,0.403666666667
sp_Q01973_ROR1_HUMAN,143,T,E,0.324,0.001,0.900,0.099,0.390555555556
sp_Q01973_ROR1_HUMAN,144,G,B,0.072,0.001,0.959,0.040,0.365222222222
sp_Q01973_ROR1_HUMAN,145,V,B,0.218,0.001,0.959,0.040,0.368444444444
sp_Q01973_ROR1_HUMAN,146,L,B,0.021,0.001,0.959,0.040,0.376111111111
sp_Q01973_ROR1_HUMAN,147,F,B,0.165,0.001,0.959,0.040,0.392444444444
sp_Q01973_ROR1_HUMAN,148,V,B,0.029,0.001,0.959,0.040,0.429555555556
sp_Q01973_ROR1_HUMAN,149,K,E,0.295,0.018,0.846,0.136,0.464
sp_Q01973_ROR1_HUMAN,150,F,E,0.37,0.022,0.552,0.426,0.497777777778
sp_Q01973_ROR1_HUMAN,151,G,E,0.422,0.004,0.138,0.858,0.536555555556
sp_Q01973_ROR1_HUMAN,152,P,E,0.41,0.005,0.045,0.951,0.551666666667
sp_Q01973_ROR1_HUMAN,153,P,E,0.435,0.005,0.045,0.951,0.586333333333
sp_Q01973_ROR1_HUMAN,154,P,E,0.392,0.018,0.088,0.893,0.607222222222
sp_Q01973_ROR1_HUMAN,155,T,E,0.427,0.020,0.205,0.775,0.614
sp_Q01973_ROR1_HUMAN,156,A,B,0.205,0.021,0.279,0.699,0.618777777778
sp_Q01973_ROR1_HUMAN,157,S,E,0.352,0.021,0.279,0.699,0.610666666667
sp_Q01973_ROR1_HUMAN,158,P,E,0.298,0.021,0.279,0.699,0.618777777778
sp_Q01973_ROR1_HUMAN,159,G,E,0.457,0.064,0.216,0.721,0.619777777778
sp_Q01973_ROR1_HUMAN,160,Y,E,0.335,0.118,0.150,0.732,0.619444444444
sp_Q01973_ROR1_HUMAN,161,S,E,0.367,0.118,0.150,0.732,0.628888888889
sp_Q01973_ROR1_HUMAN,162,D,E,0.386,0.118,0.150,0.732,0.628111111111
sp_Q01973_ROR1_HUMAN,163,E,E,0.433,0.125,0.227,0.648,0.624777777778
sp_Q01973_ROR1_HUMAN,164,Y,E,0.323,0.118,0.150,0.732,0.623777777778
sp_Q01973_ROR1_HUMAN,165,E,E,0.554,0.052,0.084,0.864,0.614888888889
sp_Q01973_ROR1_HUMAN,166,E,E,0.426,0.052,0.084,0.864,0.600111111111
sp_Q01973_ROR1_HUMAN,167,D,E,0.432,0.064,0.216,0.721,0.582444444444
sp_Q01973_ROR1_HUMAN,168,G,B,0.202,0.021,0.452,0.528,0.570888888889
sp_Q01973_ROR1_HUMAN,169,F,E,0.298,0.021,0.756,0.223,0.559777777778
sp_Q01973_ROR1_HUMAN,170,C,B,0.213,0.021,0.756,0.223,0.556555555556
sp_Q01973_ROR1_HUMAN,171,Q,B,0.167,0.024,0.655,0.322,0.554444444444
sp_Q01973_ROR1_HUMAN,172,P,E,0.306,0.021,0.452,0.528,0.541777777778
sp_Q01973_ROR1_HUMAN,173,Y,B,0.251,0.021,0.279,0.699,0.533444444444
sp_Q01973_ROR1_HUMAN,174,R,E,0.485,0.056,0.142,0.802,0.526444444444
sp_Q01973_ROR1_HUMAN,175,G,E,0.469,0.056,0.142,0.802,0.526666666667
sp_Q01973_ROR1_HUMAN,176,I,E,0.442,0.021,0.279,0.699,0.525111111111
sp_Q01973_ROR1_HUMAN,177,A,E,0.307,0.022,0.552,0.426,0.518888888889
sp_Q01973_ROR1_HUMAN,178,C,B,0.145,0.021,0.756,0.223,0.504222222222
sp_Q01973_ROR1_HUMAN,179,A,B,0.256,0.011,0.918,0.071,0.496555555556
sp_Q01973_ROR1_HUMAN,180,R,E,0.328,0.011,0.918,0.071,0.491777777778
sp_Q01973_ROR1_HUMAN,181,F,B,0.158,0.011,0.918,0.071,0.487444444444
sp_Q01973_ROR1_HUMAN,182,I,B,0.15,0.004,0.616,0.381,0.474111111111
sp_Q01973_ROR1_HUMAN,183,G,E,0.454,0.004,0.138,0.858,0.448666666667
sp_Q01973_ROR1_HUMAN,184,N,E,0.576,0.005,0.015,0.979,0.430111111111
sp_Q01973_ROR1_HUMAN,185,R,E,0.344,0.004,0.197,0.799,0.396
sp_Q01973_ROR1_HUMAN,186,T,E,0.256,0.003,0.718,0.279,0.385777777778
sp_Q01973_ROR1_HUMAN,187,V,B,0.041,0.001,0.900,0.099,0.383111111111
sp_Q01973_ROR1_HUMAN,188,Y,B,0.068,0.001,0.900,0.099,0.394222222222
sp_Q01973_ROR1_HUMAN,189,M,B,0.033,0.002,0.816,0.182,0.411777777778
sp_Q01973_ROR1_HUMAN,190,E,B,0.098,0.003,0.718,0.279,0.426777777778
sp_Q01973_ROR1_HUMAN,191,S,B,0.083,0.004,0.420,0.576,0.449444444444
sp_Q01973_ROR1_HUMAN,192,L,E,0.283,0.020,0.205,0.775,0.483555555556
sp_Q01973_ROR1_HUMAN,193,H,E,0.398,0.018,0.047,0.935,0.520777777778
sp_Q01973_ROR1_HUMAN,194,M,E,0.293,0.058,0.017,0.925,0.559777777778
sp_Q01973_ROR1_HUMAN,195,Q,E,0.447,0.116,0.016,0.868,0.581555555556
sp_Q01973_ROR1_HUMAN,196,G,E,0.506,0.176,0.004,0.820,0.589222222222
sp_Q01973_ROR1_HUMAN,197,E,E,0.488,0.622,0.015,0.363,0.585444444444
sp_Q01973_ROR1_HUMAN,198,I,B,0.208,0.717,0.014,0.269,0.554777777778
sp_Q01973_ROR1_HUMAN,199,E,B,0.2,0.717,0.014,0.269,0.538333333333
sp_Q01973_ROR1_HUMAN,200,N,E,0.371,0.831,0.044,0.125,0.522444444444
sp_Q01973_ROR1_HUMAN,201,Q,E,0.291,0.831,0.044,0.125,0.509444444444
sp_Q01973_ROR1_HUMAN,202,I,B,0.114,0.751,0.050,0.199,0.488
sp_Q01973_ROR1_HUMAN,203,T,B,0.201,0.751,0.050,0.199,0.486
sp_Q01973_ROR1_HUMAN,204,A,B,0.258,0.660,0.049,0.291,0.465111111111
sp_Q01973_ROR1_HUMAN,205,A,B,0.23,0.455,0.046,0.498,0.469222222222
sp_Q01973_ROR1_HUMAN,206,F,B,0.216,0.386,0.097,0.517,0.457
sp_Q01973_ROR1_HUMAN,207,T,B,0.19,0.321,0.252,0.427,0.460666666667
sp_Q01973_ROR1_HUMAN,208,M,B,0.107,0.252,0.423,0.325,0.467888888889
sp_Q01973_ROR1_HUMAN,209,I,B,0.152,0.148,0.418,0.435,0.485888888889
sp_Q01973_ROR1_HUMAN,210,G,B,0.249,0.135,0.317,0.548,0.504444444444
sp_Q01973_ROR1_HUMAN,211,T,B,0.253,0.056,0.142,0.802,0.509555555556
sp_Q01973_ROR1_HUMAN,212,S,B,0.207,0.052,0.084,0.864,0.513111111111
sp_Q01973_ROR1_HUMAN,213,S,E,0.496,0.018,0.047,0.935,0.537444444444
sp_Q01973_ROR1_HUMAN,214,H,E,0.409,0.018,0.047,0.935,0.542777777778
sp_Q01973_ROR1_HUMAN,215,L,B,0.089,0.018,0.088,0.893,0.534111111111
sp_Q01973_ROR1_HUMAN,216,S,E,0.456,0.052,0.084,0.864,0.541555555556
sp_Q01973_ROR1_HUMAN,217,D,E,0.538,0.191,0.086,0.723,0.537888888889
sp_Q01973_ROR1_HUMAN,218,K,E,0.498,0.339,0.016,0.645,0.526
sp_Q01973_ROR1_HUMAN,219,C,B,0.061,0.502,0.002,0.495,0.496222222222
sp_Q01973_ROR1_HUMAN,220,S,E,0.47,0.782,0.003,0.215,0.490666666667
sp_Q01973_ROR1_HUMAN,221,Q,E,0.528,0.802,0.014,0.185,0.476111111111
sp_Q01973_ROR1_HUMAN,222,F,B,0.264,0.802,0.014,0.185,0.451888888889
sp_Q01973_ROR1_HUMAN,223,A,B,0.054,0.751,0.050,0.199,0.411222222222
sp_Q01973_ROR1_HUMAN,224,I,E,0.29,0.751,0.050,0.199,0.389777777778
sp_Q01973_ROR1_HUMAN,225,P,E,0.291,0.779,0.101,0.120,0.382777777778
sp_Q01973_ROR1_HUMAN,226,S,B,0.108,0.751,0.050,0.199,0.375666666667
sp_Q01973_ROR1_HUMAN,227,L,B,0.079,0.660,0.049,0.291,0.369444444444
sp_Q01973_ROR1_HUMAN,228,C,B,0.071,0.660,0.049,0.291,0.388777777778
sp_Q01973_ROR1_HUMAN,229,H,B,0.231,0.561,0.047,0.393,0.404444444444
sp_Q01973_ROR1_HUMAN,230,Y,B,0.242,0.386,0.097,0.517,0.416888888889
sp_Q01973_ROR1_HUMAN,231,A,B,0.165,0.191,0.086,0.723,0.414222222222
sp_Q01973_ROR1_HUMAN,232,F,B,0.169,0.052,0.084,0.864,0.462444444444
sp_Q01973_ROR1_HUMAN,233,P,E,0.503,0.052,0.084,0.864,0.499888888889
sp_Q01973_ROR1_HUMAN,234,Y,E,0.543,0.052,0.084,0.864,0.513666666667
sp_Q01973_ROR1_HUMAN,235,C,B,0.046,0.052,0.084,0.864,0.541888888889
sp_Q01973_ROR1_HUMAN,236,D,E,0.521,0.113,0.043,0.844,0.559222222222
sp_Q01973_ROR1_HUMAN,237,E,E,0.499,0.181,0.017,0.803,0.572444444444
sp_Q01973_ROR1_HUMAN,238,T,E,0.407,0.176,0.004,0.820,0.578777777778
sp_Q01973_ROR1_HUMAN,239,S,E,0.587,0.109,0.005,0.886,0.593111111111
sp_Q01973_ROR1_HUMAN,240,S,E,0.598,0.016,0.005,0.979,0.604222222222
sp_Q01973_ROR1_HUMAN,241,V,E,0.529,0.018,0.019,0.964,0.597888888889
sp_Q01973_ROR1_HUMAN,242,P,E,0.476,0.018,0.047,0.935,0.593777777778
sp_Q01973_ROR1_HUMAN,243,K,E,0.571,0.052,0.084,0.864,0.588777777778
sp_Q01973_ROR1_HUMAN,244,P,E,0.336,0.052,0.084,0.864,0.560555555556
sp_Q01973_ROR1_HUMAN,245,R,E,0.254,0.113,0.043,0.844,0.548888888889
sp_Q01973_ROR1_HUMAN,246,D,E,0.564,0.184,0.043,0.773,0.536888888889
sp_Q01973_ROR1_HUMAN,247,L,B,0.214,0.353,0.048,0.598,0.522777777778
sp_Q01973_ROR1_HUMAN,248,C,B,0.04,0.455,0.046,0.498,0.494111111111
sp_Q01973_ROR1_HUMAN,249,R,E,0.384,0.717,0.014,0.269,0.509777777778
sp_Q01973_ROR1_HUMAN,250,D,E,0.715,0.802,0.014,0.185,0.502222222222
sp_Q01973_ROR1_HUMAN,251,E,B,0.247,0.802,0.014,0.185,0.494444444444
sp_Q01973_ROR1_HUMAN,252,C,B,0.041,0.802,0.014,0.185,0.505444444444
sp_Q01973_ROR1_HUMAN,253,E,E,0.462,0.802,0.014,0.185,0.521666666667
sp_Q01973_ROR1_HUMAN,254,I,E,0.339,0.802,0.014,0.185,0.527666666667
sp_Q01973_ROR1_HUMAN,255,L,B,0.133,0.717,0.014,0.269,0.538888888889
sp_Q01973_ROR1_HUMAN,256,E,E,0.484,0.430,0.016,0.555,0.533555555556
sp_Q01973_ROR1_HUMAN,257,N,E,0.515,0.257,0.016,0.727,0.544222222222
sp_Q01973_ROR1_HUMAN,258,V,E,0.313,0.191,0.086,0.723,0.528444444444
sp_Q01973_ROR1_HUMAN,259,L,B,0.15,0.216,0.235,0.548,0.523888888889
sp_Q01973_ROR1_HUMAN,260,C,B,0.079,0.231,0.330,0.439,0.525111111111
sp_Q01973_ROR1_HUMAN,261,Q,E,0.286,0.352,0.332,0.316,0.510444444444
sp_Q01973_ROR1_HUMAN,262,T,E,0.298,0.453,0.248,0.299,0.489333333333
sp_Q01973_ROR1_HUMAN,263,E,B,0.223,0.453,0.248,0.299,0.470777777778
sp_Q01973_ROR1_HUMAN,264,Y,B,0.143,0.578,0.229,0.194,0.473222222222
sp_Q01973_ROR1_HUMAN,265,I,B,0.17,0.594,0.285,0.121,0.493
sp_Q01973_ROR1_HUMAN,266,F,B,0.199,0.478,0.309,0.214,0.510111111111
sp_Q01973_ROR1_HUMAN,267,A,B,0.142,0.478,0.309,0.214,0.531666666667
sp_Q01973_ROR1_HUMAN,268,R,E,0.406,0.307,0.165,0.527,0.544444444444
sp_Q01973_ROR1_HUMAN,269,S,E,0.54,0.199,0.152,0.649,0.56
sp_Q01973_ROR1_HUMAN,270,N,E,0.4,0.052,0.084,0.864,0.559777777778
sp_Q01973_ROR1_HUMAN,271,P,E,0.339,0.056,0.142,0.802,0.580555555556
sp_Q01973_ROR1_HUMAN,272,M,B,0.259,0.021,0.279,0.699,0.610666666667
sp_Q01973_ROR1_HUMAN,273,I,E,0.262,0.021,0.452,0.528,0.598111111111
sp_Q01973_ROR1_HUMAN,274,L,B,0.277,0.022,0.359,0.619,0.601888888889
sp_Q01973_ROR1_HUMAN,275,M,E,0.337,0.022,0.359,0.619,0.581222222222
sp_Q01973_ROR1_HUMAN,276,R,E,0.529,0.021,0.279,0.699,0.576111111111
sp_Q01973_ROR1_HUMAN,277,L,B,0.145,0.020,0.205,0.775,0.572444444444
sp_Q01973_ROR1_HUMAN,278,K,E,0.5,0.018,0.141,0.840,0.552444444444
sp_Q01973_ROR1_HUMAN,279,L,B,0.193,0.018,0.088,0.893,0.576
sp_Q01973_ROR1_HUMAN,280,P,E,0.533,0.018,0.047,0.935,0.580333333333
sp_Q01973_ROR1_HUMAN,281,N,E,0.443,0.053,0.043,0.903,0.566666666667
sp_Q01973_ROR1_HUMAN,282,C,B,0.078,0.053,0.043,0.903,0.584222222222
sp_Q01973_ROR1_HUMAN,283,E,E,0.508,0.052,0.084,0.864,0.579333333333
sp_Q01973_ROR1_HUMAN,284,D,E,0.586,0.052,0.084,0.864,0.589333333333
sp_Q01973_ROR1_HUMAN,285,L,B,0.131,0.053,0.043,0.903,0.597888888889
sp_Q01973_ROR1_HUMAN,286,P,E,0.354,0.018,0.047,0.935,0.604222222222
sp_Q01973_ROR1_HUMAN,287,Q,E,0.291,0.018,0.141,0.840,0.630888888889
sp_Q01973_ROR1_HUMAN,288,P,E,0.445,0.022,0.359,0.619,0.625888888889
sp_Q01973_ROR1_HUMAN,289,E,E,0.374,0.021,0.452,0.528,0.612666666667
sp_Q01973_ROR1_HUMAN,290,S,B,0.232,0.022,0.359,0.619,0.611111111111
sp_Q01973_ROR1_HUMAN,291,P,B,0.33,0.018,0.088,0.893,0.589777777778
sp_Q01973_ROR1_HUMAN,292,E,E,0.613,0.018,0.019,0.964,0.57
sp_Q01973_ROR1_HUMAN,293,A,E,0.498,0.003,0.003,0.994,0.543777777778
sp_Q01973_ROR1_HUMAN,294,A,E,0.587,0.005,0.015,0.979,0.521111111111
sp_Q01973_ROR1_HUMAN,295,N,E,0.337,0.004,0.138,0.858,0.495333333333
sp_Q01973_ROR1_HUMAN,296,C,B,0.028,0.004,0.420,0.576,0.464111111111
sp_Q01973_ROR1_HUMAN,297,I,B,0.083,0.002,0.816,0.182,0.433666666667
sp_Q01973_ROR1_HUMAN,298,R,B,0.251,0.001,0.900,0.099,0.431
sp_Q01973_ROR1_HUMAN,299,I,B,0.09,0.001,0.900,0.099,0.428
sp_Q01973_ROR1_HUMAN,300,G,B,0.186,0.002,0.816,0.182,0.432555555556
sp_Q01973_ROR1_HUMAN,301,I,B,0.165,0.002,0.816,0.182,0.446555555556
sp_Q01973_ROR1_HUMAN,302,P,E,0.379,0.002,0.816,0.182,0.479888888889
sp_Q01973_ROR1_HUMAN,303,M,E,0.309,0.022,0.552,0.426,0.501555555556
sp_Q01973_ROR1_HUMAN,304,A,E,0.493,0.021,0.452,0.528,0.525444444444
sp_Q01973_ROR1_HUMAN,305,D,E,0.37,0.021,0.279,0.699,0.548
sp_Q01973_ROR1_HUMAN,306,P,E,0.555,0.021,0.279,0.699,0.570333333333
sp_Q01973_ROR1_HUMAN,307,I,E,0.464,0.020,0.205,0.775,0.572222222222
sp_Q01973_ROR1_HUMAN,308,N,E,0.438,0.020,0.205,0.775,0.581333333333
sp_Q01973_ROR1_HUMAN,309,K,B,0.236,0.018,0.141,0.840,0.560444444444
sp_Q01973_ROR1_HUMAN,310,N,E,0.397,0.020,0.205,0.775,0.552888888889
sp_Q01973_ROR1_HUMAN,311,H,B,0.223,0.004,0.514,0.481,0.546444444444
sp_Q01973_ROR1_HUMAN,312,K,E,0.3,0.024,0.655,0.322,0.532111111111
sp_Q01973_ROR1_HUMAN,313,C,B,0.062,0.021,0.756,0.223,0.536222222222
sp_Q01973_ROR1_HUMAN,314,Y,E,0.311,0.024,0.655,0.322,0.535111111111
sp_Q01973_ROR1_HUMAN,315,N,E,0.305,0.004,0.336,0.660,0.531666666667
sp_Q01973_ROR1_HUMAN,316,S,E,0.657,0.018,0.088,0.893,0.536888888889
sp_Q01973_ROR1_HUMAN,317,T,E,0.597,0.018,0.088,0.893,0.527888888889
sp_Q01973_ROR1_HUMAN,318,G,E,0.388,0.020,0.205,0.775,0.542555555556
sp_Q01973_ROR1_HUMAN,319,V,E,0.462,0.004,0.514,0.481,0.539
sp_Q01973_ROR1_HUMAN,320,D,B,0.246,0.003,0.718,0.279,0.514222222222
sp_Q01973_ROR1_HUMAN,321,Y,B,0.263,0.003,0.718,0.279,0.492222222222
sp_Q01973_ROR1_HUMAN,322,R,E,0.436,0.004,0.514,0.481,0.476555555556
sp_Q01973_ROR1_HUMAN,323,G,B,0.163,0.004,0.616,0.381,0.454
sp_Q01973_ROR1_HUMAN,324,T,E,0.337,0.002,0.816,0.182,0.448222222222
sp_Q01973_ROR1_HUMAN,325,V,B,0.086,0.018,0.846,0.136,0.461444444444
sp_Q01973_ROR1_HUMAN,326,S,B,0.281,0.021,0.756,0.223,0.470222222222
sp_Q01973_ROR1_HUMAN,327,V,B,0.148,0.024,0.655,0.322,0.482444444444
sp_Q01973_ROR1_HUMAN,328,T,B,0.234,0.021,0.452,0.528,0.500222222222
sp_Q01973_ROR1_HUMAN,329,K,E,0.541,0.021,0.279,0.699,0.529777777778
sp_Q01973_ROR1_HUMAN,330,S,E,0.43,0.020,0.205,0.775,0.542777777778
sp_Q01973_ROR1_HUMAN,331,G,E,0.341,0.056,0.142,0.802,0.557666666667
sp_Q01973_ROR1_HUMAN,332,R,B,0.279,0.056,0.142,0.802,0.573444444444
sp_Q01973_ROR1_HUMAN,333,Q,E,0.403,0.056,0.142,0.802,0.577888888889
sp_Q01973_ROR1_HUMAN,334,C,B,0.026,0.056,0.142,0.802,0.577444444444
sp_Q01973_ROR1_HUMAN,335,Q,B,0.224,0.056,0.142,0.802,0.586777777778
sp_Q01973_ROR1_HUMAN,336,P,B,0.269,0.018,0.088,0.893,0.601
sp_Q01973_ROR1_HUMAN,337,W,B,0.249,0.018,0.047,0.935,0.610222222222
sp_Q01973_ROR1_HUMAN,338,N,E,0.437,0.018,0.047,0.935,0.610777777778
sp_Q01973_ROR1_HUMAN,339,S,E,0.466,0.018,0.047,0.935,0.629333333333
sp_Q01973_ROR1_HUMAN,340,Q,E,0.488,0.018,0.019,0.964,0.629222222222
sp_Q01973_ROR1_HUMAN,341,Y,E,0.558,0.058,0.017,0.925,0.644777777778
sp_Q01973_ROR1_HUMAN,342,P,E,0.419,0.113,0.043,0.844,0.650333333333
sp_Q01973_ROR1_HUMAN,343,H,E,0.398,0.113,0.087,0.800,0.640555555556
sp_Q01973_ROR1_HUMAN,344,T,B,0.275,0.118,0.150,0.732,0.633111111111
sp_Q01973_ROR1_HUMAN,345,H,E,0.296,0.056,0.142,0.802,0.609555555556
sp_Q01973_ROR1_HUMAN,346,T,E,0.512,0.056,0.142,0.802,0.596555555556
sp_Q01973_ROR1_HUMAN,347,F,E,0.29,0.056,0.142,0.802,0.598111111111
sp_Q01973_ROR1_HUMAN,348,T,E,0.343,0.018,0.088,0.893,0.573111111111
sp_Q01973_ROR1_HUMAN,349,A,B,0.262,0.064,0.216,0.721,0.573555555556
sp_Q01973_ROR1_HUMAN,350,L,E,0.553,0.069,0.386,0.545,0.569777777778
sp_Q01973_ROR1_HUMAN,351,R,E,0.414,0.069,0.386,0.545,0.552333333333
sp_Q01973_ROR1_HUMAN,352,F,B,0.16,0.064,0.216,0.721,0.563333333333
sp_Q01973_ROR1_HUMAN,353,P,E,0.452,0.056,0.142,0.802,0.559777777778
sp_Q01973_ROR1_HUMAN,354,E,E,0.585,0.052,0.084,0.864,0.566333333333
sp_Q01973_ROR1_HUMAN,355,L,B,0.109,0.053,0.043,0.903,0.562222222222
sp_Q01973_ROR1_HUMAN,356,N,E,0.467,0.053,0.043,0.903,0.547111111111
sp_Q01973_ROR1_HUMAN,357,G,E,0.701,0.053,0.043,0.903,0.559555555556
sp_Q01973_ROR1_HUMAN,358,G,E,0.379,0.018,0.019,0.964,0.541888888889
sp_Q01973_ROR1_HUMAN,359,H,E,0.413,0.018,0.047,0.935,0.547888888889
sp_Q01973_ROR1_HUMAN,360,S,E,0.378,0.018,0.141,0.840,0.560333333333
sp_Q01973_ROR1_HUMAN,361,Y,B,0.184,0.020,0.205,0.775,0.551666666667
sp_Q01973_ROR1_HUMAN,362,C,B,0.077,0.021,0.279,0.699,0.56
sp_Q01973_ROR1_HUMAN,363,R,B,0.298,0.022,0.359,0.619,0.575
sp_Q01973_ROR1_HUMAN,364,N,B,0.272,0.018,0.088,0.893,0.592111111111
sp_Q01973_ROR1_HUMAN,365,P,B,0.295,0.018,0.047,0.935,0.61
sp_Q01973_ROR1_HUMAN,366,G,E,0.526,0.018,0.047,0.935,0.622
sp_Q01973_ROR1_HUMAN,367,N,E,0.452,0.018,0.019,0.964,0.633222222222
sp_Q01973_ROR1_HUMAN,368,Q,E,0.529,0.018,0.047,0.935,0.613666666667
sp_Q01973_ROR1_HUMAN,369,K,E,0.624,0.018,0.088,0.893,0.607888888889
sp_Q01973_ROR1_HUMAN,370,E,E,0.588,0.018,0.047,0.935,0.582222222222
sp_Q01973_ROR1_HUMAN,371,A,E,0.34,0.005,0.045,0.951,0.556777777778
sp_Q01973_ROR1_HUMAN,372,P,B,0.248,0.004,0.197,0.799,0.519222222222
sp_Q01973_ROR1_HUMAN,373,W,B,0.232,0.004,0.616,0.381,0.496111111111
sp_Q01973_ROR1_HUMAN,374,C,B,0.037,0.002,0.816,0.182,0.486111111111
sp_Q01973_ROR1_HUMAN,375,F,B,0.154,0.001,0.900,0.099,0.477555555556
sp_Q01973_ROR1_HUMAN,376,T,B,0.081,0.003,0.718,0.279,0.483666666667
sp_Q01973_ROR1_HUMAN,377,L,E,0.394,0.004,0.420,0.576,0.487555555556
sp_Q01973_ROR1_HUMAN,378,D,E,0.352,0.004,0.085,0.910,0.495777777778
sp_Q01973_ROR1_HUMAN,379,E,E,0.707,0.018,0.019,0.964,0.513777777778
sp_Q01973_ROR1_HUMAN,380,N,E,0.688,0.004,0.138,0.858,0.526555555556
sp_Q01973_ROR1_HUMAN,381,F,B,0.172,0.004,0.514,0.481,0.549111111111
sp_Q01973_ROR1_HUMAN,382,K,E,0.477,0.003,0.718,0.279,0.548
sp_Q01973_ROR1_HUMAN,383,S,B,0.282,0.021,0.756,0.223,0.549888888889
sp_Q01973_ROR1_HUMAN,384,D,E,0.452,0.022,0.552,0.426,0.544555555556
sp_Q01973_ROR1_HUMAN,385,L,E,0.293,0.021,0.452,0.528,0.544444444444
sp_Q01973_ROR1_HUMAN,386,C,B,0.133,0.021,0.279,0.699,0.543333333333
sp_Q01973_ROR1_HUMAN,387,D,E,0.599,0.021,0.279,0.699,0.538666666667
sp_Q01973_ROR1_HUMAN,388,I,B,0.289,0.018,0.088,0.893,0.548333333333
sp_Q01973_ROR1_HUMAN,389,P,E,0.354,0.018,0.088,0.893,0.556555555556
sp_Q01973_ROR1_HUMAN,390,A,E,0.369,0.020,0.205,0.775,0.566555555556
sp_Q01973_ROR1_HUMAN,391,C,B,0.272,0.021,0.279,0.699,0.584222222222
sp_Q01973_ROR1_HUMAN,392,D,E,0.477,0.021,0.279,0.699,0.591111111111
sp_Q01973_ROR1_HUMAN,393,S,E,0.526,0.021,0.279,0.699,0.609333333333
sp_Q01973_ROR1_HUMAN,394,K,E,0.364,0.020,0.205,0.775,0.616
sp_Q01973_ROR1_HUMAN,395,D,E,0.509,0.018,0.088,0.893,0.625555555556
sp_Q01973_ROR1_HUMAN,396,S,E,0.497,0.018,0.047,0.935,0.630888888889
sp_Q01973_ROR1_HUMAN,397,K,E,0.562,0.018,0.019,0.964,0.622444444444
sp_Q01973_ROR1_HUMAN,398,E,E,0.525,0.058,0.017,0.925,0.606333333333
sp_Q01973_ROR1_HUMAN,399,K,E,0.461,0.116,0.016,0.868,0.586666666667
sp_Q01973_ROR1_HUMAN,400,N,E,0.34,0.257,0.016,0.727,0.559111111111
sp_Q01973_ROR1_HUMAN,401,K,B,0.264,0.430,0.016,0.555,0.516
sp_Q01973_ROR1_HUMAN,402,M,B,0.17,0.622,0.015,0.363,0.475888888889
sp_Q01973_ROR1_HUMAN,403,E,B,0.236,0.751,0.050,0.199,0.432888888889
sp_Q01973_ROR1_HUMAN,404,I,B,0.105,0.779,0.101,0.120,0.384555555556
sp_Q01973_ROR1_HUMAN,405,L,B,0.092,0.870,0.077,0.053,0.340444444444
sp_Q01973_ROR1_HUMAN,406,Y,B,0.167,0.870,0.077,0.053,0.307444444444
sp_Q01973_ROR1_HUMAN,407,I,B,0.128,0.911,0.033,0.057,0.289888888889
sp_Q01973_ROR1_HUMAN,408,L,B,0.163,0.938,0.007,0.055,0.269222222222
sp_Q01973_ROR1_HUMAN,409,V,B,0.164,0.975,0.003,0.022,0.260777777778
sp_Q01973_ROR1_HUMAN,410,P,B,0.247,0.970,0.001,0.029,0.265222222222
sp_Q01973_ROR1_HUMAN,411,S,B,0.226,0.970,0.001,0.029,0.267
sp_Q01973_ROR1_HUMAN,412,V,B,0.226,0.970,0.001,0.029,0.265666666667
sp_Q01973_ROR1_HUMAN,413,A,B,0.254,0.970,0.001,0.029,0.275666666667
sp_Q01973_ROR1_HUMAN,414,I,B,0.246,0.970,0.001,0.029,0.285
sp_Q01973_ROR1_HUMAN,415,P,B,0.21,0.970,0.001,0.029,0.282666666667
sp_Q01973_ROR1_HUMAN,416,L,B,0.281,0.970,0.001,0.029,0.278666666667
sp_Q01973_ROR1_HUMAN,417,A,E,0.25,0.970,0.001,0.029,0.274333333333
sp_Q01973_ROR1_HUMAN,418,I,B,0.198,0.988,0.000,0.012,0.264333333333
sp_Q01973_ROR1_HUMAN,419,A,B,0.153,0.988,0.000,0.012,0.251333333333
sp_Q01973_ROR1_HUMAN,420,L,B,0.179,0.988,0.000,0.012,0.233
sp_Q01973_ROR1_HUMAN,421,L,B,0.106,0.988,0.000,0.012,0.227
sp_Q01973_ROR1_HUMAN,422,F,B,0.073,0.988,0.000,0.012,0.220555555556
sp_Q01973_ROR1_HUMAN,423,F,B,0.104,0.975,0.003,0.022,0.226111111111
sp_Q01973_ROR1_HUMAN,424,F,B,0.078,0.975,0.003,0.022,0.233333333333
sp_Q01973_ROR1_HUMAN,425,I,B,0.027,0.938,0.007,0.055,0.249777777778
sp_Q01973_ROR1_HUMAN,426,C,B,0.051,0.938,0.007,0.055,0.280333333333
sp_Q01973_ROR1_HUMAN,427,V,B,0.128,0.938,0.007,0.055,0.321777777778
sp_Q01973_ROR1_HUMAN,428,C,B,0.14,0.878,0.010,0.111,0.372666666667
sp_Q01973_ROR1_HUMAN,429,R,B,0.253,0.802,0.014,0.185,0.437222222222
sp_Q01973_ROR1_HUMAN,430,N,E,0.439,0.622,0.015,0.363,0.486444444444
sp_Q01973_ROR1_HUMAN,431,N,E,0.603,0.430,0.016,0.555,0.531
sp_Q01973_ROR1_HUMAN,432,Q,E,0.569,0.257,0.016,0.727,0.566666666667
sp_Q01973_ROR1_HUMAN,433,K,E,0.54,0.181,0.017,0.803,0.608333333333
sp_Q01973_ROR1_HUMAN,434,S,E,0.468,0.116,0.016,0.868,0.629
sp_Q01973_ROR1_HUMAN,435,S,E,0.473,0.257,0.016,0.727,0.626111111111
sp_Q01973_ROR1_HUMAN,436,S,E,0.468,0.502,0.002,0.495,0.625777777778
sp_Q01973_ROR1_HUMAN,437,A,E,0.591,0.600,0.003,0.397,0.626222222222
sp_Q01973_ROR1_HUMAN,438,P,E,0.451,0.717,0.014,0.269,0.620444444444
sp_Q01973_ROR1_HUMAN,439,V,E,0.307,0.717,0.014,0.269,0.621444444444
sp_Q01973_ROR1_HUMAN,440,Q,E,0.49,0.717,0.014,0.269,0.634333333333
sp_Q01973_ROR1_HUMAN,441,R,E,0.594,0.622,0.015,0.363,0.631888888889
sp_Q01973_ROR1_HUMAN,442,Q,E,0.384,0.339,0.016,0.645,0.629111111111
sp_Q01973_ROR1_HUMAN,443,P,E,0.353,0.268,0.043,0.689,0.640222222222
sp_Q01973_ROR1_HUMAN,444,K,E,0.546,0.191,0.086,0.723,0.657444444444
sp_Q01973_ROR1_HUMAN,445,H,E,0.479,0.199,0.152,0.649,0.668
sp_Q01973_ROR1_HUMAN,446,V,B,0.278,0.199,0.152,0.649,0.665222222222
sp_Q01973_ROR1_HUMAN,447,R,E,0.554,0.113,0.087,0.800,0.661444444444
sp_Q01973_ROR1_HUMAN,448,G,E,0.412,0.052,0.084,0.864,0.663888888889
sp_Q01973_ROR1_HUMAN,449,Q,E,0.611,0.052,0.084,0.864,0.641777777778
sp_Q01973_ROR1_HUMAN,450,N,E,0.531,0.052,0.084,0.864,0.649333333333
sp_Q01973_ROR1_HUMAN,451,V,E,0.364,0.056,0.142,0.802,0.644
sp_Q01973_ROR1_HUMAN,452,E,E,0.512,0.052,0.084,0.864,0.637222222222
sp_Q01973_ROR1_HUMAN,453,M,B,0.251,0.053,0.043,0.903,0.639666666667
sp_Q01973_ROR1_HUMAN,454,S,E,0.517,0.053,0.043,0.903,0.621111111111
sp_Q01973_ROR1_HUMAN,455,M,E,0.421,0.053,0.043,0.903,0.621888888889
sp_Q01973_ROR1_HUMAN,456,L,E,0.37,0.053,0.043,0.903,0.624777777778
sp_Q01973_ROR1_HUMAN,457,N,E,0.528,0.113,0.043,0.844,0.625444444444
sp_Q01973_ROR1_HUMAN,458,A,E,0.551,0.113,0.043,0.844,0.641777777778
sp_Q01973_ROR1_HUMAN,459,Y,E,0.413,0.058,0.017,0.925,0.635333333333
sp_Q01973_ROR1_HUMAN,460,K,E,0.429,0.018,0.019,0.964,0.646333333333
sp_Q01973_ROR1_HUMAN,461,P,E,0.416,0.058,0.017,0.925,0.631444444444
sp_Q01973_ROR1_HUMAN,462,K,E,0.582,0.058,0.017,0.925,0.621777777778
sp_Q01973_ROR1_HUMAN,463,S,E,0.371,0.058,0.017,0.925,0.627111111111
sp_Q01973_ROR1_HUMAN,464,K,E,0.539,0.053,0.043,0.903,0.611111111111
sp_Q01973_ROR1_HUMAN,465,A,E,0.549,0.056,0.142,0.802,0.602111111111
sp_Q01973_ROR1_HUMAN,466,K,B,0.181,0.021,0.279,0.699,0.582777777778
sp_Q01973_ROR1_HUMAN,467,E,E,0.411,0.022,0.359,0.619,0.563777777778
sp_Q01973_ROR1_HUMAN,468,L,B,0.054,0.021,0.279,0.699,0.549444444444
sp_Q01973_ROR1_HUMAN,469,P,E,0.437,0.018,0.088,0.893,0.514222222222
sp_Q01973_ROR1_HUMAN,470,L,E,0.301,0.113,0.043,0.844,0.516
sp_Q01973_ROR1_HUMAN,471,S,E,0.729,0.184,0.043,0.773,0.506333333333
sp_Q01973_ROR1_HUMAN,472,A,E,0.385,0.191,0.086,0.723,0.496222222222
sp_Q01973_ROR1_HUMAN,473,V,B,0.031,0.148,0.418,0.435,0.506444444444
sp_Q01973_ROR1_HUMAN,474,R,E,0.465,0.172,0.690,0.138,0.498
sp_Q01973_ROR1_HUMAN,475,F,B,0.243,0.172,0.690,0.138,0.488666666667
sp_Q01973_ROR1_HUMAN,476,M,E,0.382,0.159,0.516,0.325,0.493777777778
sp_Q01973_ROR1_HUMAN,477,E,E,0.486,0.252,0.423,0.325,0.507666666667
sp_Q01973_ROR1_HUMAN,478,E,E,0.38,0.252,0.423,0.325,0.522111111111
sp_Q01973_ROR1_HUMAN,479,L,B,0.101,0.148,0.418,0.435,0.518333333333
sp_Q01973_ROR1_HUMAN,480,G,B,0.186,0.064,0.216,0.721,0.513777777778
sp_Q01973_ROR1_HUMAN,481,E,E,0.489,0.018,0.141,0.840,0.501555555556
sp_Q01973_ROR1_HUMAN,482,C,B,0.143,0.018,0.141,0.840,0.490444444444
sp_Q01973_ROR1_HUMAN,483,A,B,0.315,0.056,0.142,0.802,0.470555555556
sp_Q01973_ROR1_HUMAN,484,F,B,0.224,0.066,0.296,0.638,0.462777777778
sp_Q01973_ROR1_HUMAN,485,G,B,0.084,0.069,0.386,0.545,0.451444444444
sp_Q01973_ROR1_HUMAN,486,K,E,0.26,0.079,0.592,0.329,0.411777777778
sp_Q01973_ROR1_HUMAN,487,I,B,0.036,0.018,0.846,0.136,0.404333333333
sp_Q01973_ROR1_HUMAN,488,Y,B,0.094,0.006,0.962,0.032,0.384222222222
sp_Q01973_ROR1_HUMAN,489,K,B,0.153,0.001,0.959,0.040,0.385555555556
sp_Q01973_ROR1_HUMAN,490,G,B,0.016,0.001,0.983,0.017,0.388
sp_Q01973_ROR1_HUMAN,491,H,B,0.187,0.001,0.983,0.017,0.388777777778
sp_Q01973_ROR1_HUMAN,492,L,B,0.03,0.001,0.983,0.017,0.406777777778
sp_Q01973_ROR1_HUMAN,493,Y,E,0.309,0.001,0.959,0.040,0.427
sp_Q01973_ROR1_HUMAN,494,L,B,0.187,0.003,0.718,0.279,0.430666666667
sp_Q01973_ROR1_HUMAN,495,P,E,0.575,0.004,0.138,0.858,0.453111111111
sp_Q01973_ROR1_HUMAN,496,G,E,0.759,0.005,0.015,0.979,0.451
sp_Q01973_ROR1_HUMAN,497,M,E,0.708,0.005,0.015,0.979,0.459888888889
sp_Q01973_ROR1_HUMAN,498,D,E,0.716,0.005,0.015,0.979,0.451222222222
sp_Q01973_ROR1_HUMAN,499,H,E,0.504,0.004,0.085,0.910,0.441
sp_Q01973_ROR1_HUMAN,500,A,E,0.415,0.004,0.263,0.733,0.421444444444
sp_Q01973_ROR1_HUMAN,501,Q,B,0.121,0.003,0.718,0.279,0.396111111111
sp_Q01973_ROR1_HUMAN,502,L,E,0.27,0.001,0.900,0.099,0.386777777778
sp_Q01973_ROR1_HUMAN,503,V,B,0.019,0.001,0.959,0.040,0.373444444444
sp_Q01973_ROR1_HUMAN,504,A,B,0.016,0.001,0.959,0.040,0.369777777778
sp_Q01973_ROR1_HUMAN,505,I,B,0.024,0.001,0.959,0.040,0.381666666667
sp_Q01973_ROR1_HUMAN,506,K,B,0.098,0.001,0.900,0.099,0.404444444444
sp_Q01973_ROR1_HUMAN,507,T,B,0.111,0.018,0.846,0.136,0.423222222222
sp_Q01973_ROR1_HUMAN,508,L,B,0.042,0.022,0.359,0.619,0.446333333333
sp_Q01973_ROR1_HUMAN,509,K,E,0.326,0.018,0.047,0.935,0.472444444444
sp_Q01973_ROR1_HUMAN,510,D,E,0.687,0.018,0.019,0.964,0.508555555556
sp_Q01973_ROR1_HUMAN,511,Y,E,0.692,0.005,0.015,0.979,0.527222222222
sp_Q01973_ROR1_HUMAN,512,N,B,0.19,0.003,0.003,0.994,0.559222222222
sp_Q01973_ROR1_HUMAN,513,N,E,0.511,0.003,0.003,0.994,0.572777777778
sp_Q01973_ROR1_HUMAN,514,P,E,0.592,0.923,0.002,0.076,0.575888888889
sp_Q01973_ROR1_HUMAN,515,Q,E,0.697,0.970,0.001,0.029,0.580444444444
sp_Q01973_ROR1_HUMAN,516,Q,B,0.218,0.970,0.001,0.029,0.556333333333
sp_Q01973_ROR1_HUMAN,517,W,B,0.182,0.988,0.000,0.012,0.553666666667
sp_Q01973_ROR1_HUMAN,518,T,E,0.521,0.970,0.001,0.029,0.554111111111
sp_Q01973_ROR1_HUMAN,519,E,E,0.352,0.970,0.001,0.029,0.538
sp_Q01973_ROR1_HUMAN,520,F,B,0.026,0.970,0.001,0.029,0.508111111111
sp_Q01973_ROR1_HUMAN,521,Q,B,0.184,0.970,0.001,0.029,0.488888888889
sp_Q01973_ROR1_HUMAN,522,Q,E,0.424,0.970,0.001,0.029,0.472222222222
sp_Q01973_ROR1_HUMAN,523,E,B,0.061,0.970,0.001,0.029,0.443
sp_Q01973_ROR1_HUMAN,524,A,B,0.03,0.970,0.001,0.029,0.422666666667
sp_Q01973_ROR1_HUMAN,525,S,E,0.41,0.970,0.001,0.029,0.440222222222
sp_Q01973_ROR1_HUMAN,526,L,B,0.099,0.970,0.001,0.029,0.425777777778
sp_Q01973_ROR1_HUMAN,527,M,B,0.058,0.923,0.002,0.076,0.426888888889
sp_Q01973_ROR1_HUMAN,528,A,E,0.317,0.859,0.002,0.139,0.420333333333
sp_Q01973_ROR1_HUMAN,529,E,E,0.503,0.600,0.003,0.397,0.431555555556
sp_Q01973_ROR1_HUMAN,530,L,B,0.069,0.176,0.004,0.820,0.432333333333
sp_Q01973_ROR1_HUMAN,531,H,E,0.63,0.016,0.005,0.979,0.424555555556
sp_Q01973_ROR1_HUMAN,532,H,B,0.113,0.003,0.003,0.994,0.425111111111
sp_Q01973_ROR1_HUMAN,533,P,E,0.545,0.058,0.017,0.925,0.413888888889
sp_Q01973_ROR1_HUMAN,534,N,B,0.117,0.113,0.087,0.800,0.394222222222
sp_Q01973_ROR1_HUMAN,535,I,B,0.024,0.074,0.484,0.442,0.385
sp_Q01973_ROR1_HUMAN,536,V,B,0.02,0.018,0.846,0.136,0.347777777778
sp_Q01973_ROR1_HUMAN,537,C,B,0.154,0.011,0.918,0.071,0.335888888889
sp_Q01973_ROR1_HUMAN,538,L,B,0.016,0.011,0.918,0.071,0.314888888889
sp_Q01973_ROR1_HUMAN,539,L,B,0.057,0.011,0.918,0.071,0.302777777778
sp_Q01973_ROR1_HUMAN,540,G,B,0.019,0.011,0.918,0.071,0.323555555556
sp_Q01973_ROR1_HUMAN,541,A,B,0.029,0.006,0.962,0.032,0.347333333333
sp_Q01973_ROR1_HUMAN,542,V,B,0.018,0.006,0.962,0.032,0.373333333333
sp_Q01973_ROR1_HUMAN,543,T,B,0.12,0.002,0.816,0.182,0.391333333333
sp_Q01973_ROR1_HUMAN,544,Q,E,0.424,0.004,0.197,0.799,0.395222222222
sp_Q01973_ROR1_HUMAN,545,E,E,0.662,0.005,0.015,0.979,0.403888888889
sp_Q01973_ROR1_HUMAN,546,Q,E,0.546,0.003,0.003,0.994,0.401888888889
sp_Q01973_ROR1_HUMAN,547,P,B,0.154,0.018,0.088,0.893,0.406777777778
sp_Q01973_ROR1_HUMAN,548,V,B,0.06,0.024,0.655,0.322,0.413666666667
sp_Q01973_ROR1_HUMAN,549,C,B,0.034,0.011,0.918,0.071,0.397
sp_Q01973_ROR1_HUMAN,550,M,B,0.016,0.011,0.918,0.071,0.384333333333
sp_Q01973_ROR1_HUMAN,551,L,B,0.012,0.011,0.918,0.071,0.375111111111
sp_Q01973_ROR1_HUMAN,552,F,B,0.025,0.011,0.918,0.071,0.383
sp_Q01973_ROR1_HUMAN,553,E,B,0.034,0.021,0.756,0.223,0.406444444444
sp_Q01973_ROR1_HUMAN,554,Y,B,0.053,0.069,0.386,0.545,0.424
sp_Q01973_ROR1_HUMAN,555,I,B,0.039,0.053,0.043,0.903,0.452777777778
sp_Q01973_ROR1_HUMAN,556,N,E,0.538,0.018,0.019,0.964,0.462777777778
sp_Q01973_ROR1_HUMAN,557,Q,E,0.422,0.018,0.019,0.964,0.469333333333
sp_Q01973_ROR1_HUMAN,558,G,B,0.108,0.018,0.019,0.964,0.480666666667
sp_Q01973_ROR1_HUMAN,559,D,B,0.209,0.058,0.017,0.925,0.488111111111
sp_Q01973_ROR1_HUMAN,560,L,B,0.026,0.782,0.003,0.215,0.467888888889
sp_Q01973_ROR1_HUMAN,561,H,B,0.257,0.859,0.002,0.139,0.468
sp_Q01973_ROR1_HUMAN,562,E,E,0.467,0.923,0.002,0.076,0.465333333333
sp_Q01973_ROR1_HUMAN,563,F,B,0.093,0.970,0.001,0.029,0.469777777778
sp_Q01973_ROR1_HUMAN,564,L,B,0.021,0.923,0.002,0.076,0.474777777778
sp_Q01973_ROR1_HUMAN,565,I,E,0.368,0.859,0.002,0.139,0.503111111111
sp_Q01973_ROR1_HUMAN,566,M,E,0.622,0.782,0.003,0.215,0.515111111111
sp_Q01973_ROR1_HUMAN,567,R,E,0.269,0.321,0.003,0.675,0.538777777778
sp_Q01973_ROR1_HUMAN,568,S,E,0.347,0.109,0.005,0.886,0.557666666667
sp_Q01973_ROR1_HUMAN,569,P,E,0.553,0.116,0.016,0.868,0.597444444444
sp_Q01973_ROR1_HUMAN,570,H,E,0.53,0.116,0.016,0.868,0.616555555556
sp_Q01973_ROR1_HUMAN,571,S,E,0.433,0.181,0.017,0.803,0.628222222222
sp_Q01973_ROR1_HUMAN,572,D,E,0.449,0.353,0.048,0.598,0.642777777778
sp_Q01973_ROR1_HUMAN,573,V,E,0.439,0.353,0.048,0.598,0.648333333333
sp_Q01973_ROR1_HUMAN,574,G,E,0.413,0.455,0.046,0.498,0.648222222222
sp_Q01973_ROR1_HUMAN,575,C,E,0.404,0.455,0.046,0.498,0.662222222222
sp_Q01973_ROR1_HUMAN,576,S,E,0.404,0.455,0.046,0.498,0.665222222222
sp_Q01973_ROR1_HUMAN,577,S,E,0.423,0.430,0.016,0.555,0.668777777778
sp_Q01973_ROR1_HUMAN,578,D,E,0.524,0.430,0.016,0.555,0.669
sp_Q01973_ROR1_HUMAN,579,E,E,0.508,0.339,0.016,0.645,0.664
sp_Q01973_ROR1_HUMAN,580,D,E,0.534,0.257,0.016,0.727,0.666111111111
sp_Q01973_ROR1_HUMAN,581,G,E,0.444,0.181,0.017,0.803,0.657555555556
sp_Q01973_ROR1_HUMAN,582,T,E,0.571,0.116,0.016,0.868,0.649777777778
sp_Q01973_ROR1_HUMAN,583,V,E,0.537,0.058,0.017,0.925,0.622777777778
sp_Q01973_ROR1_HUMAN,584,K,E,0.65,0.018,0.019,0.964,0.596111111111
sp_Q01973_ROR1_HUMAN,585,S,E,0.538,0.018,0.019,0.964,0.571222222222
sp_Q01973_ROR1_HUMAN,586,S,E,0.637,0.005,0.045,0.951,0.549444444444
sp_Q01973_ROR1_HUMAN,587,L,B,0.045,0.005,0.045,0.951,0.527666666667
sp_Q01973_ROR1_HUMAN,588,D,E,0.423,0.005,0.015,0.979,0.494444444444
sp_Q01973_ROR1_HUMAN,589,H,B,0.205,0.923,0.002,0.076,0.455888888889
sp_Q01973_ROR1_HUMAN,590,G,E,0.466,0.970,0.001,0.029,0.436444444444
sp_Q01973_ROR1_HUMAN,591,D,B,0.19,0.970,0.001,0.029,0.410333333333
sp_Q01973_ROR1_HUMAN,592,F,B,0.033,0.970,0.001,0.029,0.387666666667
sp_Q01973_ROR1_HUMAN,593,L,B,0.037,0.970,0.001,0.029,0.360888888889
sp_Q01973_ROR1_HUMAN,594,H,E,0.287,0.970,0.001,0.029,0.334222222222
sp_Q01973_ROR1_HUMAN,595,I,B,0.029,0.970,0.001,0.029,0.303666666667
sp_Q01973_ROR1_HUMAN,596,A,B,0.014,0.988,0.000,0.012,0.272222222222
sp_Q01973_ROR1_HUMAN,597,I,B,0.094,0.988,0.000,0.012,0.269
