Entry,Position,AminoAcid,Exposed/Buried,RelativeSurfaceAccessilibity,HelixProbability,SheetProbability,CoilProbability,EpitopeProbability
sp_Q9NQ25_SLAF7_HUMAN,1,M,E,0.647,0.003,0.003,0.994,0.219111111111
sp_Q9NQ25_SLAF7_HUMAN,2,A,E,0.403,0.116,0.016,0.868,0.273111111111
sp_Q9NQ25_SLAF7_HUMAN,3,G,E,0.429,0.321,0.003,0.675,0.313777777778
sp_Q9NQ25_SLAF7_HUMAN,4,S,B,0.342,0.502,0.002,0.495,0.349555555556
sp_Q9NQ25_SLAF7_HUMAN,5,P,E,0.363,0.694,0.003,0.303,0.379444444444
sp_Q9NQ25_SLAF7_HUMAN,6,T,B,0.278,0.782,0.003,0.215,0.383333333333
sp_Q9NQ25_SLAF7_HUMAN,7,C,B,0.164,0.878,0.010,0.111,0.373888888889
sp_Q9NQ25_SLAF7_HUMAN,8,L,B,0.124,0.878,0.010,0.111,0.363
sp_Q9NQ25_SLAF7_HUMAN,9,T,B,0.182,0.831,0.044,0.125,0.341666666667
sp_Q9NQ25_SLAF7_HUMAN,10,L,B,0.117,0.870,0.077,0.053,0.304777777778
sp_Q9NQ25_SLAF7_HUMAN,11,I,B,0.106,0.779,0.101,0.120,0.292333333333
sp_Q9NQ25_SLAF7_HUMAN,12,Y,B,0.134,0.807,0.137,0.056,0.301555555556
sp_Q9NQ25_SLAF7_HUMAN,13,I,B,0.099,0.779,0.101,0.120,0.316888888889
sp_Q9NQ25_SLAF7_HUMAN,14,L,B,0.069,0.751,0.050,0.199,0.344444444444
sp_Q9NQ25_SLAF7_HUMAN,15,W,B,0.12,0.660,0.049,0.291,0.367555555556
sp_Q9NQ25_SLAF7_HUMAN,16,Q,B,0.147,0.430,0.016,0.555,0.402222222222
sp_Q9NQ25_SLAF7_HUMAN,17,L,B,0.173,0.339,0.016,0.645,0.436333333333
sp_Q9NQ25_SLAF7_HUMAN,18,T,B,0.202,0.181,0.017,0.803,0.474888888889
sp_Q9NQ25_SLAF7_HUMAN,19,G,B,0.142,0.116,0.016,0.868,0.524111111111
sp_Q9NQ25_SLAF7_HUMAN,20,S,B,0.289,0.053,0.043,0.903,0.543888888889
sp_Q9NQ25_SLAF7_HUMAN,21,A,E,0.439,0.018,0.088,0.893,0.560444444444
sp_Q9NQ25_SLAF7_HUMAN,22,A,B,0.307,0.020,0.205,0.775,0.563333333333
sp_Q9NQ25_SLAF7_HUMAN,23,S,E,0.486,0.021,0.279,0.699,0.569777777778
sp_Q9NQ25_SLAF7_HUMAN,24,G,E,0.423,0.004,0.138,0.858,0.572222222222
sp_Q9NQ25_SLAF7_HUMAN,25,P,E,0.573,0.004,0.085,0.910,0.544222222222
sp_Q9NQ25_SLAF7_HUMAN,26,V,E,0.476,0.004,0.197,0.799,0.521
sp_Q9NQ25_SLAF7_HUMAN,27,K,E,0.535,0.004,0.616,0.381,0.494555555556
sp_Q9NQ25_SLAF7_HUMAN,28,E,E,0.545,0.002,0.816,0.182,0.470888888889
sp_Q9NQ25_SLAF7_HUMAN,29,L,B,0.086,0.001,0.900,0.099,0.462777777778
sp_Q9NQ25_SLAF7_HUMAN,30,V,E,0.42,0.001,0.959,0.040,0.449888888889
sp_Q9NQ25_SLAF7_HUMAN,31,G,B,0.065,0.001,0.959,0.040,0.450111111111
sp_Q9NQ25_SLAF7_HUMAN,32,S,E,0.347,0.001,0.959,0.040,0.440666666667
sp_Q9NQ25_SLAF7_HUMAN,33,V,E,0.359,0.003,0.718,0.279,0.425444444444
sp_Q9NQ25_SLAF7_HUMAN,34,G,E,0.597,0.004,0.085,0.910,0.438333333333
sp_Q9NQ25_SLAF7_HUMAN,35,G,E,0.508,0.004,0.085,0.910,0.421222222222
sp_Q9NQ25_SLAF7_HUMAN,36,A,E,0.489,0.004,0.616,0.381,0.424444444444
sp_Q9NQ25_SLAF7_HUMAN,37,V,B,0.035,0.001,0.900,0.099,0.412444444444
sp_Q9NQ25_SLAF7_HUMAN,38,T,E,0.352,0.001,0.959,0.040,0.410666666667
sp_Q9NQ25_SLAF7_HUMAN,39,F,B,0.04,0.001,0.900,0.099,0.408777777778
sp_Q9NQ25_SLAF7_HUMAN,40,P,E,0.365,0.002,0.816,0.182,0.426777777778
sp_Q9NQ25_SLAF7_HUMAN,41,L,B,0.035,0.004,0.616,0.381,0.444555555556
sp_Q9NQ25_SLAF7_HUMAN,42,K,E,0.562,0.004,0.514,0.481,0.478
sp_Q9NQ25_SLAF7_HUMAN,43,S,B,0.155,0.004,0.420,0.576,0.496333333333
sp_Q9NQ25_SLAF7_HUMAN,44,K,E,0.537,0.004,0.336,0.660,0.527777777778
sp_Q9NQ25_SLAF7_HUMAN,45,V,E,0.587,0.004,0.085,0.910,0.547666666667
sp_Q9NQ25_SLAF7_HUMAN,46,K,E,0.564,0.005,0.045,0.951,0.562333333333
sp_Q9NQ25_SLAF7_HUMAN,47,Q,E,0.663,0.004,0.085,0.910,0.541333333333
sp_Q9NQ25_SLAF7_HUMAN,48,V,E,0.36,0.004,0.197,0.799,0.532111111111
sp_Q9NQ25_SLAF7_HUMAN,49,D,E,0.36,0.004,0.420,0.576,0.491666666667
sp_Q9NQ25_SLAF7_HUMAN,50,S,E,0.379,0.002,0.816,0.182,0.456
sp_Q9NQ25_SLAF7_HUMAN,51,I,B,0.022,0.001,0.959,0.040,0.429666666667
sp_Q9NQ25_SLAF7_HUMAN,52,V,B,0.214,0.001,0.959,0.040,0.413111111111
sp_Q9NQ25_SLAF7_HUMAN,53,W,B,0.025,0.001,0.959,0.040,0.400777777778
sp_Q9NQ25_SLAF7_HUMAN,54,T,B,0.205,0.001,0.959,0.040,0.389111111111
sp_Q9NQ25_SLAF7_HUMAN,55,F,B,0.152,0.001,0.900,0.099,0.382555555556
sp_Q9NQ25_SLAF7_HUMAN,56,N,E,0.606,0.005,0.045,0.951,0.395222222222
sp_Q9NQ25_SLAF7_HUMAN,57,T,E,0.768,0.005,0.015,0.979,0.388555555556
sp_Q9NQ25_SLAF7_HUMAN,58,T,E,0.574,0.004,0.514,0.481,0.400444444444
sp_Q9NQ25_SLAF7_HUMAN,59,P,E,0.419,0.003,0.718,0.279,0.395777777778
sp_Q9NQ25_SLAF7_HUMAN,60,L,B,0.204,0.002,0.816,0.182,0.393555555556
sp_Q9NQ25_SLAF7_HUMAN,61,V,B,0.108,0.001,0.900,0.099,0.419555555556
sp_Q9NQ25_SLAF7_HUMAN,62,T,E,0.288,0.001,0.900,0.099,0.436
sp_Q9NQ25_SLAF7_HUMAN,63,I,B,0.091,0.001,0.900,0.099,0.439222222222
sp_Q9NQ25_SLAF7_HUMAN,64,Q,B,0.218,0.002,0.816,0.182,0.455444444444
sp_Q9NQ25_SLAF7_HUMAN,65,P,E,0.369,0.004,0.336,0.660,0.466111111111
sp_Q9NQ25_SLAF7_HUMAN,66,E,E,0.66,0.004,0.138,0.858,0.487444444444
sp_Q9NQ25_SLAF7_HUMAN,67,G,E,0.612,0.018,0.088,0.893,0.495222222222
sp_Q9NQ25_SLAF7_HUMAN,68,G,E,0.514,0.020,0.205,0.775,0.517333333333
sp_Q9NQ25_SLAF7_HUMAN,69,T,E,0.532,0.004,0.616,0.381,0.537555555556
sp_Q9NQ25_SLAF7_HUMAN,70,I,E,0.341,0.003,0.718,0.279,0.528444444444
sp_Q9NQ25_SLAF7_HUMAN,71,I,E,0.464,0.021,0.756,0.223,0.527666666667
sp_Q9NQ25_SLAF7_HUMAN,72,V,E,0.277,0.022,0.552,0.426,0.543666666667
sp_Q9NQ25_SLAF7_HUMAN,73,T,E,0.477,0.004,0.263,0.733,0.540222222222
sp_Q9NQ25_SLAF7_HUMAN,74,Q,E,0.505,0.018,0.047,0.935,0.551
sp_Q9NQ25_SLAF7_HUMAN,75,N,E,0.627,0.018,0.047,0.935,0.552222222222
sp_Q9NQ25_SLAF7_HUMAN,76,R,E,0.442,0.021,0.279,0.699,0.550888888889
sp_Q9NQ25_SLAF7_HUMAN,77,N,B,0.119,0.004,0.514,0.481,0.547222222222
sp_Q9NQ25_SLAF7_HUMAN,78,R,E,0.364,0.004,0.616,0.381,0.531333333333
sp_Q9NQ25_SLAF7_HUMAN,79,E,B,0.243,0.002,0.816,0.182,0.504555555556
sp_Q9NQ25_SLAF7_HUMAN,80,R,B,0.148,0.002,0.816,0.182,0.505111111111
sp_Q9NQ25_SLAF7_HUMAN,81,V,B,0.104,0.001,0.959,0.040,0.501444444444
sp_Q9NQ25_SLAF7_HUMAN,82,D,E,0.437,0.001,0.959,0.040,0.504333333333
sp_Q9NQ25_SLAF7_HUMAN,83,F,B,0.132,0.001,0.900,0.099,0.509
sp_Q9NQ25_SLAF7_HUMAN,84,P,E,0.398,0.004,0.616,0.381,0.501666666667
sp_Q9NQ25_SLAF7_HUMAN,85,D,E,0.478,0.004,0.138,0.858,0.513888888889
sp_Q9NQ25_SLAF7_HUMAN,86,G,E,0.698,0.005,0.045,0.951,0.493111111111
sp_Q9NQ25_SLAF7_HUMAN,87,G,E,0.547,0.004,0.085,0.910,0.496222222222
sp_Q9NQ25_SLAF7_HUMAN,88,Y,B,0.101,0.004,0.420,0.576,0.486888888889
sp_Q9NQ25_SLAF7_HUMAN,89,S,B,0.17,0.002,0.816,0.182,0.481888888889
sp_Q9NQ25_SLAF7_HUMAN,90,L,B,0.03,0.001,0.959,0.040,0.480111111111
sp_Q9NQ25_SLAF7_HUMAN,91,K,E,0.242,0.001,0.959,0.040,0.463888888889
sp_Q9NQ25_SLAF7_HUMAN,92,L,B,0.035,0.001,0.959,0.040,0.465777777778
sp_Q9NQ25_SLAF7_HUMAN,93,S,E,0.382,0.002,0.816,0.182,0.489888888889
sp_Q9NQ25_SLAF7_HUMAN,94,K,E,0.521,0.004,0.514,0.481,0.486666666667
sp_Q9NQ25_SLAF7_HUMAN,95,L,B,0.082,0.004,0.263,0.733,0.506888888889
sp_Q9NQ25_SLAF7_HUMAN,96,K,E,0.469,0.004,0.420,0.576,0.502666666667
sp_Q9NQ25_SLAF7_HUMAN,97,K,E,0.469,0.004,0.420,0.576,0.531222222222
sp_Q9NQ25_SLAF7_HUMAN,98,N,E,0.6,0.004,0.197,0.799,0.525222222222
sp_Q9NQ25_SLAF7_HUMAN,99,D,B,0.228,0.004,0.138,0.858,0.496777777778
sp_Q9NQ25_SLAF7_HUMAN,100,S,E,0.481,0.004,0.336,0.660,0.495111111111
sp_Q9NQ25_SLAF7_HUMAN,101,G,B,0.185,0.002,0.816,0.182,0.458555555556
sp_Q9NQ25_SLAF7_HUMAN,102,I,E,0.358,0.001,0.959,0.040,0.426777777778
sp_Q9NQ25_SLAF7_HUMAN,103,Y,B,0.039,0.001,0.959,0.040,0.395888888889
sp_Q9NQ25_SLAF7_HUMAN,104,Y,E,0.283,0.001,0.959,0.040,0.405111111111
sp_Q9NQ25_SLAF7_HUMAN,105,V,B,0.02,0.001,0.959,0.040,0.398333333333
sp_Q9NQ25_SLAF7_HUMAN,106,G,B,0.219,0.001,0.959,0.040,0.399222222222
sp_Q9NQ25_SLAF7_HUMAN,107,I,B,0.042,0.001,0.959,0.040,0.417222222222
sp_Q9NQ25_SLAF7_HUMAN,108,Y,E,0.311,0.001,0.959,0.040,0.450555555556
sp_Q9NQ25_SLAF7_HUMAN,109,S,B,0.165,0.002,0.816,0.182,0.480333333333
sp_Q9NQ25_SLAF7_HUMAN,110,S,E,0.603,0.004,0.263,0.733,0.513777777778
sp_Q9NQ25_SLAF7_HUMAN,111,S,E,0.602,0.004,0.085,0.910,0.529666666667
sp_Q9NQ25_SLAF7_HUMAN,112,L,E,0.558,0.004,0.085,0.910,0.562888888889
sp_Q9NQ25_SLAF7_HUMAN,113,Q,E,0.576,0.004,0.197,0.799,0.552111111111
sp_Q9NQ25_SLAF7_HUMAN,114,Q,E,0.455,0.004,0.616,0.381,0.561111111111
sp_Q9NQ25_SLAF7_HUMAN,115,P,E,0.39,0.002,0.816,0.182,0.552
sp_Q9NQ25_SLAF7_HUMAN,116,S,B,0.259,0.002,0.816,0.182,0.517333333333
sp_Q9NQ25_SLAF7_HUMAN,117,T,E,0.397,0.002,0.816,0.182,0.489666666667
sp_Q9NQ25_SLAF7_HUMAN,118,Q,E,0.309,0.002,0.816,0.182,0.442222222222
sp_Q9NQ25_SLAF7_HUMAN,119,E,E,0.438,0.001,0.900,0.099,0.414222222222
sp_Q9NQ25_SLAF7_HUMAN,120,Y,B,0.066,0.001,0.900,0.099,0.390777777778
sp_Q9NQ25_SLAF7_HUMAN,121,V,E,0.319,0.001,0.959,0.040,0.389111111111
sp_Q9NQ25_SLAF7_HUMAN,122,L,B,0.026,0.001,0.900,0.099,0.392111111111
sp_Q9NQ25_SLAF7_HUMAN,123,H,E,0.23,0.001,0.959,0.040,0.404222222222
sp_Q9NQ25_SLAF7_HUMAN,124,V,B,0.033,0.001,0.900,0.099,0.423
sp_Q9NQ25_SLAF7_HUMAN,125,Y,E,0.273,0.001,0.900,0.099,0.450222222222
sp_Q9NQ25_SLAF7_HUMAN,126,E,B,0.2,0.003,0.718,0.279,0.469444444444
sp_Q9NQ25_SLAF7_HUMAN,127,H,E,0.393,0.004,0.336,0.660,0.499444444444
sp_Q9NQ25_SLAF7_HUMAN,128,L,B,0.248,0.004,0.138,0.858,0.516
sp_Q9NQ25_SLAF7_HUMAN,129,S,E,0.483,0.004,0.263,0.733,0.518444444444
sp_Q9NQ25_SLAF7_HUMAN,130,K,E,0.457,0.004,0.138,0.858,0.507111111111
sp_Q9NQ25_SLAF7_HUMAN,131,P,B,0.178,0.004,0.263,0.733,0.511333333333
sp_Q9NQ25_SLAF7_HUMAN,132,K,E,0.443,0.003,0.718,0.279,0.501
sp_Q9NQ25_SLAF7_HUMAN,133,V,B,0.085,0.001,0.900,0.099,0.504111111111
sp_Q9NQ25_SLAF7_HUMAN,134,T,E,0.32,0.002,0.816,0.182,0.516111111111
sp_Q9NQ25_SLAF7_HUMAN,135,M,B,0.21,0.004,0.616,0.381,0.524555555556
sp_Q9NQ25_SLAF7_HUMAN,136,G,E,0.534,0.004,0.263,0.733,0.544666666667
sp_Q9NQ25_SLAF7_HUMAN,137,L,E,0.406,0.018,0.141,0.840,0.564
sp_Q9NQ25_SLAF7_HUMAN,138,Q,E,0.533,0.021,0.452,0.528,0.596777777778
sp_Q9NQ25_SLAF7_HUMAN,139,S,E,0.411,0.022,0.552,0.426,0.617888888889
sp_Q9NQ25_SLAF7_HUMAN,140,N,E,0.399,0.022,0.552,0.426,0.628777777778
sp_Q9NQ25_SLAF7_HUMAN,141,K,E,0.463,0.021,0.452,0.528,0.636444444444
sp_Q9NQ25_SLAF7_HUMAN,142,N,E,0.544,0.004,0.263,0.733,0.625888888889
sp_Q9NQ25_SLAF7_HUMAN,143,G,E,0.571,0.004,0.085,0.910,0.588666666667
sp_Q9NQ25_SLAF7_HUMAN,144,T,E,0.585,0.004,0.138,0.858,0.560333333333
sp_Q9NQ25_SLAF7_HUMAN,145,C,E,0.325,0.004,0.263,0.733,0.508444444444
sp_Q9NQ25_SLAF7_HUMAN,146,V,E,0.416,0.004,0.616,0.381,0.471666666667
sp_Q9NQ25_SLAF7_HUMAN,147,T,B,0.041,0.001,0.900,0.099,0.426111111111
sp_Q9NQ25_SLAF7_HUMAN,148,N,B,0.21,0.001,0.900,0.099,0.394888888889
sp_Q9NQ25_SLAF7_HUMAN,149,L,B,0.021,0.001,0.900,0.099,0.355666666667
sp_Q9NQ25_SLAF7_HUMAN,150,T,B,0.162,0.011,0.918,0.071,0.338222222222
sp_Q9NQ25_SLAF7_HUMAN,151,C,B,0.018,0.011,0.918,0.071,0.338
sp_Q9NQ25_SLAF7_HUMAN,152,C,E,0.279,0.001,0.900,0.099,0.367555555556
sp_Q9NQ25_SLAF7_HUMAN,153,M,B,0.065,0.002,0.816,0.182,0.382888888889
sp_Q9NQ25_SLAF7_HUMAN,154,E,E,0.489,0.004,0.420,0.576,0.424111111111
sp_Q9NQ25_SLAF7_HUMAN,155,H,E,0.68,0.004,0.138,0.858,0.444444444444
sp_Q9NQ25_SLAF7_HUMAN,156,G,E,0.595,0.005,0.045,0.951,0.459222222222
sp_Q9NQ25_SLAF7_HUMAN,157,E,E,0.51,0.005,0.045,0.951,0.482444444444
sp_Q9NQ25_SLAF7_HUMAN,158,E,E,0.498,0.004,0.085,0.910,0.491555555556
sp_Q9NQ25_SLAF7_HUMAN,159,D,E,0.409,0.004,0.197,0.799,0.486444444444
sp_Q9NQ25_SLAF7_HUMAN,160,V,B,0.096,0.004,0.514,0.481,0.458444444444
sp_Q9NQ25_SLAF7_HUMAN,161,I,E,0.295,0.001,0.900,0.099,0.443777777778
sp_Q9NQ25_SLAF7_HUMAN,162,Y,B,0.059,0.001,0.959,0.040,0.440777777778
sp_Q9NQ25_SLAF7_HUMAN,163,T,B,0.2,0.001,0.959,0.040,0.443888888889
sp_Q9NQ25_SLAF7_HUMAN,164,W,B,0.04,0.011,0.918,0.071,0.449444444444
sp_Q9NQ25_SLAF7_HUMAN,165,K,B,0.232,0.001,0.900,0.099,0.477111111111
sp_Q9NQ25_SLAF7_HUMAN,166,A,B,0.213,0.003,0.718,0.279,0.477333333333
sp_Q9NQ25_SLAF7_HUMAN,167,L,E,0.551,0.018,0.088,0.893,0.497666666667
sp_Q9NQ25_SLAF7_HUMAN,168,G,E,0.629,0.018,0.019,0.964,0.518555555556
sp_Q9NQ25_SLAF7_HUMAN,169,Q,E,0.676,0.004,0.263,0.733,0.555111111111
sp_Q9NQ25_SLAF7_HUMAN,170,A,E,0.556,0.004,0.420,0.576,0.572666666667
sp_Q9NQ25_SLAF7_HUMAN,171,A,E,0.325,0.022,0.552,0.426,0.598777777778
sp_Q9NQ25_SLAF7_HUMAN,172,N,E,0.445,0.022,0.552,0.426,0.592777777778
sp_Q9NQ25_SLAF7_HUMAN,173,E,E,0.404,0.021,0.452,0.528,0.583888888889
sp_Q9NQ25_SLAF7_HUMAN,174,S,E,0.303,0.004,0.263,0.733,0.574444444444
sp_Q9NQ25_SLAF7_HUMAN,175,H,E,0.58,0.004,0.138,0.858,0.577444444444
sp_Q9NQ25_SLAF7_HUMAN,176,N,E,0.705,0.004,0.085,0.910,0.557111111111
sp_Q9NQ25_SLAF7_HUMAN,177,G,E,0.512,0.004,0.138,0.858,0.547444444444
sp_Q9NQ25_SLAF7_HUMAN,178,S,B,0.257,0.004,0.336,0.660,0.517333333333
sp_Q9NQ25_SLAF7_HUMAN,179,I,E,0.34,0.002,0.816,0.182,0.503444444444
sp_Q9NQ25_SLAF7_HUMAN,180,L,B,0.044,0.001,0.900,0.099,0.476555555556
sp_Q9NQ25_SLAF7_HUMAN,181,P,B,0.242,0.001,0.900,0.099,0.468777777778
sp_Q9NQ25_SLAF7_HUMAN,182,I,B,0.048,0.001,0.900,0.099,0.472666666667
sp_Q9NQ25_SLAF7_HUMAN,183,S,E,0.379,0.001,0.900,0.099,0.48
sp_Q9NQ25_SLAF7_HUMAN,184,W,E,0.339,0.003,0.718,0.279,0.484
sp_Q9NQ25_SLAF7_HUMAN,185,R,B,0.231,0.004,0.616,0.381,0.508777777778
sp_Q9NQ25_SLAF7_HUMAN,186,W,E,0.504,0.004,0.514,0.481,0.523222222222
sp_Q9NQ25_SLAF7_HUMAN,187,G,E,0.551,0.004,0.263,0.733,0.539
sp_Q9NQ25_SLAF7_HUMAN,188,E,E,0.581,0.004,0.085,0.910,0.541888888889
sp_Q9NQ25_SLAF7_HUMAN,189,S,E,0.467,0.005,0.045,0.951,0.519555555556
sp_Q9NQ25_SLAF7_HUMAN,190,D,E,0.7,0.005,0.045,0.951,0.511444444444
sp_Q9NQ25_SLAF7_HUMAN,191,M,E,0.271,0.004,0.420,0.576,0.486888888889
sp_Q9NQ25_SLAF7_HUMAN,192,T,E,0.378,0.002,0.816,0.182,0.461444444444
sp_Q9NQ25_SLAF7_HUMAN,193,F,B,0.048,0.001,0.959,0.040,0.424222222222
sp_Q9NQ25_SLAF7_HUMAN,194,I,B,0.226,0.001,0.959,0.040,0.418666666667
sp_Q9NQ25_SLAF7_HUMAN,195,C,B,0.012,0.001,0.959,0.040,0.407222222222
sp_Q9NQ25_SLAF7_HUMAN,196,V,B,0.164,0.001,0.959,0.040,0.412444444444
sp_Q9NQ25_SLAF7_HUMAN,197,A,B,0.035,0.001,0.959,0.040,0.411777777778
sp_Q9NQ25_SLAF7_HUMAN,198,R,E,0.377,0.001,0.959,0.040,0.445888888889
sp_Q9NQ25_SLAF7_HUMAN,199,N,B,0.116,0.004,0.616,0.381,0.463111111111
sp_Q9NQ25_SLAF7_HUMAN,200,P,E,0.554,0.018,0.088,0.893,0.491111111111
sp_Q9NQ25_SLAF7_HUMAN,201,V,E,0.332,0.004,0.197,0.799,0.498
sp_Q9NQ25_SLAF7_HUMAN,202,S,E,0.418,0.004,0.420,0.576,0.524
sp_Q9NQ25_SLAF7_HUMAN,203,R,E,0.473,0.004,0.514,0.481,0.522555555556
sp_Q9NQ25_SLAF7_HUMAN,204,N,E,0.446,0.003,0.718,0.279,0.517888888889
sp_Q9NQ25_SLAF7_HUMAN,205,F,E,0.411,0.003,0.718,0.279,0.518111111111
sp_Q9NQ25_SLAF7_HUMAN,206,S,B,0.23,0.003,0.718,0.279,0.517555555556
sp_Q9NQ25_SLAF7_HUMAN,207,S,E,0.418,0.002,0.816,0.182,0.501888888889
sp_Q9NQ25_SLAF7_HUMAN,208,P,B,0.18,0.003,0.718,0.279,0.509555555556
sp_Q9NQ25_SLAF7_HUMAN,209,I,B,0.285,0.002,0.816,0.182,0.524222222222
sp_Q9NQ25_SLAF7_HUMAN,210,L,B,0.287,0.021,0.756,0.223,0.544555555556
sp_Q9NQ25_SLAF7_HUMAN,211,A,B,0.211,0.021,0.452,0.528,0.546222222222
sp_Q9NQ25_SLAF7_HUMAN,212,R,E,0.386,0.022,0.359,0.619,0.572444444444
sp_Q9NQ25_SLAF7_HUMAN,213,K,E,0.507,0.022,0.359,0.619,0.585777777778
sp_Q9NQ25_SLAF7_HUMAN,214,L,E,0.3,0.020,0.205,0.775,0.586111111111
sp_Q9NQ25_SLAF7_HUMAN,215,C,B,0.233,0.004,0.085,0.910,0.599111111111
sp_Q9NQ25_SLAF7_HUMAN,216,E,E,0.527,0.018,0.047,0.935,0.623777777778
sp_Q9NQ25_SLAF7_HUMAN,217,G,E,0.522,0.018,0.047,0.935,0.614666666667
sp_Q9NQ25_SLAF7_HUMAN,218,A,E,0.278,0.018,0.047,0.935,0.600555555556
sp_Q9NQ25_SLAF7_HUMAN,219,A,E,0.406,0.018,0.047,0.935,0.608111111111
sp_Q9NQ25_SLAF7_HUMAN,220,D,E,0.601,0.018,0.047,0.935,0.607333333333
sp_Q9NQ25_SLAF7_HUMAN,221,D,E,0.396,0.018,0.019,0.964,0.593222222222
sp_Q9NQ25_SLAF7_HUMAN,222,P,B,0.279,0.058,0.017,0.925,0.583888888889
sp_Q9NQ25_SLAF7_HUMAN,223,D,E,0.395,0.116,0.016,0.868,0.577777777778
sp_Q9NQ25_SLAF7_HUMAN,224,S,B,0.272,0.353,0.048,0.598,0.548888888889
sp_Q9NQ25_SLAF7_HUMAN,225,S,B,0.257,0.455,0.046,0.498,0.511444444444
sp_Q9NQ25_SLAF7_HUMAN,226,M,B,0.271,0.561,0.047,0.393,0.475777777778
sp_Q9NQ25_SLAF7_HUMAN,227,V,B,0.227,0.660,0.049,0.291,0.447777777778
sp_Q9NQ25_SLAF7_HUMAN,228,L,B,0.215,0.831,0.044,0.125,0.401222222222
sp_Q9NQ25_SLAF7_HUMAN,229,L,B,0.279,0.878,0.010,0.111,0.372111111111
sp_Q9NQ25_SLAF7_HUMAN,230,C,E,0.279,0.938,0.007,0.055,0.329333333333
sp_Q9NQ25_SLAF7_HUMAN,231,L,B,0.211,0.938,0.007,0.055,0.309
sp_Q9NQ25_SLAF7_HUMAN,232,L,E,0.306,0.970,0.001,0.029,0.284444444444
sp_Q9NQ25_SLAF7_HUMAN,233,L,E,0.288,0.970,0.001,0.029,0.264444444444
sp_Q9NQ25_SLAF7_HUMAN,234,V,B,0.281,0.970,0.001,0.029,0.255888888889
sp_Q9NQ25_SLAF7_HUMAN,235,P,B,0.222,0.988,0.000,0.012,0.254666666667
sp_Q9NQ25_SLAF7_HUMAN,236,L,B,0.23,0.988,0.000,0.012,0.245444444444
sp_Q9NQ25_SLAF7_HUMAN,237,L,B,0.246,0.988,0.000,0.012,0.251222222222
sp_Q9NQ25_SLAF7_HUMAN,238,L,B,0.233,0.988,0.000,0.012,0.248555555556
sp_Q9NQ25_SLAF7_HUMAN,239,S,B,0.216,0.988,0.000,0.012,0.248777777778
sp_Q9NQ25_SLAF7_HUMAN,240,L,B,0.228,0.988,0.000,0.012,0.238777777778
sp_Q9NQ25_SLAF7_HUMAN,241,F,B,0.21,0.970,0.001,0.029,0.237444444444
sp_Q9NQ25_SLAF7_HUMAN,242,V,B,0.221,0.970,0.001,0.029,0.241333333333
sp_Q9NQ25_SLAF7_HUMAN,243,L,B,0.145,0.975,0.003,0.022,0.245
sp_Q9NQ25_SLAF7_HUMAN,244,G,B,0.146,0.975,0.003,0.022,0.258666666667
sp_Q9NQ25_SLAF7_HUMAN,245,L,B,0.113,0.938,0.007,0.055,0.268111111111
sp_Q9NQ25_SLAF7_HUMAN,246,F,B,0.089,0.911,0.033,0.057,0.275666666667
sp_Q9NQ25_SLAF7_HUMAN,247,L,B,0.066,0.886,0.090,0.024,0.298111111111
sp_Q9NQ25_SLAF7_HUMAN,248,W,B,0.1,0.807,0.137,0.056,0.332222222222
sp_Q9NQ25_SLAF7_HUMAN,249,F,B,0.113,0.725,0.163,0.112,0.372333333333
sp_Q9NQ25_SLAF7_HUMAN,250,L,B,0.158,0.649,0.163,0.188,0.407888888889
sp_Q9NQ25_SLAF7_HUMAN,251,K,B,0.217,0.538,0.173,0.289,0.452777777778
sp_Q9NQ25_SLAF7_HUMAN,252,R,E,0.312,0.502,0.102,0.396,0.499222222222
sp_Q9NQ25_SLAF7_HUMAN,253,E,E,0.474,0.386,0.097,0.517,0.532222222222
sp_Q9NQ25_SLAF7_HUMAN,254,R,E,0.623,0.184,0.043,0.773,0.566888888889
sp_Q9NQ25_SLAF7_HUMAN,255,Q,E,0.638,0.113,0.043,0.844,0.592444444444
sp_Q9NQ25_SLAF7_HUMAN,256,E,E,0.637,0.053,0.043,0.903,0.607444444444
sp_Q9NQ25_SLAF7_HUMAN,257,E,E,0.614,0.053,0.043,0.903,0.613111111111
sp_Q9NQ25_SLAF7_HUMAN,258,Y,E,0.543,0.113,0.043,0.844,0.622666666667
sp_Q9NQ25_SLAF7_HUMAN,259,I,E,0.557,0.113,0.043,0.844,0.624
sp_Q9NQ25_SLAF7_HUMAN,260,E,E,0.523,0.113,0.043,0.844,0.621222222222
sp_Q9NQ25_SLAF7_HUMAN,261,E,E,0.698,0.113,0.043,0.844,0.595888888889
sp_Q9NQ25_SLAF7_HUMAN,262,K,E,0.566,0.053,0.043,0.903,0.593333333333
sp_Q9NQ25_SLAF7_HUMAN,263,K,E,0.636,0.053,0.043,0.903,0.583777777778
sp_Q9NQ25_SLAF7_HUMAN,264,R,E,0.583,0.018,0.141,0.840,0.576444444444
sp_Q9NQ25_SLAF7_HUMAN,265,V,E,0.263,0.022,0.359,0.619,0.587
sp_Q9NQ25_SLAF7_HUMAN,266,D,E,0.576,0.024,0.655,0.322,0.592666666667
sp_Q9NQ25_SLAF7_HUMAN,267,I,E,0.345,0.024,0.655,0.322,0.582555555556
sp_Q9NQ25_SLAF7_HUMAN,268,C,E,0.405,0.021,0.452,0.528,0.581555555556
sp_Q9NQ25_SLAF7_HUMAN,269,R,E,0.567,0.022,0.359,0.619,0.588777777778
sp_Q9NQ25_SLAF7_HUMAN,270,E,E,0.616,0.020,0.205,0.775,0.600222222222
sp_Q9NQ25_SLAF7_HUMAN,271,T,E,0.475,0.018,0.141,0.840,0.592111111111
sp_Q9NQ25_SLAF7_HUMAN,272,P,E,0.505,0.018,0.047,0.935,0.597111111111
sp_Q9NQ25_SLAF7_HUMAN,273,N,E,0.672,0.018,0.047,0.935,0.600333333333
sp_Q9NQ25_SLAF7_HUMAN,274,I,E,0.557,0.018,0.019,0.964,0.589666666667
sp_Q9NQ25_SLAF7_HUMAN,275,C,E,0.565,0.018,0.019,0.964,0.589111111111
sp_Q9NQ25_SLAF7_HUMAN,276,P,E,0.479,0.016,0.005,0.979,0.583
sp_Q9NQ25_SLAF7_HUMAN,277,H,E,0.632,0.016,0.005,0.979,0.579666666667
sp_Q9NQ25_SLAF7_HUMAN,278,S,E,0.625,0.018,0.019,0.964,0.562777777778
sp_Q9NQ25_SLAF7_HUMAN,279,G,E,0.652,0.018,0.019,0.964,0.560333333333
sp_Q9NQ25_SLAF7_HUMAN,280,E,E,0.713,0.018,0.019,0.964,0.559
sp_Q9NQ25_SLAF7_HUMAN,281,N,E,0.551,0.018,0.047,0.935,0.561111111111
sp_Q9NQ25_SLAF7_HUMAN,282,T,E,0.435,0.021,0.279,0.699,0.567666666667
sp_Q9NQ25_SLAF7_HUMAN,283,E,E,0.479,0.022,0.552,0.426,0.563777777778
sp_Q9NQ25_SLAF7_HUMAN,284,Y,E,0.306,0.022,0.552,0.426,0.564444444444
sp_Q9NQ25_SLAF7_HUMAN,285,D,B,0.32,0.022,0.552,0.426,0.574222222222
sp_Q9NQ25_SLAF7_HUMAN,286,T,E,0.516,0.021,0.452,0.528,0.580222222222
sp_Q9NQ25_SLAF7_HUMAN,287,I,B,0.163,0.021,0.452,0.528,0.591777777778
sp_Q9NQ25_SLAF7_HUMAN,288,P,E,0.527,0.022,0.359,0.619,0.607444444444
sp_Q9NQ25_SLAF7_HUMAN,289,H,E,0.346,0.020,0.205,0.775,0.617666666667
sp_Q9NQ25_SLAF7_HUMAN,290,T,E,0.536,0.018,0.141,0.840,0.62
sp_Q9NQ25_SLAF7_HUMAN,291,N,E,0.577,0.052,0.084,0.864,0.615777777778
sp_Q9NQ25_SLAF7_HUMAN,292,R,E,0.528,0.052,0.084,0.864,0.618444444444
sp_Q9NQ25_SLAF7_HUMAN,293,T,E,0.618,0.053,0.043,0.903,0.618
sp_Q9NQ25_SLAF7_HUMAN,294,I,E,0.408,0.053,0.043,0.903,0.614555555556
sp_Q9NQ25_SLAF7_HUMAN,295,L,E,0.619,0.053,0.043,0.903,0.603333333333
sp_Q9NQ25_SLAF7_HUMAN,296,K,E,0.663,0.053,0.043,0.903,0.591222222222
sp_Q9NQ25_SLAF7_HUMAN,297,E,E,0.619,0.053,0.043,0.903,0.570888888889
sp_Q9NQ25_SLAF7_HUMAN,298,D,E,0.695,0.018,0.019,0.964,0.559222222222
sp_Q9NQ25_SLAF7_HUMAN,299,P,E,0.525,0.018,0.019,0.964,0.539333333333
sp_Q9NQ25_SLAF7_HUMAN,300,A,E,0.471,0.018,0.047,0.935,0.531555555556
sp_Q9NQ25_SLAF7_HUMAN,301,N,E,0.597,0.020,0.205,0.775,0.524222222222
sp_Q9NQ25_SLAF7_HUMAN,302,T,E,0.332,0.004,0.420,0.576,0.501666666667
sp_Q9NQ25_SLAF7_HUMAN,303,V,E,0.297,0.003,0.718,0.279,0.487111111111
sp_Q9NQ25_SLAF7_HUMAN,304,Y,B,0.263,0.002,0.816,0.182,0.493666666667
sp_Q9NQ25_SLAF7_HUMAN,305,S,B,0.22,0.021,0.756,0.223,0.500222222222
sp_Q9NQ25_SLAF7_HUMAN,306,T,E,0.392,0.024,0.655,0.322,0.507666666667
sp_Q9NQ25_SLAF7_HUMAN,307,V,B,0.118,0.024,0.655,0.322,0.523777777778
sp_Q9NQ25_SLAF7_HUMAN,308,E,E,0.464,0.004,0.514,0.481,0.544777777778
sp_Q9NQ25_SLAF7_HUMAN,309,I,E,0.295,0.020,0.205,0.775,0.551333333333
sp_Q9NQ25_SLAF7_HUMAN,310,P,E,0.363,0.018,0.088,0.893,0.569555555556
sp_Q9NQ25_SLAF7_HUMAN,311,K,E,0.676,0.018,0.047,0.935,0.589888888889
sp_Q9NQ25_SLAF7_HUMAN,312,K,E,0.498,0.052,0.084,0.864,0.607555555556
sp_Q9NQ25_SLAF7_HUMAN,313,M,E,0.464,0.018,0.047,0.935,0.616666666667
sp_Q9NQ25_SLAF7_HUMAN,314,E,E,0.651,0.018,0.047,0.935,0.622222222222
sp_Q9NQ25_SLAF7_HUMAN,315,N,E,0.624,0.018,0.019,0.964,0.624666666667
sp_Q9NQ25_SLAF7_HUMAN,316,P,E,0.431,0.018,0.019,0.964,0.626444444444
sp_Q9NQ25_SLAF7_HUMAN,317,H,E,0.594,0.053,0.043,0.903,0.623888888889
sp_Q9NQ25_SLAF7_HUMAN,318,S,E,0.535,0.053,0.043,0.903,0.615666666667
sp_Q9NQ25_SLAF7_HUMAN,319,L,E,0.419,0.058,0.017,0.925,0.601333333333
sp_Q9NQ25_SLAF7_HUMAN,320,L,E,0.529,0.058,0.017,0.925,0.594777777778
sp_Q9NQ25_SLAF7_HUMAN,321,T,E,0.672,0.058,0.017,0.925,0.580888888889
sp_Q9NQ25_SLAF7_HUMAN,322,M,E,0.53,0.018,0.019,0.964,0.580777777778
sp_Q9NQ25_SLAF7_HUMAN,323,P,E,0.31,0.018,0.019,0.964,0.582444444444
sp_Q9NQ25_SLAF7_HUMAN,324,D,E,0.579,0.018,0.019,0.964,0.576333333333
sp_Q9NQ25_SLAF7_HUMAN,325,T,E,0.406,0.018,0.019,0.964,0.565444444444
sp_Q9NQ25_SLAF7_HUMAN,326,P,E,0.489,0.018,0.019,0.964,0.545777777778
sp_Q9NQ25_SLAF7_HUMAN,327,R,E,0.556,0.018,0.019,0.964,0.541555555556
sp_Q9NQ25_SLAF7_HUMAN,328,L,B,0.162,0.018,0.047,0.935,0.548333333333
sp_Q9NQ25_SLAF7_HUMAN,329,F,E,0.366,0.052,0.084,0.864,0.546111111111
sp_Q9NQ25_SLAF7_HUMAN,330,A,B,0.16,0.118,0.150,0.732,0.547
sp_Q9NQ25_SLAF7_HUMAN,331,Y,B,0.271,0.125,0.227,0.648,0.532
sp_Q9NQ25_SLAF7_HUMAN,332,E,E,0.518,0.216,0.235,0.548,0.460777777778
sp_Q9NQ25_SLAF7_HUMAN,333,N,E,0.448,0.307,0.165,0.527,0.401555555556
sp_Q9NQ25_SLAF7_HUMAN,334,V,B,0.174,0.278,0.093,0.628,0.336777777778
sp_Q9NQ25_SLAF7_HUMAN,335,I,E,0.609,0.018,0.019,0.964,0.287111111111
