Entry,Position,AminoAcid,Exposed/Buried,RelativeSurfaceAccessilibity,HelixProbability,SheetProbability,CoilProbability,EpitopeProbability
sp_Q02223_TNR17_HUMAN,1,M,E,0.783,0.109,0.005,0.886,0.251111111111
sp_Q02223_TNR17_HUMAN,2,L,E,0.408,0.561,0.047,0.393,0.311555555556
sp_Q02223_TNR17_HUMAN,3,Q,E,0.55,0.660,0.049,0.291,0.370888888889
sp_Q02223_TNR17_HUMAN,4,M,E,0.291,0.660,0.049,0.291,0.421888888889
sp_Q02223_TNR17_HUMAN,5,A,B,0.246,0.660,0.049,0.291,0.483555555556
sp_Q02223_TNR17_HUMAN,6,G,E,0.463,0.606,0.105,0.289,0.512222222222
sp_Q02223_TNR17_HUMAN,7,Q,E,0.483,0.455,0.046,0.498,0.527888888889
sp_Q02223_TNR17_HUMAN,8,C,B,0.094,0.353,0.048,0.598,0.537111111111
sp_Q02223_TNR17_HUMAN,9,S,B,0.26,0.257,0.016,0.727,0.554777777778
sp_Q02223_TNR17_HUMAN,10,Q,E,0.432,0.430,0.016,0.555,0.547
sp_Q02223_TNR17_HUMAN,11,N,E,0.426,0.622,0.015,0.363,0.558444444444
sp_Q02223_TNR17_HUMAN,12,E,E,0.514,0.782,0.003,0.215,0.554555555556
sp_Q02223_TNR17_HUMAN,13,Y,B,0.186,0.859,0.002,0.139,0.536666666667
sp_Q02223_TNR17_HUMAN,14,F,B,0.066,0.859,0.002,0.139,0.521
sp_Q02223_TNR17_HUMAN,15,D,E,0.369,0.859,0.002,0.139,0.521222222222
sp_Q02223_TNR17_HUMAN,16,S,E,0.396,0.859,0.002,0.139,0.508777777778
sp_Q02223_TNR17_HUMAN,17,L,B,0.064,0.859,0.002,0.139,0.482111111111
sp_Q02223_TNR17_HUMAN,18,L,B,0.093,0.878,0.010,0.111,0.473
sp_Q02223_TNR17_HUMAN,19,H,E,0.451,0.802,0.014,0.185,0.488333333333
sp_Q02223_TNR17_HUMAN,20,A,B,0.211,0.622,0.015,0.363,0.466555555556
sp_Q02223_TNR17_HUMAN,21,C,B,0.06,0.278,0.093,0.628,0.468111111111
sp_Q02223_TNR17_HUMAN,22,I,E,0.291,0.118,0.150,0.732,0.484666666667
sp_Q02223_TNR17_HUMAN,23,P,E,0.345,0.056,0.142,0.802,0.503666666667
sp_Q02223_TNR17_HUMAN,24,C,B,0.09,0.021,0.279,0.699,0.481777777778
sp_Q02223_TNR17_HUMAN,25,Q,E,0.376,0.021,0.452,0.528,0.494444444444
sp_Q02223_TNR17_HUMAN,26,L,B,0.11,0.021,0.452,0.528,0.518222222222
sp_Q02223_TNR17_HUMAN,27,R,E,0.356,0.021,0.452,0.528,0.522111111111
sp_Q02223_TNR17_HUMAN,28,C,B,0.061,0.004,0.138,0.858,0.520777777778
sp_Q02223_TNR17_HUMAN,29,S,E,0.442,0.018,0.047,0.935,0.532444444444
sp_Q02223_TNR17_HUMAN,30,S,E,0.686,0.005,0.015,0.979,0.532111111111
sp_Q02223_TNR17_HUMAN,31,N,E,0.65,0.005,0.015,0.979,0.544888888889
sp_Q02223_TNR17_HUMAN,32,T,E,0.509,0.003,0.003,0.994,0.543444444444
sp_Q02223_TNR17_HUMAN,33,P,B,0.292,0.003,0.003,0.994,0.542222222222
sp_Q02223_TNR17_HUMAN,34,P,E,0.343,0.018,0.047,0.935,0.541666666667
sp_Q02223_TNR17_HUMAN,35,L,B,0.216,0.018,0.141,0.840,0.548444444444
sp_Q02223_TNR17_HUMAN,36,T,E,0.365,0.020,0.205,0.775,0.536333333333
sp_Q02223_TNR17_HUMAN,37,C,B,0.08,0.064,0.216,0.721,0.522333333333
sp_Q02223_TNR17_HUMAN,38,Q,E,0.354,0.125,0.227,0.648,0.534222222222
sp_Q02223_TNR17_HUMAN,39,R,E,0.474,0.118,0.150,0.732,0.541555555556
sp_Q02223_TNR17_HUMAN,40,Y,B,0.237,0.113,0.087,0.800,0.550666666667
sp_Q02223_TNR17_HUMAN,41,C,B,0.073,0.113,0.087,0.800,0.564333333333
sp_Q02223_TNR17_HUMAN,42,N,E,0.505,0.113,0.043,0.844,0.594777777778
sp_Q02223_TNR17_HUMAN,43,A,E,0.428,0.257,0.016,0.727,0.606222222222
sp_Q02223_TNR17_HUMAN,44,S,E,0.568,0.353,0.048,0.598,0.603222222222
sp_Q02223_TNR17_HUMAN,45,V,E,0.319,0.353,0.048,0.598,0.619777777778
sp_Q02223_TNR17_HUMAN,46,T,E,0.388,0.386,0.097,0.517,0.649444444444
sp_Q02223_TNR17_HUMAN,47,N,E,0.513,0.278,0.093,0.628,0.64
sp_Q02223_TNR17_HUMAN,48,S,E,0.446,0.278,0.093,0.628,0.64
sp_Q02223_TNR17_HUMAN,49,V,B,0.197,0.278,0.093,0.628,0.635888888889
sp_Q02223_TNR17_HUMAN,50,K,E,0.485,0.278,0.093,0.628,0.617555555556
sp_Q02223_TNR17_HUMAN,51,G,E,0.332,0.386,0.097,0.517,0.601777777778
sp_Q02223_TNR17_HUMAN,52,T,E,0.31,0.502,0.102,0.396,0.575222222222
sp_Q02223_TNR17_HUMAN,53,N,E,0.383,0.561,0.047,0.393,0.554222222222
sp_Q02223_TNR17_HUMAN,54,A,E,0.363,0.660,0.049,0.291,0.523555555556
sp_Q02223_TNR17_HUMAN,55,I,B,0.141,0.751,0.050,0.199,0.478444444444
sp_Q02223_TNR17_HUMAN,56,L,B,0.14,0.751,0.050,0.199,0.454333333333
sp_Q02223_TNR17_HUMAN,57,W,B,0.175,0.751,0.050,0.199,0.435444444444
sp_Q02223_TNR17_HUMAN,58,T,B,0.241,0.751,0.050,0.199,0.417555555556
sp_Q02223_TNR17_HUMAN,59,C,B,0.122,0.622,0.015,0.363,0.405555555556
sp_Q02223_TNR17_HUMAN,60,L,B,0.212,0.522,0.016,0.462,0.401222222222
sp_Q02223_TNR17_HUMAN,61,G,E,0.333,0.522,0.016,0.462,0.399555555556
sp_Q02223_TNR17_HUMAN,62,L,B,0.225,0.430,0.016,0.555,0.395
sp_Q02223_TNR17_HUMAN,63,S,E,0.336,0.522,0.016,0.462,0.384777777778
sp_Q02223_TNR17_HUMAN,64,L,B,0.227,0.561,0.047,0.393,0.383333333333
sp_Q02223_TNR17_HUMAN,65,I,B,0.234,0.660,0.049,0.291,0.371555555556
sp_Q02223_TNR17_HUMAN,66,I,B,0.214,0.660,0.049,0.291,0.358111111111
sp_Q02223_TNR17_HUMAN,67,S,E,0.313,0.751,0.050,0.199,0.339888888889
sp_Q02223_TNR17_HUMAN,68,L,B,0.208,0.802,0.014,0.185,0.32
sp_Q02223_TNR17_HUMAN,69,A,B,0.216,0.802,0.014,0.185,0.292
sp_Q02223_TNR17_HUMAN,70,V,B,0.212,0.878,0.010,0.111,0.284888888889
sp_Q02223_TNR17_HUMAN,71,F,B,0.154,0.878,0.010,0.111,0.289555555556
sp_Q02223_TNR17_HUMAN,72,V,B,0.162,0.878,0.010,0.111,0.300888888889
sp_Q02223_TNR17_HUMAN,73,L,B,0.144,0.878,0.010,0.111,0.309
sp_Q02223_TNR17_HUMAN,74,M,B,0.198,0.878,0.010,0.111,0.346111111111
sp_Q02223_TNR17_HUMAN,75,F,B,0.167,0.878,0.010,0.111,0.378555555556
sp_Q02223_TNR17_HUMAN,76,L,B,0.188,0.802,0.014,0.185,0.407555555556
sp_Q02223_TNR17_HUMAN,77,L,B,0.216,0.802,0.014,0.185,0.455888888889
sp_Q02223_TNR17_HUMAN,78,R,E,0.434,0.717,0.014,0.269,0.504444444444
sp_Q02223_TNR17_HUMAN,79,K,E,0.473,0.522,0.016,0.462,0.538888888889
sp_Q02223_TNR17_HUMAN,80,I,B,0.251,0.339,0.016,0.645,0.561
sp_Q02223_TNR17_HUMAN,81,N,E,0.457,0.181,0.017,0.803,0.575555555556
sp_Q02223_TNR17_HUMAN,82,S,E,0.552,0.339,0.016,0.645,0.595888888889
sp_Q02223_TNR17_HUMAN,83,E,E,0.634,0.430,0.016,0.555,0.591222222222
sp_Q02223_TNR17_HUMAN,84,P,E,0.474,0.430,0.016,0.555,0.601444444444
sp_Q02223_TNR17_HUMAN,85,L,B,0.26,0.522,0.016,0.462,0.610222222222
sp_Q02223_TNR17_HUMAN,86,K,E,0.492,0.522,0.016,0.462,0.615111111111
sp_Q02223_TNR17_HUMAN,87,D,E,0.644,0.522,0.016,0.462,0.609555555556
sp_Q02223_TNR17_HUMAN,88,E,E,0.504,0.522,0.016,0.462,0.611333333333
sp_Q02223_TNR17_HUMAN,89,F,B,0.297,0.430,0.016,0.555,0.609222222222
sp_Q02223_TNR17_HUMAN,90,K,E,0.572,0.353,0.048,0.598,0.622555555556
sp_Q02223_TNR17_HUMAN,91,N,E,0.363,0.257,0.016,0.727,0.627
sp_Q02223_TNR17_HUMAN,92,T,E,0.417,0.339,0.016,0.645,0.627
sp_Q02223_TNR17_HUMAN,93,G,E,0.376,0.561,0.047,0.393,0.613444444444
sp_Q02223_TNR17_HUMAN,94,S,B,0.286,0.561,0.047,0.393,0.615888888889
sp_Q02223_TNR17_HUMAN,95,G,E,0.384,0.606,0.105,0.289,0.602666666667
sp_Q02223_TNR17_HUMAN,96,L,E,0.298,0.606,0.105,0.289,0.604222222222
sp_Q02223_TNR17_HUMAN,97,L,B,0.267,0.502,0.102,0.396,0.599222222222
sp_Q02223_TNR17_HUMAN,98,G,E,0.598,0.268,0.043,0.689,0.588111111111
sp_Q02223_TNR17_HUMAN,99,M,E,0.518,0.184,0.043,0.773,0.581
sp_Q02223_TNR17_HUMAN,100,A,E,0.385,0.113,0.087,0.800,0.576444444444
sp_Q02223_TNR17_HUMAN,101,N,E,0.618,0.113,0.087,0.800,0.590555555556
sp_Q02223_TNR17_HUMAN,102,I,B,0.247,0.113,0.087,0.800,0.605111111111
sp_Q02223_TNR17_HUMAN,103,D,E,0.563,0.118,0.150,0.732,0.608444444444
sp_Q02223_TNR17_HUMAN,104,L,E,0.254,0.199,0.152,0.649,0.619222222222
sp_Q02223_TNR17_HUMAN,105,E,E,0.578,0.199,0.152,0.649,0.629111111111
sp_Q02223_TNR17_HUMAN,106,K,E,0.5,0.191,0.086,0.723,0.627777777778
sp_Q02223_TNR17_HUMAN,107,S,E,0.388,0.191,0.086,0.723,0.643444444444
sp_Q02223_TNR17_HUMAN,108,R,E,0.551,0.191,0.086,0.723,0.653777777778
sp_Q02223_TNR17_HUMAN,109,T,E,0.562,0.184,0.043,0.773,0.662888888889
sp_Q02223_TNR17_HUMAN,110,G,E,0.332,0.113,0.043,0.844,0.655555555556
sp_Q02223_TNR17_HUMAN,111,D,E,0.55,0.053,0.043,0.903,0.630777777778
sp_Q02223_TNR17_HUMAN,112,E,E,0.497,0.056,0.142,0.802,0.615333333333
sp_Q02223_TNR17_HUMAN,113,I,E,0.376,0.066,0.296,0.638,0.605444444444
sp_Q02223_TNR17_HUMAN,114,I,B,0.246,0.069,0.386,0.545,0.584444444444
sp_Q02223_TNR17_HUMAN,115,L,B,0.151,0.066,0.296,0.638,0.564222222222
sp_Q02223_TNR17_HUMAN,116,P,E,0.338,0.064,0.216,0.721,0.552888888889
sp_Q02223_TNR17_HUMAN,117,R,E,0.463,0.052,0.084,0.864,0.542222222222
sp_Q02223_TNR17_HUMAN,118,G,E,0.362,0.056,0.142,0.802,0.524444444444
sp_Q02223_TNR17_HUMAN,119,L,B,0.222,0.066,0.296,0.638,0.503444444444
sp_Q02223_TNR17_HUMAN,120,E,E,0.545,0.022,0.552,0.426,0.504444444444
sp_Q02223_TNR17_HUMAN,121,Y,B,0.188,0.021,0.756,0.223,0.498
sp_Q02223_TNR17_HUMAN,122,T,E,0.349,0.018,0.846,0.136,0.462111111111
sp_Q02223_TNR17_HUMAN,123,V,B,0.211,0.018,0.846,0.136,0.460444444444
sp_Q02223_TNR17_HUMAN,124,E,E,0.475,0.021,0.756,0.223,0.450555555556
sp_Q02223_TNR17_HUMAN,125,E,E,0.551,0.079,0.592,0.329,0.450222222222
sp_Q02223_TNR17_HUMAN,126,C,B,0.066,0.079,0.592,0.329,0.444
sp_Q02223_TNR17_HUMAN,127,T,E,0.412,0.079,0.592,0.329,0.447111111111
sp_Q02223_TNR17_HUMAN,128,C,B,0.092,0.148,0.418,0.435,0.469
sp_Q02223_TNR17_HUMAN,129,E,E,0.554,0.321,0.252,0.427,0.477888888889
sp_Q02223_TNR17_HUMAN,130,D,E,0.479,0.386,0.097,0.517,0.485444444444
sp_Q02223_TNR17_HUMAN,131,C,B,0.111,0.455,0.046,0.498,0.520111111111
sp_Q02223_TNR17_HUMAN,132,I,B,0.242,0.353,0.048,0.598,0.545222222222
sp_Q02223_TNR17_HUMAN,133,K,E,0.613,0.268,0.043,0.689,0.580888888889
sp_Q02223_TNR17_HUMAN,134,S,E,0.538,0.113,0.043,0.844,0.595333333333
sp_Q02223_TNR17_HUMAN,135,K,E,0.541,0.018,0.019,0.964,0.611555555556
sp_Q02223_TNR17_HUMAN,136,P,E,0.302,0.018,0.047,0.935,0.623777777778
sp_Q02223_TNR17_HUMAN,137,K,E,0.603,0.053,0.043,0.903,0.628333333333
sp_Q02223_TNR17_HUMAN,138,V,E,0.485,0.052,0.084,0.864,0.635555555556
sp_Q02223_TNR17_HUMAN,139,D,E,0.505,0.053,0.043,0.903,0.636
sp_Q02223_TNR17_HUMAN,140,S,E,0.443,0.053,0.043,0.903,0.627444444444
sp_Q02223_TNR17_HUMAN,141,D,E,0.58,0.052,0.084,0.864,0.602
sp_Q02223_TNR17_HUMAN,142,H,E,0.302,0.064,0.216,0.721,0.582555555556
sp_Q02223_TNR17_HUMAN,143,C,B,0.16,0.021,0.279,0.699,0.569
sp_Q02223_TNR17_HUMAN,144,F,B,0.14,0.021,0.279,0.699,0.552666666667
sp_Q02223_TNR17_HUMAN,145,P,B,0.281,0.020,0.205,0.775,0.553666666667
sp_Q02223_TNR17_HUMAN,146,L,B,0.129,0.052,0.084,0.864,0.552222222222
sp_Q02223_TNR17_HUMAN,147,P,E,0.312,0.113,0.043,0.844,0.551
sp_Q02223_TNR17_HUMAN,148,A,B,0.31,0.113,0.043,0.844,0.548333333333
sp_Q02223_TNR17_HUMAN,149,M,B,0.25,0.191,0.086,0.723,0.535888888889
sp_Q02223_TNR17_HUMAN,150,E,E,0.546,0.191,0.086,0.723,0.528777777778
sp_Q02223_TNR17_HUMAN,151,E,E,0.574,0.113,0.087,0.800,0.511111111111
sp_Q02223_TNR17_HUMAN,152,G,E,0.37,0.018,0.088,0.893,0.492222222222
sp_Q02223_TNR17_HUMAN,153,A,B,0.137,0.022,0.359,0.619,0.479444444444
sp_Q02223_TNR17_HUMAN,154,T,B,0.269,0.011,0.918,0.071,0.456333333333
sp_Q02223_TNR17_HUMAN,155,I,B,0.064,0.006,0.962,0.032,0.434555555556
sp_Q02223_TNR17_HUMAN,156,L,B,0.091,0.006,0.962,0.032,0.425
sp_Q02223_TNR17_HUMAN,157,V,B,0.065,0.006,0.962,0.032,0.429444444444
sp_Q02223_TNR17_HUMAN,158,T,B,0.16,0.011,0.918,0.071,0.453888888889
sp_Q02223_TNR17_HUMAN,159,T,B,0.208,0.021,0.756,0.223,0.472111111111
sp_Q02223_TNR17_HUMAN,160,K,E,0.461,0.022,0.552,0.426,0.493444444444
sp_Q02223_TNR17_HUMAN,161,T,E,0.394,0.064,0.216,0.721,0.510333333333
sp_Q02223_TNR17_HUMAN,162,N,E,0.468,0.053,0.043,0.903,0.545111111111
sp_Q02223_TNR17_HUMAN,163,D,E,0.56,0.113,0.087,0.800,0.565333333333
sp_Q02223_TNR17_HUMAN,164,Y,B,0.261,0.118,0.150,0.732,0.570222222222
sp_Q02223_TNR17_HUMAN,165,C,B,0.225,0.113,0.087,0.800,0.582111111111
sp_Q02223_TNR17_HUMAN,166,K,E,0.553,0.113,0.087,0.800,0.585
sp_Q02223_TNR17_HUMAN,167,S,E,0.474,0.053,0.043,0.903,0.577333333333
sp_Q02223_TNR17_HUMAN,168,L,B,0.23,0.113,0.043,0.844,0.579888888889
sp_Q02223_TNR17_HUMAN,169,P,B,0.253,0.113,0.043,0.844,0.587555555556
sp_Q02223_TNR17_HUMAN,170,A,E,0.366,0.184,0.043,0.773,0.585222222222
sp_Q02223_TNR17_HUMAN,171,A,B,0.333,0.278,0.093,0.628,0.572222222222
sp_Q02223_TNR17_HUMAN,172,L,B,0.278,0.278,0.093,0.628,0.579333333333
sp_Q02223_TNR17_HUMAN,173,S,E,0.378,0.278,0.093,0.628,0.591888888889
sp_Q02223_TNR17_HUMAN,174,A,E,0.357,0.386,0.097,0.517,0.599777777778
sp_Q02223_TNR17_HUMAN,175,T,E,0.366,0.278,0.093,0.628,0.618666666667
sp_Q02223_TNR17_HUMAN,176,E,E,0.413,0.307,0.165,0.527,0.627444444444
sp_Q02223_TNR17_HUMAN,177,I,B,0.238,0.307,0.165,0.527,0.621444444444
sp_Q02223_TNR17_HUMAN,178,E,E,0.547,0.199,0.152,0.649,0.624222222222
sp_Q02223_TNR17_HUMAN,179,K,E,0.511,0.199,0.152,0.649,0.635444444444
sp_Q02223_TNR17_HUMAN,180,S,E,0.476,0.113,0.087,0.800,0.636666666667
sp_Q02223_TNR17_HUMAN,181,I,E,0.405,0.118,0.150,0.732,0.565333333333
sp_Q02223_TNR17_HUMAN,182,S,E,0.559,0.118,0.150,0.732,0.498111111111
sp_Q02223_TNR17_HUMAN,183,A,E,0.561,0.052,0.084,0.864,0.421444444444
sp_Q02223_TNR17_HUMAN,184,R,E,0.782,0.003,0.003,0.994,0.336888888889
