Entry,Position,AminoAcid,Exposed/Buried,RelativeSurfaceAccessilibity,HelixProbability,SheetProbability,CoilProbability,EpitopeProbability
sp_O14763_TR10B_HUMAN,1,M,E,0.829,0.003,0.003,0.994,0.304777777778
sp_O14763_TR10B_HUMAN,2,E,E,0.578,0.018,0.019,0.964,0.390444444444
sp_O14763_TR10B_HUMAN,3,Q,E,0.511,0.018,0.019,0.964,0.471333333333
sp_O14763_TR10B_HUMAN,4,R,E,0.537,0.018,0.019,0.964,0.547555555556
sp_O14763_TR10B_HUMAN,5,G,E,0.39,0.018,0.019,0.964,0.620666666667
sp_O14763_TR10B_HUMAN,6,Q,E,0.458,0.018,0.019,0.964,0.635333333333
sp_O14763_TR10B_HUMAN,7,N,E,0.558,0.018,0.019,0.964,0.638777777778
sp_O14763_TR10B_HUMAN,8,A,E,0.513,0.018,0.019,0.964,0.642
sp_O14763_TR10B_HUMAN,9,P,E,0.321,0.018,0.019,0.964,0.636222222222
sp_O14763_TR10B_HUMAN,10,A,B,0.257,0.058,0.017,0.925,0.627
sp_O14763_TR10B_HUMAN,11,A,B,0.226,0.058,0.017,0.925,0.620333333333
sp_O14763_TR10B_HUMAN,12,S,E,0.529,0.058,0.017,0.925,0.620555555556
sp_O14763_TR10B_HUMAN,13,G,E,0.48,0.058,0.017,0.925,0.627444444444
sp_O14763_TR10B_HUMAN,14,A,B,0.171,0.058,0.017,0.925,0.639666666667
sp_O14763_TR10B_HUMAN,15,R,E,0.451,0.058,0.017,0.925,0.649555555556
sp_O14763_TR10B_HUMAN,16,K,E,0.433,0.018,0.019,0.964,0.668888888889
sp_O14763_TR10B_HUMAN,17,R,E,0.34,0.018,0.019,0.964,0.674666666667
sp_O14763_TR10B_HUMAN,18,H,E,0.489,0.018,0.047,0.935,0.675555555556
sp_O14763_TR10B_HUMAN,19,G,E,0.401,0.018,0.047,0.935,0.698666666667
sp_O14763_TR10B_HUMAN,20,P,E,0.358,0.018,0.019,0.964,0.693888888889
sp_O14763_TR10B_HUMAN,21,G,E,0.361,0.018,0.019,0.964,0.667666666667
sp_O14763_TR10B_HUMAN,22,P,E,0.318,0.053,0.043,0.903,0.663222222222
sp_O14763_TR10B_HUMAN,23,R,E,0.423,0.053,0.043,0.903,0.653555555556
sp_O14763_TR10B_HUMAN,24,E,E,0.465,0.053,0.043,0.903,0.641111111111
sp_O14763_TR10B_HUMAN,25,A,B,0.119,0.053,0.043,0.903,0.640222222222
sp_O14763_TR10B_HUMAN,26,R,E,0.516,0.052,0.084,0.864,0.635666666667
sp_O14763_TR10B_HUMAN,27,G,E,0.441,0.018,0.047,0.935,0.637444444444
sp_O14763_TR10B_HUMAN,28,A,B,0.263,0.018,0.047,0.935,0.617666666667
sp_O14763_TR10B_HUMAN,29,R,E,0.439,0.018,0.047,0.935,0.621777777778
sp_O14763_TR10B_HUMAN,30,P,E,0.6,0.018,0.019,0.964,0.623111111111
sp_O14763_TR10B_HUMAN,31,G,E,0.514,0.018,0.019,0.964,0.596111111111
sp_O14763_TR10B_HUMAN,32,P,B,0.283,0.058,0.017,0.925,0.573777777778
sp_O14763_TR10B_HUMAN,33,R,E,0.414,0.053,0.043,0.903,0.561666666667
sp_O14763_TR10B_HUMAN,34,V,E,0.286,0.053,0.043,0.903,0.527
sp_O14763_TR10B_HUMAN,35,P,B,0.224,0.113,0.043,0.844,0.479888888889
sp_O14763_TR10B_HUMAN,36,K,B,0.22,0.184,0.043,0.773,0.435
sp_O14763_TR10B_HUMAN,37,T,B,0.261,0.386,0.097,0.517,0.393777777778
sp_O14763_TR10B_HUMAN,38,L,B,0.102,0.428,0.171,0.402,0.348777777778
sp_O14763_TR10B_HUMAN,39,V,B,0.054,0.453,0.248,0.299,0.324888888889
sp_O14763_TR10B_HUMAN,40,L,B,0.045,0.478,0.309,0.214,0.309444444444
sp_O14763_TR10B_HUMAN,41,V,B,0.07,0.478,0.309,0.214,0.296444444444
sp_O14763_TR10B_HUMAN,42,V,B,0.096,0.321,0.252,0.427,0.283555555556
sp_O14763_TR10B_HUMAN,43,A,B,0.053,0.307,0.165,0.527,0.285333333333
sp_O14763_TR10B_HUMAN,44,A,B,0.092,0.113,0.087,0.800,0.303111111111
sp_O14763_TR10B_HUMAN,45,V,B,0.039,0.118,0.150,0.732,0.320888888889
sp_O14763_TR10B_HUMAN,46,L,B,0.045,0.064,0.216,0.721,0.339555555556
sp_O14763_TR10B_HUMAN,47,L,B,0.028,0.066,0.296,0.638,0.346111111111
sp_O14763_TR10B_HUMAN,48,L,B,0.061,0.022,0.359,0.619,0.380222222222
sp_O14763_TR10B_HUMAN,49,V,B,0.037,0.021,0.279,0.699,0.407666666667
sp_O14763_TR10B_HUMAN,50,S,B,0.145,0.018,0.141,0.840,0.435333333333
sp_O14763_TR10B_HUMAN,51,A,B,0.079,0.018,0.088,0.893,0.470666666667
sp_O14763_TR10B_HUMAN,52,E,E,0.375,0.018,0.088,0.893,0.496222222222
sp_O14763_TR10B_HUMAN,53,S,E,0.357,0.018,0.088,0.893,0.511666666667
sp_O14763_TR10B_HUMAN,54,A,B,0.283,0.018,0.088,0.893,0.541222222222
sp_O14763_TR10B_HUMAN,55,L,E,0.336,0.018,0.088,0.893,0.577222222222
sp_O14763_TR10B_HUMAN,56,I,E,0.435,0.018,0.088,0.893,0.611222222222
sp_O14763_TR10B_HUMAN,57,T,B,0.183,0.018,0.088,0.893,0.617888888889
sp_O14763_TR10B_HUMAN,58,Q,E,0.607,0.018,0.088,0.893,0.630111111111
sp_O14763_TR10B_HUMAN,59,Q,E,0.629,0.018,0.047,0.935,0.634888888889
sp_O14763_TR10B_HUMAN,60,D,E,0.618,0.018,0.019,0.964,0.641555555556
sp_O14763_TR10B_HUMAN,61,L,E,0.343,0.018,0.047,0.935,0.650666666667
sp_O14763_TR10B_HUMAN,62,A,E,0.502,0.018,0.047,0.935,0.671111111111
sp_O14763_TR10B_HUMAN,63,P,E,0.533,0.018,0.047,0.935,0.678
sp_O14763_TR10B_HUMAN,64,Q,E,0.544,0.018,0.088,0.893,0.665222222222
sp_O14763_TR10B_HUMAN,65,Q,E,0.407,0.018,0.141,0.840,0.657555555556
sp_O14763_TR10B_HUMAN,66,R,E,0.246,0.021,0.279,0.699,0.658111111111
sp_O14763_TR10B_HUMAN,67,A,E,0.584,0.022,0.359,0.619,0.654333333333
sp_O14763_TR10B_HUMAN,68,A,E,0.242,0.020,0.205,0.775,0.664888888889
sp_O14763_TR10B_HUMAN,69,P,E,0.557,0.018,0.088,0.893,0.671222222222
sp_O14763_TR10B_HUMAN,70,Q,E,0.585,0.018,0.088,0.893,0.667666666667
sp_O14763_TR10B_HUMAN,71,Q,E,0.414,0.056,0.142,0.802,0.671
sp_O14763_TR10B_HUMAN,72,K,E,0.647,0.056,0.142,0.802,0.663555555556
sp_O14763_TR10B_HUMAN,73,R,E,0.511,0.020,0.205,0.775,0.665111111111
sp_O14763_TR10B_HUMAN,74,S,E,0.44,0.020,0.205,0.775,0.652333333333
sp_O14763_TR10B_HUMAN,75,S,E,0.447,0.004,0.085,0.910,0.643
sp_O14763_TR10B_HUMAN,76,P,E,0.609,0.018,0.088,0.893,0.631333333333
sp_O14763_TR10B_HUMAN,77,S,E,0.349,0.018,0.088,0.893,0.597777777778
sp_O14763_TR10B_HUMAN,78,E,B,0.231,0.018,0.141,0.840,0.576888888889
sp_O14763_TR10B_HUMAN,79,G,E,0.582,0.018,0.141,0.840,0.556111111111
sp_O14763_TR10B_HUMAN,80,L,E,0.535,0.018,0.088,0.893,0.534777777778
sp_O14763_TR10B_HUMAN,81,C,B,0.035,0.005,0.015,0.979,0.506
sp_O14763_TR10B_HUMAN,82,P,E,0.508,0.018,0.019,0.964,0.507
sp_O14763_TR10B_HUMAN,83,P,E,0.624,0.018,0.019,0.964,0.527777777778
sp_O14763_TR10B_HUMAN,84,G,E,0.435,0.018,0.047,0.935,0.541222222222
sp_O14763_TR10B_HUMAN,85,H,B,0.321,0.021,0.279,0.699,0.559666666667
sp_O14763_TR10B_HUMAN,86,H,B,0.302,0.022,0.552,0.426,0.582222222222
sp_O14763_TR10B_HUMAN,87,I,E,0.312,0.024,0.655,0.322,0.587
sp_O14763_TR10B_HUMAN,88,S,E,0.328,0.021,0.452,0.528,0.606777777778
sp_O14763_TR10B_HUMAN,89,E,E,0.583,0.018,0.088,0.893,0.605888888889
sp_O14763_TR10B_HUMAN,90,D,E,0.725,0.005,0.045,0.951,0.617444444444
sp_O14763_TR10B_HUMAN,91,G,E,0.376,0.005,0.015,0.979,0.613
sp_O14763_TR10B_HUMAN,92,R,E,0.453,0.004,0.085,0.910,0.591555555556
sp_O14763_TR10B_HUMAN,93,D,E,0.525,0.021,0.452,0.528,0.558444444444
sp_O14763_TR10B_HUMAN,94,C,B,0.076,0.022,0.552,0.426,0.544444444444
sp_O14763_TR10B_HUMAN,95,I,E,0.472,0.024,0.655,0.322,0.527333333333
sp_O14763_TR10B_HUMAN,96,S,E,0.557,0.022,0.552,0.426,0.518888888889
sp_O14763_TR10B_HUMAN,97,C,B,0.054,0.018,0.088,0.893,0.508555555556
sp_O14763_TR10B_HUMAN,98,K,E,0.591,0.018,0.019,0.964,0.515
sp_O14763_TR10B_HUMAN,99,Y,E,0.69,0.003,0.003,0.994,0.521
sp_O14763_TR10B_HUMAN,100,G,E,0.514,0.018,0.019,0.964,0.513222222222
sp_O14763_TR10B_HUMAN,101,Q,E,0.322,0.020,0.205,0.775,0.533
sp_O14763_TR10B_HUMAN,102,D,E,0.407,0.022,0.552,0.426,0.571888888889
sp_O14763_TR10B_HUMAN,103,Y,B,0.15,0.022,0.552,0.426,0.572777777778
sp_O14763_TR10B_HUMAN,104,S,B,0.268,0.022,0.359,0.619,0.589444444444
sp_O14763_TR10B_HUMAN,105,T,E,0.548,0.020,0.205,0.775,0.610222222222
sp_O14763_TR10B_HUMAN,106,H,E,0.504,0.018,0.088,0.893,0.627666666667
sp_O14763_TR10B_HUMAN,107,W,E,0.566,0.018,0.019,0.964,0.651555555556
sp_O14763_TR10B_HUMAN,108,N,E,0.591,0.018,0.019,0.964,0.675555555556
sp_O14763_TR10B_HUMAN,109,D,E,0.517,0.018,0.019,0.964,0.669444444444
sp_O14763_TR10B_HUMAN,110,L,E,0.336,0.018,0.047,0.935,0.675555555556
sp_O14763_TR10B_HUMAN,111,L,E,0.577,0.018,0.047,0.935,0.672444444444
sp_O14763_TR10B_HUMAN,112,F,E,0.505,0.018,0.088,0.893,0.651333333333
sp_O14763_TR10B_HUMAN,113,C,B,0.076,0.004,0.197,0.799,0.658222222222
sp_O14763_TR10B_HUMAN,114,L,E,0.455,0.021,0.452,0.528,0.634
sp_O14763_TR10B_HUMAN,115,R,E,0.523,0.021,0.452,0.528,0.580333333333
sp_O14763_TR10B_HUMAN,116,C,B,0.104,0.004,0.197,0.799,0.559888888889
sp_O14763_TR10B_HUMAN,117,T,E,0.576,0.020,0.205,0.775,0.539333333333
sp_O14763_TR10B_HUMAN,118,R,E,0.557,0.020,0.205,0.775,0.552444444444
sp_O14763_TR10B_HUMAN,119,C,B,0.067,0.018,0.047,0.935,0.527888888889
sp_O14763_TR10B_HUMAN,120,D,E,0.635,0.018,0.019,0.964,0.506222222222
sp_O14763_TR10B_HUMAN,121,S,E,0.717,0.016,0.005,0.979,0.525888888889
sp_O14763_TR10B_HUMAN,122,G,E,0.575,0.018,0.019,0.964,0.500222222222
sp_O14763_TR10B_HUMAN,123,E,E,0.355,0.004,0.197,0.799,0.501777777778
sp_O14763_TR10B_HUMAN,124,V,E,0.446,0.002,0.816,0.182,0.531666666667
sp_O14763_TR10B_HUMAN,125,E,E,0.325,0.002,0.816,0.182,0.494444444444
sp_O14763_TR10B_HUMAN,126,L,E,0.453,0.018,0.846,0.136,0.499
sp_O14763_TR10B_HUMAN,127,S,E,0.337,0.003,0.718,0.279,0.500222222222
sp_O14763_TR10B_HUMAN,128,P,E,0.588,0.004,0.514,0.481,0.507333333333
sp_O14763_TR10B_HUMAN,129,C,B,0.146,0.004,0.263,0.733,0.500222222222
sp_O14763_TR10B_HUMAN,130,T,E,0.422,0.004,0.197,0.799,0.491777777778
sp_O14763_TR10B_HUMAN,131,T,E,0.486,0.018,0.088,0.893,0.496111111111
sp_O14763_TR10B_HUMAN,132,T,E,0.549,0.018,0.088,0.893,0.473
sp_O14763_TR10B_HUMAN,133,R,E,0.52,0.018,0.047,0.935,0.453
sp_O14763_TR10B_HUMAN,134,N,E,0.551,0.018,0.047,0.935,0.456666666667
sp_O14763_TR10B_HUMAN,135,T,E,0.319,0.021,0.279,0.699,0.429444444444
sp_O14763_TR10B_HUMAN,136,V,E,0.53,0.024,0.655,0.322,0.42
sp_O14763_TR10B_HUMAN,137,C,B,0.061,0.021,0.756,0.223,0.408777777778
sp_O14763_TR10B_HUMAN,138,Q,E,0.566,0.024,0.655,0.322,0.404666666667
sp_O14763_TR10B_HUMAN,139,C,B,0.063,0.004,0.263,0.733,0.400666666667
sp_O14763_TR10B_HUMAN,140,E,E,0.544,0.005,0.045,0.951,0.392666666667
sp_O14763_TR10B_HUMAN,141,E,E,0.751,0.016,0.005,0.979,0.415333333333
sp_O14763_TR10B_HUMAN,142,G,E,0.374,0.018,0.047,0.935,0.444444444444
sp_O14763_TR10B_HUMAN,143,T,B,0.21,0.024,0.655,0.322,0.456555555556
sp_O14763_TR10B_HUMAN,144,F,B,0.11,0.021,0.756,0.223,0.484
sp_O14763_TR10B_HUMAN,145,R,B,0.235,0.021,0.756,0.223,0.497222222222
sp_O14763_TR10B_HUMAN,146,E,E,0.344,0.021,0.452,0.528,0.519888888889
sp_O14763_TR10B_HUMAN,147,E,E,0.505,0.018,0.047,0.935,0.553777777778
sp_O14763_TR10B_HUMAN,148,D,E,0.778,0.016,0.005,0.979,0.579555555556
sp_O14763_TR10B_HUMAN,149,S,E,0.62,0.016,0.005,0.979,0.573444444444
sp_O14763_TR10B_HUMAN,150,P,E,0.385,0.018,0.019,0.964,0.587888888889
sp_O14763_TR10B_HUMAN,151,E,E,0.527,0.018,0.088,0.893,0.592111111111
sp_O14763_TR10B_HUMAN,152,M,E,0.422,0.020,0.205,0.775,0.590444444444
sp_O14763_TR10B_HUMAN,153,C,B,0.069,0.022,0.359,0.619,0.594111111111
sp_O14763_TR10B_HUMAN,154,R,E,0.41,0.021,0.452,0.528,0.595666666667
sp_O14763_TR10B_HUMAN,155,K,E,0.575,0.021,0.452,0.528,0.562666666667
sp_O14763_TR10B_HUMAN,156,C,B,0.11,0.020,0.205,0.775,0.522888888889
sp_O14763_TR10B_HUMAN,157,R,E,0.578,0.020,0.205,0.775,0.487222222222
sp_O14763_TR10B_HUMAN,158,T,E,0.559,0.020,0.205,0.775,0.503333333333
sp_O14763_TR10B_HUMAN,159,G,E,0.524,0.018,0.088,0.893,0.480333333333
sp_O14763_TR10B_HUMAN,160,C,B,0.044,0.005,0.015,0.979,0.448333333333
sp_O14763_TR10B_HUMAN,161,P,E,0.623,0.018,0.019,0.964,0.464222222222
sp_O14763_TR10B_HUMAN,162,R,E,0.675,0.018,0.019,0.964,0.455222222222
sp_O14763_TR10B_HUMAN,163,G,E,0.379,0.005,0.045,0.951,0.439222222222
sp_O14763_TR10B_HUMAN,164,M,E,0.407,0.004,0.336,0.660,0.459111111111
sp_O14763_TR10B_HUMAN,165,V,E,0.378,0.003,0.718,0.279,0.482777777778
sp_O14763_TR10B_HUMAN,166,K,E,0.412,0.002,0.816,0.182,0.473222222222
sp_O14763_TR10B_HUMAN,167,V,E,0.52,0.021,0.756,0.223,0.480222222222
sp_O14763_TR10B_HUMAN,168,G,E,0.497,0.022,0.552,0.426,0.491222222222
sp_O14763_TR10B_HUMAN,169,D,E,0.613,0.004,0.263,0.733,0.516222222222
sp_O14763_TR10B_HUMAN,170,C,B,0.218,0.018,0.141,0.840,0.516444444444
sp_O14763_TR10B_HUMAN,171,T,E,0.449,0.020,0.205,0.775,0.523111111111
sp_O14763_TR10B_HUMAN,172,P,E,0.504,0.018,0.141,0.840,0.527777777778
sp_O14763_TR10B_HUMAN,173,W,E,0.5,0.018,0.088,0.893,0.516888888889
sp_O14763_TR10B_HUMAN,174,S,E,0.528,0.018,0.088,0.893,0.496555555556
sp_O14763_TR10B_HUMAN,175,D,E,0.586,0.018,0.088,0.893,0.525888888889
sp_O14763_TR10B_HUMAN,176,I,E,0.283,0.004,0.197,0.799,0.516333333333
sp_O14763_TR10B_HUMAN,177,E,E,0.49,0.021,0.756,0.223,0.512222222222
sp_O14763_TR10B_HUMAN,178,C,B,0.085,0.021,0.756,0.223,0.520111111111
sp_O14763_TR10B_HUMAN,179,V,E,0.419,0.021,0.756,0.223,0.519888888889
sp_O14763_TR10B_HUMAN,180,H,E,0.637,0.022,0.552,0.426,0.514888888889
sp_O14763_TR10B_HUMAN,181,K,B,0.136,0.004,0.085,0.910,0.529111111111
sp_O14763_TR10B_HUMAN,182,E,E,0.652,0.005,0.015,0.979,0.548777777778
sp_O14763_TR10B_HUMAN,183,S,E,0.678,0.016,0.005,0.979,0.566111111111
sp_O14763_TR10B_HUMAN,184,G,E,0.343,0.018,0.047,0.935,0.575666666667
sp_O14763_TR10B_HUMAN,185,T,E,0.331,0.021,0.279,0.699,0.595222222222
sp_O14763_TR10B_HUMAN,186,K,B,0.262,0.021,0.452,0.528,0.609111111111
sp_O14763_TR10B_HUMAN,187,H,E,0.356,0.004,0.263,0.733,0.602777777778
sp_O14763_TR10B_HUMAN,188,S,E,0.422,0.004,0.085,0.910,0.601444444444
sp_O14763_TR10B_HUMAN,189,G,E,0.572,0.018,0.019,0.964,0.600444444444
sp_O14763_TR10B_HUMAN,190,E,E,0.705,0.018,0.047,0.935,0.586222222222
sp_O14763_TR10B_HUMAN,191,V,E,0.353,0.018,0.088,0.893,0.590555555556
sp_O14763_TR10B_HUMAN,192,P,E,0.453,0.018,0.141,0.840,0.598222222222
sp_O14763_TR10B_HUMAN,193,A,E,0.411,0.021,0.279,0.699,0.598222222222
sp_O14763_TR10B_HUMAN,194,V,E,0.312,0.021,0.279,0.699,0.600444444444
sp_O14763_TR10B_HUMAN,195,E,E,0.408,0.021,0.279,0.699,0.613111111111
sp_O14763_TR10B_HUMAN,196,E,E,0.331,0.021,0.279,0.699,0.630444444444
sp_O14763_TR10B_HUMAN,197,T,E,0.432,0.020,0.205,0.775,0.641444444444
sp_O14763_TR10B_HUMAN,198,V,E,0.533,0.004,0.138,0.858,0.650666666667
sp_O14763_TR10B_HUMAN,199,T,E,0.378,0.004,0.085,0.910,0.666444444444
sp_O14763_TR10B_HUMAN,200,S,E,0.514,0.005,0.045,0.951,0.666888888889
sp_O14763_TR10B_HUMAN,201,S,E,0.632,0.005,0.045,0.951,0.663222222222
sp_O14763_TR10B_HUMAN,202,P,E,0.474,0.005,0.015,0.979,0.647777777778
sp_O14763_TR10B_HUMAN,203,G,E,0.369,0.005,0.015,0.979,0.632666666667
sp_O14763_TR10B_HUMAN,204,T,E,0.447,0.005,0.015,0.979,0.610555555556
sp_O14763_TR10B_HUMAN,205,P,E,0.569,0.005,0.015,0.979,0.594222222222
sp_O14763_TR10B_HUMAN,206,A,E,0.375,0.005,0.015,0.979,0.587555555556
sp_O14763_TR10B_HUMAN,207,S,E,0.477,0.005,0.015,0.979,0.568111111111
sp_O14763_TR10B_HUMAN,208,P,E,0.522,0.018,0.019,0.964,0.564444444444
sp_O14763_TR10B_HUMAN,209,C,E,0.301,0.018,0.019,0.964,0.551555555556
sp_O14763_TR10B_HUMAN,210,S,E,0.584,0.018,0.047,0.935,0.543888888889
sp_O14763_TR10B_HUMAN,211,L,B,0.201,0.018,0.047,0.935,0.548666666667
sp_O14763_TR10B_HUMAN,212,S,E,0.495,0.018,0.019,0.964,0.538555555556
sp_O14763_TR10B_HUMAN,213,G,E,0.456,0.018,0.088,0.893,0.526333333333
sp_O14763_TR10B_HUMAN,214,I,E,0.383,0.021,0.279,0.699,0.514444444444
sp_O14763_TR10B_HUMAN,215,I,E,0.326,0.022,0.552,0.426,0.502777777778
sp_O14763_TR10B_HUMAN,216,I,B,0.242,0.022,0.552,0.426,0.506777777778
sp_O14763_TR10B_HUMAN,217,G,B,0.259,0.021,0.452,0.528,0.489444444444
sp_O14763_TR10B_HUMAN,218,V,B,0.154,0.022,0.359,0.619,0.476111111111
sp_O14763_TR10B_HUMAN,219,T,B,0.248,0.021,0.279,0.699,0.465222222222
sp_O14763_TR10B_HUMAN,220,V,B,0.231,0.018,0.141,0.840,0.451333333333
sp_O14763_TR10B_HUMAN,221,A,B,0.256,0.053,0.043,0.903,0.444888888889
sp_O14763_TR10B_HUMAN,222,A,B,0.273,0.053,0.043,0.903,0.437111111111
sp_O14763_TR10B_HUMAN,223,V,B,0.266,0.064,0.216,0.721,0.433888888889
sp_O14763_TR10B_HUMAN,224,V,B,0.069,0.066,0.296,0.638,0.431222222222
sp_O14763_TR10B_HUMAN,225,L,B,0.096,0.066,0.296,0.638,0.432
sp_O14763_TR10B_HUMAN,226,I,B,0.127,0.021,0.279,0.699,0.441777777778
sp_O14763_TR10B_HUMAN,227,V,B,0.268,0.020,0.205,0.775,0.453666666667
sp_O14763_TR10B_HUMAN,228,A,B,0.227,0.020,0.205,0.775,0.453444444444
sp_O14763_TR10B_HUMAN,229,V,B,0.183,0.020,0.205,0.775,0.469666666667
sp_O14763_TR10B_HUMAN,230,F,B,0.186,0.022,0.359,0.619,0.480111111111
sp_O14763_TR10B_HUMAN,231,V,B,0.304,0.021,0.452,0.528,0.499888888889
sp_O14763_TR10B_HUMAN,232,C,B,0.18,0.022,0.359,0.619,0.519666666667
sp_O14763_TR10B_HUMAN,233,K,E,0.379,0.021,0.452,0.528,0.533333333333
sp_O14763_TR10B_HUMAN,234,S,E,0.376,0.022,0.552,0.426,0.557
sp_O14763_TR10B_HUMAN,235,L,E,0.318,0.022,0.359,0.619,0.570111111111
sp_O14763_TR10B_HUMAN,236,L,E,0.443,0.021,0.279,0.699,0.576777777778
sp_O14763_TR10B_HUMAN,237,W,E,0.413,0.021,0.279,0.699,0.606777777778
sp_O14763_TR10B_HUMAN,238,K,E,0.449,0.021,0.279,0.699,0.620333333333
sp_O14763_TR10B_HUMAN,239,K,E,0.537,0.022,0.359,0.619,0.632666666667
sp_O14763_TR10B_HUMAN,240,V,E,0.385,0.022,0.359,0.619,0.636
sp_O14763_TR10B_HUMAN,241,L,E,0.382,0.021,0.279,0.699,0.643666666667
sp_O14763_TR10B_HUMAN,242,P,E,0.508,0.018,0.141,0.840,0.641777777778
sp_O14763_TR10B_HUMAN,243,Y,E,0.502,0.018,0.141,0.840,0.625222222222
sp_O14763_TR10B_HUMAN,244,L,E,0.373,0.018,0.088,0.893,0.617555555556
sp_O14763_TR10B_HUMAN,245,K,E,0.519,0.018,0.088,0.893,0.619111111111
sp_O14763_TR10B_HUMAN,246,G,E,0.56,0.018,0.088,0.893,0.609666666667
sp_O14763_TR10B_HUMAN,247,I,B,0.242,0.018,0.088,0.893,0.599
sp_O14763_TR10B_HUMAN,248,C,B,0.256,0.018,0.088,0.893,0.604888888889
sp_O14763_TR10B_HUMAN,249,S,E,0.418,0.018,0.088,0.893,0.600777777778
sp_O14763_TR10B_HUMAN,250,G,E,0.506,0.018,0.047,0.935,0.588444444444
sp_O14763_TR10B_HUMAN,251,G,E,0.428,0.018,0.019,0.964,0.589888888889
sp_O14763_TR10B_HUMAN,252,G,E,0.543,0.018,0.019,0.964,0.602777777778
sp_O14763_TR10B_HUMAN,253,G,E,0.71,0.018,0.019,0.964,0.609111111111
sp_O14763_TR10B_HUMAN,254,D,E,0.521,0.018,0.047,0.935,0.617
sp_O14763_TR10B_HUMAN,255,P,E,0.516,0.018,0.047,0.935,0.630666666667
sp_O14763_TR10B_HUMAN,256,E,E,0.536,0.018,0.047,0.935,0.646333333333
sp_O14763_TR10B_HUMAN,257,R,E,0.334,0.018,0.088,0.893,0.644888888889
sp_O14763_TR10B_HUMAN,258,V,E,0.311,0.018,0.141,0.840,0.664111111111
sp_O14763_TR10B_HUMAN,259,D,E,0.553,0.018,0.141,0.840,0.685222222222
sp_O14763_TR10B_HUMAN,260,R,E,0.482,0.018,0.047,0.935,0.704777777778
sp_O14763_TR10B_HUMAN,261,S,E,0.357,0.018,0.047,0.935,0.709777777778
sp_O14763_TR10B_HUMAN,262,S,E,0.393,0.018,0.088,0.893,0.719333333333
sp_O14763_TR10B_HUMAN,263,Q,E,0.623,0.018,0.088,0.893,0.709555555556
sp_O14763_TR10B_HUMAN,264,R,E,0.494,0.018,0.047,0.935,0.701222222222
sp_O14763_TR10B_HUMAN,265,P,E,0.564,0.018,0.047,0.935,0.689888888889
sp_O14763_TR10B_HUMAN,266,G,E,0.561,0.018,0.047,0.935,0.692666666667
sp_O14763_TR10B_HUMAN,267,A,E,0.377,0.053,0.043,0.903,0.684777777778
sp_O14763_TR10B_HUMAN,268,E,E,0.568,0.053,0.043,0.903,0.659333333333
sp_O14763_TR10B_HUMAN,269,D,E,0.547,0.113,0.043,0.844,0.652222222222
sp_O14763_TR10B_HUMAN,270,N,E,0.486,0.113,0.043,0.844,0.640777777778
sp_O14763_TR10B_HUMAN,271,V,E,0.396,0.113,0.043,0.844,0.625666666667
sp_O14763_TR10B_HUMAN,272,L,E,0.291,0.113,0.043,0.844,0.630222222222
sp_O14763_TR10B_HUMAN,273,N,E,0.544,0.052,0.084,0.864,0.623
sp_O14763_TR10B_HUMAN,274,E,E,0.508,0.020,0.205,0.775,0.621333333333
sp_O14763_TR10B_HUMAN,275,I,E,0.441,0.021,0.452,0.528,0.620777777778
sp_O14763_TR10B_HUMAN,276,V,B,0.237,0.021,0.452,0.528,0.617777777778
sp_O14763_TR10B_HUMAN,277,S,E,0.56,0.022,0.359,0.619,0.623
sp_O14763_TR10B_HUMAN,278,I,E,0.339,0.018,0.141,0.840,0.616666666667
sp_O14763_TR10B_HUMAN,279,L,E,0.471,0.018,0.047,0.935,0.623444444444
sp_O14763_TR10B_HUMAN,280,Q,E,0.552,0.018,0.019,0.964,0.632555555556
sp_O14763_TR10B_HUMAN,281,P,E,0.572,0.018,0.019,0.964,0.628666666667
sp_O14763_TR10B_HUMAN,282,T,E,0.564,0.018,0.088,0.893,0.624555555556
sp_O14763_TR10B_HUMAN,283,Q,E,0.458,0.018,0.141,0.840,0.619444444444
sp_O14763_TR10B_HUMAN,284,V,E,0.451,0.021,0.279,0.699,0.609333333333
sp_O14763_TR10B_HUMAN,285,P,E,0.485,0.022,0.359,0.619,0.597444444444
sp_O14763_TR10B_HUMAN,286,E,E,0.459,0.004,0.420,0.576,0.609222222222
sp_O14763_TR10B_HUMAN,287,Q,E,0.373,0.004,0.616,0.381,0.603777777778
sp_O14763_TR10B_HUMAN,288,E,E,0.45,0.024,0.655,0.322,0.595222222222
sp_O14763_TR10B_HUMAN,289,M,B,0.208,0.024,0.655,0.322,0.588111111111
sp_O14763_TR10B_HUMAN,290,E,E,0.417,0.022,0.552,0.426,0.598222222222
sp_O14763_TR10B_HUMAN,291,V,B,0.271,0.022,0.359,0.619,0.609666666667
sp_O14763_TR10B_HUMAN,292,Q,B,0.248,0.022,0.359,0.619,0.627444444444
sp_O14763_TR10B_HUMAN,293,E,B,0.217,0.021,0.279,0.699,0.634777777778
sp_O14763_TR10B_HUMAN,294,P,E,0.49,0.018,0.141,0.840,0.649
sp_O14763_TR10B_HUMAN,295,A,E,0.381,0.018,0.141,0.840,0.637444444444
sp_O14763_TR10B_HUMAN,296,E,E,0.505,0.018,0.141,0.840,0.633666666667
sp_O14763_TR10B_HUMAN,297,P,E,0.386,0.018,0.088,0.893,0.644666666667
sp_O14763_TR10B_HUMAN,298,T,E,0.559,0.018,0.088,0.893,0.645
sp_O14763_TR10B_HUMAN,299,G,E,0.42,0.018,0.141,0.840,0.645111111111
sp_O14763_TR10B_HUMAN,300,V,E,0.289,0.020,0.205,0.775,0.642111111111
sp_O14763_TR10B_HUMAN,301,N,E,0.566,0.004,0.263,0.733,0.626777777778
sp_O14763_TR10B_HUMAN,302,M,B,0.281,0.004,0.197,0.799,0.616888888889
sp_O14763_TR10B_HUMAN,303,L,E,0.427,0.018,0.088,0.893,0.619777777778
sp_O14763_TR10B_HUMAN,304,S,E,0.366,0.018,0.047,0.935,0.623555555556
sp_O14763_TR10B_HUMAN,305,P,E,0.62,0.018,0.019,0.964,0.645555555556
sp_O14763_TR10B_HUMAN,306,G,E,0.565,0.018,0.019,0.964,0.649333333333
sp_O14763_TR10B_HUMAN,307,E,E,0.512,0.018,0.019,0.964,0.656
sp_O14763_TR10B_HUMAN,308,S,E,0.517,0.018,0.088,0.893,0.655888888889
sp_O14763_TR10B_HUMAN,309,E,E,0.565,0.020,0.205,0.775,0.651222222222
sp_O14763_TR10B_HUMAN,310,H,E,0.402,0.021,0.279,0.699,0.647111111111
sp_O14763_TR10B_HUMAN,311,L,E,0.399,0.021,0.279,0.699,0.646333333333
sp_O14763_TR10B_HUMAN,312,L,E,0.346,0.021,0.279,0.699,0.640555555556
sp_O14763_TR10B_HUMAN,313,E,E,0.581,0.064,0.216,0.721,0.638
sp_O14763_TR10B_HUMAN,314,P,E,0.413,0.052,0.084,0.864,0.628444444444
sp_O14763_TR10B_HUMAN,315,A,E,0.582,0.052,0.084,0.864,0.617666666667
sp_O14763_TR10B_HUMAN,316,E,E,0.551,0.056,0.142,0.802,0.609111111111
sp_O14763_TR10B_HUMAN,317,A,E,0.293,0.056,0.142,0.802,0.604555555556
sp_O14763_TR10B_HUMAN,318,E,E,0.671,0.066,0.296,0.638,0.608777777778
sp_O14763_TR10B_HUMAN,319,R,E,0.449,0.064,0.216,0.721,0.631888888889
sp_O14763_TR10B_HUMAN,320,S,E,0.484,0.056,0.142,0.802,0.645222222222
sp_O14763_TR10B_HUMAN,321,Q,E,0.498,0.052,0.084,0.864,0.639
sp_O14763_TR10B_HUMAN,322,R,E,0.281,0.053,0.043,0.903,0.637444444444
sp_O14763_TR10B_HUMAN,323,R,E,0.563,0.113,0.043,0.844,0.630333333333
sp_O14763_TR10B_HUMAN,324,R,E,0.625,0.113,0.043,0.844,0.630333333333
sp_O14763_TR10B_HUMAN,325,L,E,0.286,0.113,0.043,0.844,0.631555555556
sp_O14763_TR10B_HUMAN,326,L,B,0.261,0.113,0.043,0.844,0.633222222222
sp_O14763_TR10B_HUMAN,327,V,E,0.506,0.113,0.087,0.800,0.638444444444
sp_O14763_TR10B_HUMAN,328,P,E,0.487,0.113,0.087,0.800,0.620111111111
sp_O14763_TR10B_HUMAN,329,A,E,0.473,0.113,0.043,0.844,0.618
sp_O14763_TR10B_HUMAN,330,N,E,0.541,0.053,0.043,0.903,0.624
sp_O14763_TR10B_HUMAN,331,E,E,0.582,0.116,0.016,0.868,0.623555555556
sp_O14763_TR10B_HUMAN,332,G,E,0.464,0.116,0.016,0.868,0.619222222222
sp_O14763_TR10B_HUMAN,333,D,E,0.458,0.116,0.016,0.868,0.610444444444
sp_O14763_TR10B_HUMAN,334,P,E,0.324,0.522,0.016,0.462,0.600777777778
sp_O14763_TR10B_HUMAN,335,T,E,0.38,0.522,0.016,0.462,0.586555555556
sp_O14763_TR10B_HUMAN,336,E,E,0.419,0.600,0.003,0.397,0.564222222222
sp_O14763_TR10B_HUMAN,337,T,E,0.293,0.600,0.003,0.397,0.546222222222
sp_O14763_TR10B_HUMAN,338,L,B,0.118,0.782,0.003,0.215,0.524
sp_O14763_TR10B_HUMAN,339,R,E,0.358,0.859,0.002,0.139,0.510333333333
sp_O14763_TR10B_HUMAN,340,Q,E,0.375,0.923,0.002,0.076,0.501111111111
sp_O14763_TR10B_HUMAN,341,C,B,0.104,0.923,0.002,0.076,0.485
sp_O14763_TR10B_HUMAN,342,F,B,0.038,0.923,0.002,0.076,0.470333333333
sp_O14763_TR10B_HUMAN,343,D,E,0.377,0.923,0.002,0.076,0.472
sp_O14763_TR10B_HUMAN,344,D,B,0.272,0.859,0.002,0.139,0.474444444444
sp_O14763_TR10B_HUMAN,345,F,B,0.03,0.878,0.010,0.111,0.473
sp_O14763_TR10B_HUMAN,346,A,B,0.121,0.622,0.015,0.363,0.482555555556
sp_O14763_TR10B_HUMAN,347,D,E,0.708,0.430,0.016,0.555,0.487555555556
sp_O14763_TR10B_HUMAN,348,L,E,0.395,0.339,0.016,0.645,0.491
sp_O14763_TR10B_HUMAN,349,V,B,0.053,0.116,0.016,0.868,0.499333333333
sp_O14763_TR10B_HUMAN,350,P,E,0.42,0.018,0.019,0.964,0.509333333333
sp_O14763_TR10B_HUMAN,351,F,B,0.203,0.116,0.016,0.868,0.533666666667
sp_O14763_TR10B_HUMAN,352,D,E,0.665,0.181,0.017,0.803,0.536555555556
sp_O14763_TR10B_HUMAN,353,S,E,0.355,0.430,0.016,0.555,0.518222222222
sp_O14763_TR10B_HUMAN,354,W,B,0.043,0.859,0.002,0.139,0.494666666667
sp_O14763_TR10B_HUMAN,355,E,E,0.354,0.923,0.002,0.076,0.492333333333
sp_O14763_TR10B_HUMAN,356,P,E,0.438,0.938,0.007,0.055,0.497222222222
sp_O14763_TR10B_HUMAN,357,L,B,0.058,0.938,0.007,0.055,0.494222222222
sp_O14763_TR10B_HUMAN,358,M,B,0.059,0.938,0.007,0.055,0.498333333333
sp_O14763_TR10B_HUMAN,359,R,E,0.464,0.878,0.010,0.111,0.502444444444
sp_O14763_TR10B_HUMAN,360,K,E,0.476,0.717,0.014,0.269,0.495
sp_O14763_TR10B_HUMAN,361,L,B,0.112,0.257,0.016,0.727,0.486666666667
sp_O14763_TR10B_HUMAN,362,G,E,0.653,0.016,0.005,0.979,0.508
sp_O14763_TR10B_HUMAN,363,L,B,0.117,0.016,0.005,0.979,0.549333333333
sp_O14763_TR10B_HUMAN,364,M,E,0.552,0.018,0.019,0.964,0.544444444444
sp_O14763_TR10B_HUMAN,365,D,E,0.54,0.923,0.002,0.076,0.548777777778
sp_O14763_TR10B_HUMAN,366,N,E,0.639,0.970,0.001,0.029,0.542333333333
sp_O14763_TR10B_HUMAN,367,E,E,0.283,0.970,0.001,0.029,0.517777777778
sp_O14763_TR10B_HUMAN,368,I,B,0.048,0.970,0.001,0.029,0.52
sp_O14763_TR10B_HUMAN,369,K,E,0.469,0.970,0.001,0.029,0.514111111111
sp_O14763_TR10B_HUMAN,370,V,E,0.359,0.970,0.001,0.029,0.529555555556
sp_O14763_TR10B_HUMAN,371,A,B,0.061,0.975,0.003,0.022,0.528222222222
sp_O14763_TR10B_HUMAN,372,K,E,0.361,0.938,0.007,0.055,0.529333333333
sp_O14763_TR10B_HUMAN,373,A,E,0.522,0.782,0.003,0.215,0.539666666667
sp_O14763_TR10B_HUMAN,374,E,E,0.568,0.502,0.002,0.495,0.530666666667
sp_O14763_TR10B_HUMAN,375,A,E,0.365,0.109,0.005,0.886,0.541444444444
sp_O14763_TR10B_HUMAN,376,A,E,0.533,0.109,0.005,0.886,0.559444444444
sp_O14763_TR10B_HUMAN,377,G,E,0.408,0.109,0.005,0.886,0.554666666667
sp_O14763_TR10B_HUMAN,378,H,B,0.144,0.181,0.017,0.803,0.526777777778
sp_O14763_TR10B_HUMAN,379,R,E,0.352,0.522,0.016,0.462,0.512
sp_O14763_TR10B_HUMAN,380,D,E,0.428,0.782,0.003,0.215,0.492111111111
sp_O14763_TR10B_HUMAN,381,T,B,0.187,0.923,0.002,0.076,0.456777777778
sp_O14763_TR10B_HUMAN,382,L,B,0.051,0.970,0.001,0.029,0.426555555556
sp_O14763_TR10B_HUMAN,383,Y,B,0.203,0.970,0.001,0.029,0.423888888889
sp_O14763_TR10B_HUMAN,384,T,E,0.37,0.988,0.000,0.012,0.417
sp_O14763_TR10B_HUMAN,385,M,B,0.049,0.988,0.000,0.012,0.396777777778
sp_O14763_TR10B_HUMAN,386,L,B,0.032,0.988,0.000,0.012,0.386
sp_O14763_TR10B_HUMAN,387,I,E,0.363,0.988,0.000,0.012,0.418555555556
sp_O14763_TR10B_HUMAN,388,K,E,0.32,0.988,0.000,0.012,0.428222222222
sp_O14763_TR10B_HUMAN,389,W,B,0.038,0.970,0.001,0.029,0.448333333333
sp_O14763_TR10B_HUMAN,390,V,B,0.242,0.975,0.003,0.022,0.473
sp_O14763_TR10B_HUMAN,391,N,E,0.687,0.938,0.007,0.055,0.507444444444
sp_O14763_TR10B_HUMAN,392,K,E,0.435,0.717,0.014,0.269,0.518
sp_O14763_TR10B_HUMAN,393,T,E,0.498,0.246,0.004,0.750,0.529666666667
sp_O14763_TR10B_HUMAN,394,G,E,0.564,0.109,0.005,0.886,0.545555555556
sp_O14763_TR10B_HUMAN,395,R,E,0.556,0.176,0.004,0.820,0.543333333333
sp_O14763_TR10B_HUMAN,396,D,E,0.605,0.502,0.002,0.495,0.543666666667
sp_O14763_TR10B_HUMAN,397,A,E,0.281,0.694,0.003,0.303,0.537
sp_O14763_TR10B_HUMAN,398,S,B,0.178,0.802,0.014,0.185,0.495888888889
sp_O14763_TR10B_HUMAN,399,V,B,0.096,0.970,0.001,0.029,0.476333333333
sp_O14763_TR10B_HUMAN,400,H,E,0.48,0.970,0.001,0.029,0.465
sp_O14763_TR10B_HUMAN,401,T,E,0.228,0.970,0.001,0.029,0.433333333333
sp_O14763_TR10B_HUMAN,402,L,B,0.017,0.988,0.000,0.012,0.390888888889
sp_O14763_TR10B_HUMAN,403,L,B,0.077,0.970,0.001,0.029,0.395333333333
sp_O14763_TR10B_HUMAN,404,D,E,0.416,0.970,0.001,0.029,0.410555555556
sp_O14763_TR10B_HUMAN,405,A,B,0.045,0.988,0.000,0.012,0.389222222222
sp_O14763_TR10B_HUMAN,406,L,B,0.025,0.970,0.001,0.029,0.383888888889
sp_O14763_TR10B_HUMAN,407,E,E,0.347,0.970,0.001,0.029,0.415666666667
sp_O14763_TR10B_HUMAN,408,T,E,0.525,0.923,0.002,0.076,0.438666666667
sp_O14763_TR10B_HUMAN,409,L,B,0.059,0.694,0.003,0.303,0.437444444444
sp_O14763_TR10B_HUMAN,410,G,E,0.466,0.502,0.002,0.495,0.443
sp_O14763_TR10B_HUMAN,411,E,B,0.207,0.859,0.002,0.139,0.463555555556
sp_O14763_TR10B_HUMAN,412,R,E,0.46,0.859,0.002,0.139,0.450555555556
sp_O14763_TR10B_HUMAN,413,L,B,0.261,0.859,0.002,0.139,0.444222222222
sp_O14763_TR10B_HUMAN,414,A,B,0.024,0.923,0.002,0.076,0.440444444444
sp_O14763_TR10B_HUMAN,415,K,B,0.053,0.970,0.001,0.029,0.445555555556
sp_O14763_TR10B_HUMAN,416,Q,E,0.516,0.970,0.001,0.029,0.452111111111
sp_O14763_TR10B_HUMAN,417,K,B,0.217,0.970,0.001,0.029,0.439444444444
sp_O14763_TR10B_HUMAN,418,I,B,0.02,0.970,0.001,0.029,0.419111111111
sp_O14763_TR10B_HUMAN,419,E,B,0.255,0.970,0.001,0.029,0.441333333333
sp_O14763_TR10B_HUMAN,420,D,E,0.64,0.970,0.001,0.029,0.452888888889
sp_O14763_TR10B_HUMAN,421,H,E,0.281,0.970,0.001,0.029,0.463333333333
sp_O14763_TR10B_HUMAN,422,L,B,0.043,0.970,0.001,0.029,0.462333333333
sp_O14763_TR10B_HUMAN,423,L,E,0.332,0.923,0.002,0.076,0.489
sp_O14763_TR10B_HUMAN,424,S,E,0.721,0.782,0.003,0.215,0.489111111111
sp_O14763_TR10B_HUMAN,425,S,E,0.482,0.321,0.003,0.675,0.493
sp_O14763_TR10B_HUMAN,426,G,E,0.441,0.058,0.017,0.925,0.500777777778
sp_O14763_TR10B_HUMAN,427,K,E,0.4,0.052,0.084,0.864,0.534111111111
sp_O14763_TR10B_HUMAN,428,F,B,0.184,0.135,0.317,0.548,0.545
sp_O14763_TR10B_HUMAN,429,M,E,0.314,0.159,0.516,0.325,0.558555555556
sp_O14763_TR10B_HUMAN,430,Y,B,0.218,0.252,0.423,0.325,0.573333333333
sp_O14763_TR10B_HUMAN,431,L,E,0.504,0.231,0.330,0.439,0.592777777778
sp_O14763_TR10B_HUMAN,432,E,E,0.566,0.199,0.152,0.649,0.609111111111
sp_O14763_TR10B_HUMAN,433,G,E,0.412,0.184,0.043,0.773,0.619
sp_O14763_TR10B_HUMAN,434,N,E,0.561,0.113,0.043,0.844,0.618333333333
sp_O14763_TR10B_HUMAN,435,A,E,0.511,0.053,0.043,0.903,0.615111111111
sp_O14763_TR10B_HUMAN,436,D,E,0.598,0.053,0.043,0.903,0.607888888889
sp_O14763_TR10B_HUMAN,437,S,E,0.456,0.052,0.084,0.864,0.535777777778
sp_O14763_TR10B_HUMAN,438,A,E,0.465,0.052,0.084,0.864,0.468333333333
sp_O14763_TR10B_HUMAN,439,M,E,0.344,0.053,0.043,0.903,0.394555555556
sp_O14763_TR10B_HUMAN,440,S,E,0.846,0.003,0.003,0.994,0.324333333333
