Entry,Position,AminoAcid,Exposed/Buried,RelativeSurfaceAccessilibity,HelixProbability,SheetProbability,CoilProbability,EpitopeProbability
sp_Q9BZM6_ULBP1_HUMAN,1,M,E,0.66,0.053,0.004,0.942,0.223444444444
sp_Q9BZM6_ULBP1_HUMAN,2,A,B,0.346,0.386,0.097,0.517,0.279444444444
sp_Q9BZM6_ULBP1_HUMAN,3,A,B,0.345,0.386,0.097,0.517,0.342
sp_Q9BZM6_ULBP1_HUMAN,4,A,E,0.365,0.428,0.171,0.402,0.4
sp_Q9BZM6_ULBP1_HUMAN,5,A,B,0.299,0.386,0.097,0.517,0.450888888889
sp_Q9BZM6_ULBP1_HUMAN,6,S,B,0.265,0.339,0.016,0.645,0.462444444444
sp_Q9BZM6_ULBP1_HUMAN,7,P,E,0.394,0.406,0.004,0.591,0.450888888889
sp_Q9BZM6_ULBP1_HUMAN,8,A,B,0.243,0.694,0.003,0.303,0.420111111111
sp_Q9BZM6_ULBP1_HUMAN,9,F,B,0.179,0.859,0.002,0.139,0.393
sp_Q9BZM6_ULBP1_HUMAN,10,L,B,0.147,0.923,0.002,0.076,0.364888888889
sp_Q9BZM6_ULBP1_HUMAN,11,L,B,0.083,0.923,0.002,0.076,0.329555555556
sp_Q9BZM6_ULBP1_HUMAN,12,C,B,0.12,0.970,0.001,0.029,0.287333333333
sp_Q9BZM6_ULBP1_HUMAN,13,L,B,0.131,0.970,0.001,0.029,0.261777777778
sp_Q9BZM6_ULBP1_HUMAN,14,P,B,0.124,0.970,0.001,0.029,0.233222222222
sp_Q9BZM6_ULBP1_HUMAN,15,L,B,0.1,0.970,0.001,0.029,0.225888888889
sp_Q9BZM6_ULBP1_HUMAN,16,L,B,0.088,0.923,0.002,0.076,0.236777777778
sp_Q9BZM6_ULBP1_HUMAN,17,H,B,0.093,0.923,0.002,0.076,0.253555555556
sp_Q9BZM6_ULBP1_HUMAN,18,L,B,0.071,0.878,0.010,0.111,0.270666666667
sp_Q9BZM6_ULBP1_HUMAN,19,L,B,0.072,0.802,0.014,0.185,0.29
sp_Q9BZM6_ULBP1_HUMAN,20,S,B,0.087,0.622,0.015,0.363,0.327666666667
sp_Q9BZM6_ULBP1_HUMAN,21,G,B,0.081,0.430,0.016,0.555,0.369666666667
sp_Q9BZM6_ULBP1_HUMAN,22,W,B,0.066,0.257,0.016,0.727,0.386
sp_Q9BZM6_ULBP1_HUMAN,23,S,B,0.062,0.181,0.017,0.803,0.416666666667
sp_Q9BZM6_ULBP1_HUMAN,24,R,E,0.246,0.116,0.016,0.868,0.43
sp_Q9BZM6_ULBP1_HUMAN,25,A,E,0.313,0.116,0.016,0.868,0.447222222222
sp_Q9BZM6_ULBP1_HUMAN,26,G,B,0.067,0.058,0.017,0.925,0.457
sp_Q9BZM6_ULBP1_HUMAN,27,W,B,0.178,0.018,0.047,0.935,0.47
sp_Q9BZM6_ULBP1_HUMAN,28,V,B,0.081,0.018,0.047,0.935,0.461444444444
sp_Q9BZM6_ULBP1_HUMAN,29,D,B,0.113,0.018,0.088,0.893,0.442222222222
sp_Q9BZM6_ULBP1_HUMAN,30,T,B,0.125,0.018,0.141,0.840,0.419555555556
sp_Q9BZM6_ULBP1_HUMAN,31,H,B,0.053,0.004,0.336,0.660,0.416222222222
sp_Q9BZM6_ULBP1_HUMAN,32,C,B,0.042,0.004,0.616,0.381,0.405
sp_Q9BZM6_ULBP1_HUMAN,33,L,B,0.024,0.002,0.816,0.182,0.395555555556
sp_Q9BZM6_ULBP1_HUMAN,34,C,B,0.083,0.002,0.816,0.182,0.377333333333
sp_Q9BZM6_ULBP1_HUMAN,35,Y,B,0.02,0.001,0.900,0.099,0.370777777778
sp_Q9BZM6_ULBP1_HUMAN,36,D,B,0.045,0.001,0.900,0.099,0.354888888889
sp_Q9BZM6_ULBP1_HUMAN,37,F,B,0.035,0.001,0.959,0.040,0.369222222222
sp_Q9BZM6_ULBP1_HUMAN,38,I,B,0.025,0.001,0.900,0.099,0.389444444444
sp_Q9BZM6_ULBP1_HUMAN,39,I,B,0.03,0.001,0.900,0.099,0.413
sp_Q9BZM6_ULBP1_HUMAN,40,T,B,0.092,0.002,0.816,0.182,0.447
sp_Q9BZM6_ULBP1_HUMAN,41,P,B,0.077,0.004,0.336,0.660,0.469888888889
sp_Q9BZM6_ULBP1_HUMAN,42,K,E,0.427,0.005,0.045,0.951,0.493444444444
sp_Q9BZM6_ULBP1_HUMAN,43,S,E,0.352,0.005,0.015,0.979,0.506555555556
sp_Q9BZM6_ULBP1_HUMAN,44,R,E,0.54,0.005,0.015,0.979,0.527777777778
sp_Q9BZM6_ULBP1_HUMAN,45,P,E,0.633,0.005,0.015,0.979,0.546555555556
sp_Q9BZM6_ULBP1_HUMAN,46,E,E,0.348,0.005,0.015,0.979,0.527111111111
sp_Q9BZM6_ULBP1_HUMAN,47,P,E,0.28,0.005,0.015,0.979,0.501666666667
sp_Q9BZM6_ULBP1_HUMAN,48,Q,E,0.299,0.004,0.197,0.799,0.467444444444
sp_Q9BZM6_ULBP1_HUMAN,49,W,B,0.212,0.003,0.718,0.279,0.427666666667
sp_Q9BZM6_ULBP1_HUMAN,50,C,B,0.042,0.001,0.900,0.099,0.393333333333
sp_Q9BZM6_ULBP1_HUMAN,51,E,B,0.083,0.001,0.959,0.040,0.376222222222
sp_Q9BZM6_ULBP1_HUMAN,52,V,B,0.028,0.001,0.983,0.017,0.370666666667
sp_Q9BZM6_ULBP1_HUMAN,53,Q,B,0.081,0.001,0.983,0.017,0.356111111111
sp_Q9BZM6_ULBP1_HUMAN,54,G,B,0.045,0.001,0.959,0.040,0.355
sp_Q9BZM6_ULBP1_HUMAN,55,L,B,0.155,0.001,0.959,0.040,0.380444444444
sp_Q9BZM6_ULBP1_HUMAN,56,V,B,0.043,0.002,0.816,0.182,0.396333333333
sp_Q9BZM6_ULBP1_HUMAN,57,D,E,0.333,0.005,0.045,0.951,0.404333333333
sp_Q9BZM6_ULBP1_HUMAN,58,E,E,0.622,0.005,0.015,0.979,0.405444444444
sp_Q9BZM6_ULBP1_HUMAN,59,R,E,0.323,0.003,0.718,0.279,0.428111111111
sp_Q9BZM6_ULBP1_HUMAN,60,P,B,0.276,0.001,0.900,0.099,0.431
sp_Q9BZM6_ULBP1_HUMAN,61,F,B,0.079,0.001,0.900,0.099,0.436
sp_Q9BZM6_ULBP1_HUMAN,62,L,B,0.086,0.001,0.900,0.099,0.442111111111
sp_Q9BZM6_ULBP1_HUMAN,63,H,B,0.204,0.001,0.900,0.099,0.452
sp_Q9BZM6_ULBP1_HUMAN,64,Y,B,0.066,0.003,0.718,0.279,0.459666666667
sp_Q9BZM6_ULBP1_HUMAN,65,D,B,0.254,0.004,0.336,0.660,0.474222222222
sp_Q9BZM6_ULBP1_HUMAN,66,C,B,0.214,0.018,0.088,0.893,0.494333333333
sp_Q9BZM6_ULBP1_HUMAN,67,V,E,0.675,0.018,0.047,0.935,0.512111111111
sp_Q9BZM6_ULBP1_HUMAN,68,N,E,0.442,0.018,0.019,0.964,0.522666666667
sp_Q9BZM6_ULBP1_HUMAN,69,H,E,0.528,0.018,0.088,0.893,0.535111111111
sp_Q9BZM6_ULBP1_HUMAN,70,K,E,0.387,0.022,0.552,0.426,0.555
sp_Q9BZM6_ULBP1_HUMAN,71,A,B,0.183,0.021,0.756,0.223,0.572333333333
sp_Q9BZM6_ULBP1_HUMAN,72,K,E,0.309,0.018,0.846,0.136,0.57
sp_Q9BZM6_ULBP1_HUMAN,73,A,B,0.243,0.021,0.756,0.223,0.56
sp_Q9BZM6_ULBP1_HUMAN,74,F,E,0.343,0.069,0.386,0.545,0.553111111111
sp_Q9BZM6_ULBP1_HUMAN,75,A,E,0.335,0.199,0.152,0.649,0.575222222222
sp_Q9BZM6_ULBP1_HUMAN,76,S,E,0.481,0.268,0.043,0.689,0.590777777778
sp_Q9BZM6_ULBP1_HUMAN,77,L,B,0.143,0.353,0.048,0.598,0.592888888889
sp_Q9BZM6_ULBP1_HUMAN,78,G,B,0.217,0.455,0.046,0.498,0.599111111111
sp_Q9BZM6_ULBP1_HUMAN,79,K,E,0.542,0.353,0.048,0.598,0.593555555556
sp_Q9BZM6_ULBP1_HUMAN,80,K,E,0.583,0.268,0.043,0.689,0.592
sp_Q9BZM6_ULBP1_HUMAN,81,V,E,0.418,0.184,0.043,0.773,0.602
sp_Q9BZM6_ULBP1_HUMAN,82,N,E,0.444,0.116,0.016,0.868,0.618222222222
sp_Q9BZM6_ULBP1_HUMAN,83,V,E,0.433,0.181,0.017,0.803,0.620444444444
sp_Q9BZM6_ULBP1_HUMAN,84,T,E,0.457,0.782,0.003,0.215,0.610666666667
sp_Q9BZM6_ULBP1_HUMAN,85,K,E,0.613,0.859,0.002,0.139,0.603888888889
sp_Q9BZM6_ULBP1_HUMAN,86,T,B,0.19,0.923,0.002,0.076,0.597777777778
sp_Q9BZM6_ULBP1_HUMAN,87,W,B,0.061,0.970,0.001,0.029,0.591333333333
sp_Q9BZM6_ULBP1_HUMAN,88,E,E,0.471,0.970,0.001,0.029,0.597444444444
sp_Q9BZM6_ULBP1_HUMAN,89,E,E,0.477,0.970,0.001,0.029,0.592
sp_Q9BZM6_ULBP1_HUMAN,90,Q,B,0.085,0.970,0.001,0.029,0.559888888889
sp_Q9BZM6_ULBP1_HUMAN,91,T,B,0.126,0.923,0.002,0.076,0.557666666667
sp_Q9BZM6_ULBP1_HUMAN,92,E,E,0.515,0.923,0.002,0.076,0.552111111111
sp_Q9BZM6_ULBP1_HUMAN,93,T,E,0.242,0.970,0.001,0.029,0.530666666667
sp_Q9BZM6_ULBP1_HUMAN,94,L,B,0.035,0.970,0.001,0.029,0.517666666667
sp_Q9BZM6_ULBP1_HUMAN,95,R,E,0.334,0.970,0.001,0.029,0.513888888889
sp_Q9BZM6_ULBP1_HUMAN,96,D,E,0.455,0.970,0.001,0.029,0.508333333333
sp_Q9BZM6_ULBP1_HUMAN,97,V,B,0.164,0.970,0.001,0.029,0.462666666667
sp_Q9BZM6_ULBP1_HUMAN,98,V,B,0.123,0.970,0.001,0.029,0.444111111111
sp_Q9BZM6_ULBP1_HUMAN,99,D,E,0.376,0.970,0.001,0.029,0.449555555556
sp_Q9BZM6_ULBP1_HUMAN,100,F,B,0.232,0.970,0.001,0.029,0.432333333333
sp_Q9BZM6_ULBP1_HUMAN,101,L,B,0.067,0.970,0.001,0.029,0.412
sp_Q9BZM6_ULBP1_HUMAN,102,K,B,0.185,0.975,0.003,0.022,0.419
sp_Q9BZM6_ULBP1_HUMAN,103,G,E,0.251,0.938,0.007,0.055,0.414111111111
sp_Q9BZM6_ULBP1_HUMAN,104,Q,B,0.118,0.975,0.003,0.022,0.390333333333
sp_Q9BZM6_ULBP1_HUMAN,105,L,B,0.026,0.975,0.003,0.022,0.389222222222
sp_Q9BZM6_ULBP1_HUMAN,106,L,B,0.215,0.975,0.003,0.022,0.420222222222
sp_Q9BZM6_ULBP1_HUMAN,107,D,B,0.196,0.938,0.007,0.055,0.437888888889
sp_Q9BZM6_ULBP1_HUMAN,108,I,B,0.053,0.938,0.007,0.055,0.465888888889
sp_Q9BZM6_ULBP1_HUMAN,109,Q,B,0.222,0.911,0.033,0.057,0.490111111111
sp_Q9BZM6_ULBP1_HUMAN,110,V,E,0.47,0.751,0.050,0.199,0.533444444444
sp_Q9BZM6_ULBP1_HUMAN,111,E,B,0.284,0.561,0.047,0.393,0.541444444444
sp_Q9BZM6_ULBP1_HUMAN,112,N,E,0.37,0.353,0.048,0.598,0.558333333333
sp_Q9BZM6_ULBP1_HUMAN,113,L,E,0.488,0.113,0.043,0.844,0.578333333333
sp_Q9BZM6_ULBP1_HUMAN,114,I,E,0.496,0.053,0.043,0.903,0.579333333333
sp_Q9BZM6_ULBP1_HUMAN,115,P,E,0.507,0.053,0.043,0.903,0.582555555556
sp_Q9BZM6_ULBP1_HUMAN,116,I,E,0.415,0.053,0.043,0.903,0.568111111111
sp_Q9BZM6_ULBP1_HUMAN,117,E,E,0.416,0.053,0.043,0.903,0.536777777778
sp_Q9BZM6_ULBP1_HUMAN,118,P,B,0.268,0.018,0.088,0.893,0.515777777778
sp_Q9BZM6_ULBP1_HUMAN,119,L,E,0.299,0.021,0.279,0.699,0.485444444444
sp_Q9BZM6_ULBP1_HUMAN,120,T,B,0.093,0.022,0.552,0.426,0.473333333333
sp_Q9BZM6_ULBP1_HUMAN,121,L,B,0.104,0.003,0.718,0.279,0.461888888889
sp_Q9BZM6_ULBP1_HUMAN,122,Q,B,0.182,0.002,0.816,0.182,0.453666666667
sp_Q9BZM6_ULBP1_HUMAN,123,A,B,0.189,0.002,0.816,0.182,0.425111111111
sp_Q9BZM6_ULBP1_HUMAN,124,R,B,0.29,0.004,0.616,0.381,0.414555555556
sp_Q9BZM6_ULBP1_HUMAN,125,M,B,0.203,0.003,0.718,0.279,0.409
sp_Q9BZM6_ULBP1_HUMAN,126,S,B,0.185,0.002,0.816,0.182,0.430444444444
sp_Q9BZM6_ULBP1_HUMAN,127,C,B,0.04,0.002,0.816,0.182,0.446222222222
sp_Q9BZM6_ULBP1_HUMAN,128,E,E,0.344,0.002,0.816,0.182,0.464888888889
sp_Q9BZM6_ULBP1_HUMAN,129,H,B,0.148,0.004,0.616,0.381,0.481111111111
sp_Q9BZM6_ULBP1_HUMAN,130,E,E,0.385,0.004,0.336,0.660,0.487666666667
sp_Q9BZM6_ULBP1_HUMAN,131,A,E,0.567,0.004,0.138,0.858,0.508777777778
sp_Q9BZM6_ULBP1_HUMAN,132,H,E,0.71,0.018,0.047,0.935,0.545888888889
sp_Q9BZM6_ULBP1_HUMAN,133,G,E,0.485,0.020,0.205,0.775,0.555222222222
sp_Q9BZM6_ULBP1_HUMAN,134,H,E,0.4,0.004,0.420,0.576,0.564111111111
sp_Q9BZM6_ULBP1_HUMAN,135,G,E,0.285,0.004,0.514,0.481,0.546444444444
sp_Q9BZM6_ULBP1_HUMAN,136,R,E,0.324,0.004,0.420,0.576,0.521666666667
sp_Q9BZM6_ULBP1_HUMAN,137,G,B,0.169,0.004,0.514,0.481,0.494444444444
sp_Q9BZM6_ULBP1_HUMAN,138,S,B,0.173,0.001,0.900,0.099,0.453222222222
sp_Q9BZM6_ULBP1_HUMAN,139,W,B,0.108,0.001,0.959,0.040,0.436222222222
sp_Q9BZM6_ULBP1_HUMAN,140,Q,B,0.168,0.001,0.959,0.040,0.430111111111
sp_Q9BZM6_ULBP1_HUMAN,141,F,B,0.097,0.001,0.900,0.099,0.417111111111
sp_Q9BZM6_ULBP1_HUMAN,142,L,B,0.049,0.003,0.718,0.279,0.417222222222
sp_Q9BZM6_ULBP1_HUMAN,143,F,B,0.116,0.004,0.616,0.381,0.42
sp_Q9BZM6_ULBP1_HUMAN,144,N,E,0.376,0.004,0.138,0.858,0.417
sp_Q9BZM6_ULBP1_HUMAN,145,G,E,0.336,0.018,0.019,0.964,0.407666666667
sp_Q9BZM6_ULBP1_HUMAN,146,Q,E,0.4,0.020,0.205,0.775,0.410555555556
sp_Q9BZM6_ULBP1_HUMAN,147,K,B,0.217,0.004,0.514,0.481,0.423666666667
sp_Q9BZM6_ULBP1_HUMAN,148,F,B,0.092,0.018,0.846,0.136,0.433222222222
sp_Q9BZM6_ULBP1_HUMAN,149,L,B,0.023,0.011,0.918,0.071,0.437777777778
sp_Q9BZM6_ULBP1_HUMAN,150,L,B,0.103,0.001,0.900,0.099,0.452333333333
sp_Q9BZM6_ULBP1_HUMAN,151,F,B,0.06,0.001,0.959,0.040,0.446666666667
sp_Q9BZM6_ULBP1_HUMAN,152,D,B,0.174,0.003,0.718,0.279,0.454666666667
sp_Q9BZM6_ULBP1_HUMAN,153,S,E,0.428,0.020,0.205,0.775,0.472888888889
sp_Q9BZM6_ULBP1_HUMAN,154,N,E,0.61,0.018,0.141,0.840,0.481555555556
sp_Q9BZM6_ULBP1_HUMAN,155,N,E,0.484,0.018,0.088,0.893,0.495333333333
sp_Q9BZM6_ULBP1_HUMAN,156,R,B,0.27,0.021,0.279,0.699,0.493555555556
sp_Q9BZM6_ULBP1_HUMAN,157,K,E,0.334,0.021,0.756,0.223,0.498111111111
sp_Q9BZM6_ULBP1_HUMAN,158,W,B,0.076,0.018,0.846,0.136,0.495555555556
sp_Q9BZM6_ULBP1_HUMAN,159,T,E,0.311,0.002,0.816,0.182,0.494333333333
sp_Q9BZM6_ULBP1_HUMAN,160,A,B,0.078,0.004,0.616,0.381,0.500777777778
sp_Q9BZM6_ULBP1_HUMAN,161,L,B,0.225,0.020,0.205,0.775,0.478333333333
sp_Q9BZM6_ULBP1_HUMAN,162,H,E,0.356,0.181,0.017,0.803,0.486222222222
sp_Q9BZM6_ULBP1_HUMAN,163,P,E,0.499,0.782,0.003,0.215,0.512333333333
sp_Q9BZM6_ULBP1_HUMAN,164,G,E,0.291,0.923,0.002,0.076,0.508666666667
sp_Q9BZM6_ULBP1_HUMAN,165,A,B,0.033,0.923,0.002,0.076,0.525777777778
sp_Q9BZM6_ULBP1_HUMAN,166,K,E,0.301,0.975,0.003,0.022,0.530555555556
sp_Q9BZM6_ULBP1_HUMAN,167,K,E,0.347,0.975,0.003,0.022,0.532888888889
sp_Q9BZM6_ULBP1_HUMAN,168,M,B,0.045,0.970,0.001,0.029,0.524222222222
sp_Q9BZM6_ULBP1_HUMAN,169,T,B,0.131,0.970,0.001,0.029,0.528888888889
sp_Q9BZM6_ULBP1_HUMAN,170,E,E,0.484,0.970,0.001,0.029,0.548666666667
sp_Q9BZM6_ULBP1_HUMAN,171,K,E,0.276,0.923,0.002,0.076,0.550777777778
sp_Q9BZM6_ULBP1_HUMAN,172,W,B,0.062,0.923,0.002,0.076,0.543333333333
sp_Q9BZM6_ULBP1_HUMAN,173,E,E,0.495,0.859,0.002,0.139,0.556111111111
sp_Q9BZM6_ULBP1_HUMAN,174,K,E,0.566,0.782,0.003,0.215,0.555777777778
sp_Q9BZM6_ULBP1_HUMAN,175,N,B,0.285,0.694,0.003,0.303,0.55
sp_Q9BZM6_ULBP1_HUMAN,176,R,E,0.37,0.923,0.002,0.076,0.552222222222
sp_Q9BZM6_ULBP1_HUMAN,177,D,E,0.459,0.970,0.001,0.029,0.563555555556
sp_Q9BZM6_ULBP1_HUMAN,178,V,B,0.221,0.970,0.001,0.029,0.542888888889
sp_Q9BZM6_ULBP1_HUMAN,179,T,B,0.209,0.970,0.001,0.029,0.533555555556
sp_Q9BZM6_ULBP1_HUMAN,180,M,E,0.518,0.938,0.007,0.055,0.527777777778
sp_Q9BZM6_ULBP1_HUMAN,181,F,B,0.278,0.938,0.007,0.055,0.517222222222
sp_Q9BZM6_ULBP1_HUMAN,182,F,B,0.151,0.878,0.010,0.111,0.500333333333
sp_Q9BZM6_ULBP1_HUMAN,183,Q,E,0.326,0.802,0.014,0.185,0.506222222222
sp_Q9BZM6_ULBP1_HUMAN,184,K,E,0.403,0.751,0.050,0.199,0.508333333333
sp_Q9BZM6_ULBP1_HUMAN,185,I,B,0.128,0.660,0.049,0.291,0.498888888889
sp_Q9BZM6_ULBP1_HUMAN,186,S,B,0.07,0.502,0.102,0.396,0.473444444444
sp_Q9BZM6_ULBP1_HUMAN,187,L,E,0.378,0.502,0.102,0.396,0.485666666667
sp_Q9BZM6_ULBP1_HUMAN,188,G,E,0.551,0.502,0.102,0.396,0.490888888889
sp_Q9BZM6_ULBP1_HUMAN,189,D,E,0.34,0.455,0.046,0.498,0.483888888889
sp_Q9BZM6_ULBP1_HUMAN,190,C,B,0.016,0.455,0.046,0.498,0.467333333333
sp_Q9BZM6_ULBP1_HUMAN,191,K,B,0.202,0.878,0.010,0.111,0.480444444444
sp_Q9BZM6_ULBP1_HUMAN,192,M,E,0.507,0.938,0.007,0.055,0.478
sp_Q9BZM6_ULBP1_HUMAN,193,W,B,0.167,0.970,0.001,0.029,0.460888888889
sp_Q9BZM6_ULBP1_HUMAN,194,L,B,0.028,0.970,0.001,0.029,0.459222222222
sp_Q9BZM6_ULBP1_HUMAN,195,E,E,0.433,0.970,0.001,0.029,0.480555555556
sp_Q9BZM6_ULBP1_HUMAN,196,E,E,0.391,0.923,0.002,0.076,0.486777777778
sp_Q9BZM6_ULBP1_HUMAN,197,F,B,0.055,0.859,0.002,0.139,0.491666666667
sp_Q9BZM6_ULBP1_HUMAN,198,L,B,0.162,0.782,0.003,0.215,0.510333333333
sp_Q9BZM6_ULBP1_HUMAN,199,M,E,0.653,0.694,0.003,0.303,0.542111111111
sp_Q9BZM6_ULBP1_HUMAN,200,Y,E,0.373,0.502,0.002,0.495,0.548777777778
sp_Q9BZM6_ULBP1_HUMAN,201,W,E,0.299,0.321,0.003,0.675,0.546777777778
sp_Q9BZM6_ULBP1_HUMAN,202,E,E,0.554,0.339,0.016,0.645,0.563
sp_Q9BZM6_ULBP1_HUMAN,203,Q,E,0.591,0.339,0.016,0.645,0.569555555556
sp_Q9BZM6_ULBP1_HUMAN,204,M,E,0.387,0.278,0.093,0.628,0.574333333333
sp_Q9BZM6_ULBP1_HUMAN,205,L,B,0.142,0.118,0.150,0.732,0.588444444444
sp_Q9BZM6_ULBP1_HUMAN,206,D,E,0.478,0.056,0.142,0.802,0.589
sp_Q9BZM6_ULBP1_HUMAN,207,P,E,0.407,0.056,0.142,0.802,0.574333333333
sp_Q9BZM6_ULBP1_HUMAN,208,T,E,0.537,0.056,0.142,0.802,0.576333333333
sp_Q9BZM6_ULBP1_HUMAN,209,K,E,0.43,0.018,0.088,0.893,0.559666666667
sp_Q9BZM6_ULBP1_HUMAN,210,P,E,0.479,0.018,0.047,0.935,0.556
sp_Q9BZM6_ULBP1_HUMAN,211,P,B,0.223,0.018,0.088,0.893,0.563666666667
sp_Q9BZM6_ULBP1_HUMAN,212,S,E,0.529,0.004,0.420,0.576,0.561666666667
sp_Q9BZM6_ULBP1_HUMAN,213,L,B,0.134,0.004,0.616,0.381,0.563111111111
sp_Q9BZM6_ULBP1_HUMAN,214,A,E,0.388,0.024,0.655,0.322,0.561
sp_Q9BZM6_ULBP1_HUMAN,215,P,B,0.172,0.021,0.452,0.528,0.570333333333
sp_Q9BZM6_ULBP1_HUMAN,216,G,B,0.29,0.004,0.263,0.733,0.570222222222
sp_Q9BZM6_ULBP1_HUMAN,217,T,E,0.457,0.004,0.263,0.733,0.582111111111
sp_Q9BZM6_ULBP1_HUMAN,218,T,E,0.408,0.004,0.336,0.660,0.582111111111
sp_Q9BZM6_ULBP1_HUMAN,219,Q,E,0.534,0.020,0.205,0.775,0.574555555556
sp_Q9BZM6_ULBP1_HUMAN,220,P,B,0.181,0.021,0.279,0.699,0.547555555556
sp_Q9BZM6_ULBP1_HUMAN,221,K,E,0.372,0.022,0.359,0.619,0.532
sp_Q9BZM6_ULBP1_HUMAN,222,A,B,0.067,0.022,0.359,0.619,0.504444444444
sp_Q9BZM6_ULBP1_HUMAN,223,M,B,0.26,0.021,0.279,0.699,0.470888888889
sp_Q9BZM6_ULBP1_HUMAN,224,A,B,0.136,0.021,0.452,0.528,0.447333333333
sp_Q9BZM6_ULBP1_HUMAN,225,T,B,0.107,0.022,0.552,0.426,0.432555555556
sp_Q9BZM6_ULBP1_HUMAN,226,T,B,0.084,0.022,0.552,0.426,0.408777777778
sp_Q9BZM6_ULBP1_HUMAN,227,L,B,0.063,0.022,0.552,0.426,0.401444444444
sp_Q9BZM6_ULBP1_HUMAN,228,S,B,0.172,0.004,0.514,0.481,0.387888888889
sp_Q9BZM6_ULBP1_HUMAN,229,P,B,0.055,0.020,0.205,0.775,0.392777777778
sp_Q9BZM6_ULBP1_HUMAN,230,W,B,0.239,0.018,0.141,0.840,0.376777777778
sp_Q9BZM6_ULBP1_HUMAN,231,S,E,0.297,0.074,0.484,0.442,0.383333333333
sp_Q9BZM6_ULBP1_HUMAN,232,L,B,0.033,0.085,0.775,0.140,0.378
sp_Q9BZM6_ULBP1_HUMAN,233,L,E,0.253,0.072,0.855,0.073,0.382111111111
sp_Q9BZM6_ULBP1_HUMAN,234,I,B,0.032,0.056,0.913,0.030,0.383
sp_Q9BZM6_ULBP1_HUMAN,235,I,B,0.161,0.072,0.855,0.073,0.380333333333
sp_Q9BZM6_ULBP1_HUMAN,236,F,B,0.045,0.072,0.855,0.073,0.390888888889
sp_Q9BZM6_ULBP1_HUMAN,237,L,B,0.152,0.085,0.775,0.140,0.415555555556
sp_Q9BZM6_ULBP1_HUMAN,238,C,B,0.197,0.252,0.423,0.325,0.432444444444
sp_Q9BZM6_ULBP1_HUMAN,239,F,B,0.262,0.199,0.152,0.649,0.464444444444
sp_Q9BZM6_ULBP1_HUMAN,240,I,B,0.184,0.118,0.150,0.732,0.474
sp_Q9BZM6_ULBP1_HUMAN,241,L,B,0.213,0.125,0.227,0.648,0.440777777778
sp_Q9BZM6_ULBP1_HUMAN,242,A,E,0.479,0.056,0.142,0.802,0.388555555556
sp_Q9BZM6_ULBP1_HUMAN,243,G,E,0.681,0.018,0.047,0.935,0.340888888889
sp_Q9BZM6_ULBP1_HUMAN,244,R,E,0.733,0.003,0.003,0.994,0.286222222222
