Entry,Position,AminoAcid,Exposed/Buried,RelativeSurfaceAccessilibity,HelixProbability,SheetProbability,CoilProbability,EpitopeProbability
sp_Q9BZM5_ULBP2_HUMAN,1,M,E,0.708,0.016,0.005,0.979,0.209111111111
sp_Q9BZM5_ULBP2_HUMAN,2,A,E,0.401,0.339,0.016,0.645,0.259777777778
sp_Q9BZM5_ULBP2_HUMAN,3,A,E,0.465,0.717,0.014,0.269,0.301555555556
sp_Q9BZM5_ULBP2_HUMAN,4,A,E,0.388,0.717,0.014,0.269,0.351333333333
sp_Q9BZM5_ULBP2_HUMAN,5,A,E,0.308,0.802,0.014,0.185,0.395777777778
sp_Q9BZM5_ULBP2_HUMAN,6,A,B,0.215,0.717,0.014,0.269,0.402555555556
sp_Q9BZM5_ULBP2_HUMAN,7,T,B,0.202,0.802,0.014,0.185,0.401888888889
sp_Q9BZM5_ULBP2_HUMAN,8,K,B,0.22,0.859,0.002,0.139,0.378666666667
sp_Q9BZM5_ULBP2_HUMAN,9,I,B,0.228,0.923,0.002,0.076,0.348222222222
sp_Q9BZM5_ULBP2_HUMAN,10,L,B,0.116,0.923,0.002,0.076,0.323666666667
sp_Q9BZM5_ULBP2_HUMAN,11,L,B,0.149,0.970,0.001,0.029,0.297222222222
sp_Q9BZM5_ULBP2_HUMAN,12,C,B,0.112,0.975,0.003,0.022,0.278666666667
sp_Q9BZM5_ULBP2_HUMAN,13,L,B,0.182,0.938,0.007,0.055,0.259666666667
sp_Q9BZM5_ULBP2_HUMAN,14,P,B,0.142,0.938,0.007,0.055,0.239222222222
sp_Q9BZM5_ULBP2_HUMAN,15,L,B,0.101,0.911,0.033,0.057,0.242333333333
sp_Q9BZM5_ULBP2_HUMAN,16,L,B,0.091,0.911,0.033,0.057,0.248666666667
sp_Q9BZM5_ULBP2_HUMAN,17,L,B,0.113,0.831,0.044,0.125,0.270333333333
sp_Q9BZM5_ULBP2_HUMAN,18,L,B,0.066,0.701,0.107,0.192,0.296333333333
sp_Q9BZM5_ULBP2_HUMAN,19,L,B,0.108,0.606,0.105,0.289,0.325
sp_Q9BZM5_ULBP2_HUMAN,20,S,B,0.084,0.268,0.043,0.689,0.364666666667
sp_Q9BZM5_ULBP2_HUMAN,21,G,B,0.11,0.116,0.016,0.868,0.402888888889
sp_Q9BZM5_ULBP2_HUMAN,22,W,B,0.105,0.116,0.016,0.868,0.427222222222
sp_Q9BZM5_ULBP2_HUMAN,23,S,B,0.122,0.116,0.016,0.868,0.467555555556
sp_Q9BZM5_ULBP2_HUMAN,24,R,B,0.242,0.116,0.016,0.868,0.480333333333
sp_Q9BZM5_ULBP2_HUMAN,25,A,E,0.335,0.116,0.016,0.868,0.491333333333
sp_Q9BZM5_ULBP2_HUMAN,26,G,B,0.089,0.058,0.017,0.925,0.495
sp_Q9BZM5_ULBP2_HUMAN,27,R,B,0.251,0.053,0.043,0.903,0.496444444444
sp_Q9BZM5_ULBP2_HUMAN,28,A,B,0.117,0.018,0.047,0.935,0.478111111111
sp_Q9BZM5_ULBP2_HUMAN,29,D,B,0.156,0.018,0.088,0.893,0.445777777778
sp_Q9BZM5_ULBP2_HUMAN,30,P,B,0.152,0.018,0.141,0.840,0.419
sp_Q9BZM5_ULBP2_HUMAN,31,H,B,0.063,0.022,0.552,0.426,0.402333333333
sp_Q9BZM5_ULBP2_HUMAN,32,S,B,0.045,0.021,0.756,0.223,0.370222222222
sp_Q9BZM5_ULBP2_HUMAN,33,L,B,0.032,0.018,0.846,0.136,0.35
sp_Q9BZM5_ULBP2_HUMAN,34,C,B,0.087,0.018,0.846,0.136,0.336222222222
sp_Q9BZM5_ULBP2_HUMAN,35,Y,B,0.023,0.011,0.918,0.071,0.33
sp_Q9BZM5_ULBP2_HUMAN,36,D,B,0.051,0.001,0.900,0.099,0.325777777778
sp_Q9BZM5_ULBP2_HUMAN,37,I,B,0.036,0.001,0.959,0.040,0.341
sp_Q9BZM5_ULBP2_HUMAN,38,T,B,0.026,0.001,0.900,0.099,0.372555555556
sp_Q9BZM5_ULBP2_HUMAN,39,V,B,0.03,0.001,0.900,0.099,0.415888888889
sp_Q9BZM5_ULBP2_HUMAN,40,I,B,0.074,0.002,0.816,0.182,0.449777777778
sp_Q9BZM5_ULBP2_HUMAN,41,P,B,0.065,0.004,0.420,0.576,0.482555555556
sp_Q9BZM5_ULBP2_HUMAN,42,K,E,0.367,0.004,0.085,0.910,0.509222222222
sp_Q9BZM5_ULBP2_HUMAN,43,F,E,0.337,0.005,0.015,0.979,0.526333333333
sp_Q9BZM5_ULBP2_HUMAN,44,R,E,0.512,0.005,0.015,0.979,0.548555555556
sp_Q9BZM5_ULBP2_HUMAN,45,P,E,0.574,0.005,0.015,0.979,0.560444444444
sp_Q9BZM5_ULBP2_HUMAN,46,G,E,0.35,0.005,0.015,0.979,0.542888888889
sp_Q9BZM5_ULBP2_HUMAN,47,P,E,0.29,0.018,0.019,0.964,0.521888888889
sp_Q9BZM5_ULBP2_HUMAN,48,R,B,0.307,0.004,0.197,0.799,0.468333333333
sp_Q9BZM5_ULBP2_HUMAN,49,W,B,0.248,0.003,0.718,0.279,0.436888888889
sp_Q9BZM5_ULBP2_HUMAN,50,C,B,0.041,0.001,0.900,0.099,0.4
sp_Q9BZM5_ULBP2_HUMAN,51,A,B,0.117,0.001,0.959,0.040,0.387111111111
sp_Q9BZM5_ULBP2_HUMAN,52,V,B,0.027,0.001,0.983,0.017,0.375777777778
sp_Q9BZM5_ULBP2_HUMAN,53,Q,B,0.082,0.001,0.983,0.017,0.361
sp_Q9BZM5_ULBP2_HUMAN,54,G,B,0.048,0.001,0.959,0.040,0.361
sp_Q9BZM5_ULBP2_HUMAN,55,Q,B,0.165,0.001,0.959,0.040,0.383444444444
sp_Q9BZM5_ULBP2_HUMAN,56,V,B,0.044,0.002,0.816,0.182,0.385111111111
sp_Q9BZM5_ULBP2_HUMAN,57,D,E,0.331,0.005,0.045,0.951,0.395111111111
sp_Q9BZM5_ULBP2_HUMAN,58,E,E,0.645,0.005,0.015,0.979,0.396
sp_Q9BZM5_ULBP2_HUMAN,59,K,E,0.334,0.003,0.718,0.279,0.420333333333
sp_Q9BZM5_ULBP2_HUMAN,60,T,B,0.257,0.001,0.900,0.099,0.422111111111
sp_Q9BZM5_ULBP2_HUMAN,61,F,B,0.079,0.001,0.900,0.099,0.422444444444
sp_Q9BZM5_ULBP2_HUMAN,62,L,B,0.083,0.001,0.900,0.099,0.430333333333
sp_Q9BZM5_ULBP2_HUMAN,63,H,B,0.192,0.001,0.900,0.099,0.439555555556
sp_Q9BZM5_ULBP2_HUMAN,64,Y,B,0.065,0.003,0.718,0.279,0.446666666667
sp_Q9BZM5_ULBP2_HUMAN,65,D,B,0.233,0.004,0.336,0.660,0.467222222222
sp_Q9BZM5_ULBP2_HUMAN,66,C,B,0.195,0.018,0.088,0.893,0.486666666667
sp_Q9BZM5_ULBP2_HUMAN,67,G,E,0.671,0.018,0.047,0.935,0.495888888889
sp_Q9BZM5_ULBP2_HUMAN,68,N,E,0.451,0.018,0.019,0.964,0.500222222222
sp_Q9BZM5_ULBP2_HUMAN,69,K,E,0.496,0.018,0.088,0.893,0.515
sp_Q9BZM5_ULBP2_HUMAN,70,T,E,0.369,0.022,0.552,0.426,0.529
sp_Q9BZM5_ULBP2_HUMAN,71,V,B,0.204,0.021,0.756,0.223,0.540777777778
sp_Q9BZM5_ULBP2_HUMAN,72,T,E,0.295,0.018,0.846,0.136,0.533222222222
sp_Q9BZM5_ULBP2_HUMAN,73,P,B,0.287,0.021,0.756,0.223,0.526111111111
sp_Q9BZM5_ULBP2_HUMAN,74,V,E,0.325,0.021,0.452,0.528,0.512555555556
sp_Q9BZM5_ULBP2_HUMAN,75,S,B,0.286,0.125,0.227,0.648,0.531666666667
sp_Q9BZM5_ULBP2_HUMAN,76,P,E,0.491,0.353,0.048,0.598,0.554444444444
sp_Q9BZM5_ULBP2_HUMAN,77,L,B,0.166,0.455,0.046,0.498,0.565222222222
sp_Q9BZM5_ULBP2_HUMAN,78,G,B,0.176,0.455,0.046,0.498,0.568777777778
sp_Q9BZM5_ULBP2_HUMAN,79,K,E,0.549,0.339,0.016,0.645,0.571111111111
sp_Q9BZM5_ULBP2_HUMAN,80,K,E,0.641,0.257,0.016,0.727,0.566888888889
sp_Q9BZM5_ULBP2_HUMAN,81,L,E,0.416,0.113,0.043,0.844,0.578555555556
sp_Q9BZM5_ULBP2_HUMAN,82,N,E,0.431,0.018,0.019,0.964,0.584333333333
sp_Q9BZM5_ULBP2_HUMAN,83,V,E,0.407,0.018,0.019,0.964,0.576111111111
sp_Q9BZM5_ULBP2_HUMAN,84,T,E,0.591,0.859,0.002,0.139,0.576555555556
sp_Q9BZM5_ULBP2_HUMAN,85,T,E,0.636,0.859,0.002,0.139,0.566
sp_Q9BZM5_ULBP2_HUMAN,86,A,B,0.15,0.923,0.002,0.076,0.551222222222
sp_Q9BZM5_ULBP2_HUMAN,87,W,B,0.059,0.970,0.001,0.029,0.541
sp_Q9BZM5_ULBP2_HUMAN,88,K,E,0.468,0.970,0.001,0.029,0.543555555556
sp_Q9BZM5_ULBP2_HUMAN,89,A,E,0.452,0.970,0.001,0.029,0.538888888889
sp_Q9BZM5_ULBP2_HUMAN,90,Q,B,0.083,0.923,0.002,0.076,0.507444444444
sp_Q9BZM5_ULBP2_HUMAN,91,N,B,0.151,0.923,0.002,0.076,0.516333333333
sp_Q9BZM5_ULBP2_HUMAN,92,P,E,0.525,0.859,0.002,0.139,0.529777777778
sp_Q9BZM5_ULBP2_HUMAN,93,V,E,0.252,0.923,0.002,0.076,0.507777777778
sp_Q9BZM5_ULBP2_HUMAN,94,L,B,0.052,0.923,0.002,0.076,0.510222222222
sp_Q9BZM5_ULBP2_HUMAN,95,R,E,0.363,0.923,0.002,0.076,0.521111111111
sp_Q9BZM5_ULBP2_HUMAN,96,E,E,0.421,0.923,0.002,0.076,0.537888888889
sp_Q9BZM5_ULBP2_HUMAN,97,V,B,0.212,0.923,0.002,0.076,0.510555555556
sp_Q9BZM5_ULBP2_HUMAN,98,V,B,0.162,0.923,0.002,0.076,0.500666666667
sp_Q9BZM5_ULBP2_HUMAN,99,D,E,0.396,0.970,0.001,0.029,0.52
sp_Q9BZM5_ULBP2_HUMAN,100,I,E,0.282,0.970,0.001,0.029,0.514555555556
sp_Q9BZM5_ULBP2_HUMAN,101,L,B,0.076,0.975,0.003,0.022,0.498777777778
sp_Q9BZM5_ULBP2_HUMAN,102,T,B,0.223,0.975,0.003,0.022,0.511222222222
sp_Q9BZM5_ULBP2_HUMAN,103,E,E,0.3,0.938,0.007,0.055,0.502555555556
sp_Q9BZM5_ULBP2_HUMAN,104,Q,B,0.116,0.938,0.007,0.055,0.473
sp_Q9BZM5_ULBP2_HUMAN,105,L,B,0.018,0.938,0.007,0.055,0.456111111111
sp_Q9BZM5_ULBP2_HUMAN,106,R,E,0.27,0.938,0.007,0.055,0.477222222222
sp_Q9BZM5_ULBP2_HUMAN,107,D,E,0.269,0.950,0.028,0.022,0.491888888889
sp_Q9BZM5_ULBP2_HUMAN,108,I,B,0.061,0.911,0.033,0.057,0.504333333333
sp_Q9BZM5_ULBP2_HUMAN,109,Q,B,0.224,0.831,0.044,0.125,0.513777777778
sp_Q9BZM5_ULBP2_HUMAN,110,L,E,0.497,0.779,0.101,0.120,0.547888888889
sp_Q9BZM5_ULBP2_HUMAN,111,E,E,0.333,0.606,0.105,0.289,0.556111111111
sp_Q9BZM5_ULBP2_HUMAN,112,N,E,0.36,0.307,0.165,0.527,0.583222222222
sp_Q9BZM5_ULBP2_HUMAN,113,Y,E,0.46,0.118,0.150,0.732,0.625444444444
sp_Q9BZM5_ULBP2_HUMAN,114,T,E,0.522,0.064,0.216,0.721,0.639888888889
sp_Q9BZM5_ULBP2_HUMAN,115,P,E,0.455,0.064,0.216,0.721,0.651111111111
sp_Q9BZM5_ULBP2_HUMAN,116,K,E,0.457,0.018,0.141,0.840,0.656666666667
sp_Q9BZM5_ULBP2_HUMAN,117,E,E,0.463,0.018,0.088,0.893,0.645333333333
sp_Q9BZM5_ULBP2_HUMAN,118,P,E,0.384,0.052,0.084,0.864,0.632222222222
sp_Q9BZM5_ULBP2_HUMAN,119,L,E,0.428,0.064,0.216,0.721,0.605222222222
sp_Q9BZM5_ULBP2_HUMAN,120,T,E,0.337,0.022,0.359,0.619,0.583444444444
sp_Q9BZM5_ULBP2_HUMAN,121,L,E,0.316,0.024,0.655,0.322,0.547777777778
sp_Q9BZM5_ULBP2_HUMAN,122,Q,B,0.221,0.018,0.846,0.136,0.518888888889
sp_Q9BZM5_ULBP2_HUMAN,123,A,B,0.254,0.001,0.900,0.099,0.484555555556
sp_Q9BZM5_ULBP2_HUMAN,124,R,B,0.232,0.001,0.900,0.099,0.465666666667
sp_Q9BZM5_ULBP2_HUMAN,125,M,B,0.168,0.001,0.900,0.099,0.441888888889
sp_Q9BZM5_ULBP2_HUMAN,126,S,B,0.167,0.001,0.900,0.099,0.447666666667
sp_Q9BZM5_ULBP2_HUMAN,127,C,B,0.031,0.001,0.900,0.099,0.451888888889
sp_Q9BZM5_ULBP2_HUMAN,128,E,E,0.348,0.001,0.900,0.099,0.463555555556
sp_Q9BZM5_ULBP2_HUMAN,129,Q,B,0.133,0.002,0.816,0.182,0.477777777778
sp_Q9BZM5_ULBP2_HUMAN,130,K,E,0.4,0.004,0.616,0.381,0.486777777778
sp_Q9BZM5_ULBP2_HUMAN,131,A,E,0.487,0.004,0.336,0.660,0.503222222222
sp_Q9BZM5_ULBP2_HUMAN,132,E,E,0.715,0.018,0.088,0.893,0.529888888889
sp_Q9BZM5_ULBP2_HUMAN,133,G,E,0.466,0.021,0.279,0.699,0.526333333333
sp_Q9BZM5_ULBP2_HUMAN,134,H,E,0.411,0.003,0.718,0.279,0.533777777778
sp_Q9BZM5_ULBP2_HUMAN,135,S,B,0.265,0.003,0.718,0.279,0.521222222222
sp_Q9BZM5_ULBP2_HUMAN,136,S,E,0.318,0.004,0.514,0.481,0.505222222222
sp_Q9BZM5_ULBP2_HUMAN,137,G,B,0.137,0.004,0.616,0.381,0.494444444444
sp_Q9BZM5_ULBP2_HUMAN,138,S,B,0.165,0.001,0.900,0.099,0.464888888889
sp_Q9BZM5_ULBP2_HUMAN,139,W,B,0.116,0.001,0.959,0.040,0.457777777778
sp_Q9BZM5_ULBP2_HUMAN,140,Q,B,0.111,0.001,0.959,0.040,0.447777777778
sp_Q9BZM5_ULBP2_HUMAN,141,F,B,0.112,0.011,0.918,0.071,0.435
sp_Q9BZM5_ULBP2_HUMAN,142,S,B,0.054,0.021,0.756,0.223,0.451777777778
sp_Q9BZM5_ULBP2_HUMAN,143,F,B,0.134,0.004,0.616,0.381,0.452
sp_Q9BZM5_ULBP2_HUMAN,144,D,E,0.376,0.004,0.138,0.858,0.446
sp_Q9BZM5_ULBP2_HUMAN,145,G,E,0.376,0.018,0.047,0.935,0.434
sp_Q9BZM5_ULBP2_HUMAN,146,Q,E,0.37,0.021,0.279,0.699,0.434333333333
sp_Q9BZM5_ULBP2_HUMAN,147,I,B,0.271,0.022,0.552,0.426,0.446111111111
sp_Q9BZM5_ULBP2_HUMAN,148,F,B,0.091,0.018,0.846,0.136,0.453222222222
sp_Q9BZM5_ULBP2_HUMAN,149,L,B,0.031,0.011,0.918,0.071,0.461111111111
sp_Q9BZM5_ULBP2_HUMAN,150,L,B,0.12,0.011,0.918,0.071,0.472222222222
sp_Q9BZM5_ULBP2_HUMAN,151,F,B,0.075,0.001,0.900,0.099,0.462222222222
sp_Q9BZM5_ULBP2_HUMAN,152,D,B,0.164,0.003,0.718,0.279,0.468
sp_Q9BZM5_ULBP2_HUMAN,153,S,E,0.451,0.004,0.197,0.799,0.474444444444
sp_Q9BZM5_ULBP2_HUMAN,154,E,E,0.69,0.018,0.088,0.893,0.478444444444
sp_Q9BZM5_ULBP2_HUMAN,155,K,E,0.513,0.018,0.088,0.893,0.484333333333
sp_Q9BZM5_ULBP2_HUMAN,156,R,B,0.259,0.021,0.279,0.699,0.482666666667
sp_Q9BZM5_ULBP2_HUMAN,157,M,E,0.38,0.021,0.756,0.223,0.479444444444
sp_Q9BZM5_ULBP2_HUMAN,158,W,B,0.077,0.018,0.846,0.136,0.477
sp_Q9BZM5_ULBP2_HUMAN,159,T,E,0.295,0.002,0.816,0.182,0.480777777778
sp_Q9BZM5_ULBP2_HUMAN,160,T,B,0.13,0.004,0.616,0.381,0.487666666667
sp_Q9BZM5_ULBP2_HUMAN,161,V,B,0.21,0.021,0.279,0.699,0.469666666667
sp_Q9BZM5_ULBP2_HUMAN,162,H,E,0.354,0.184,0.043,0.773,0.491111111111
sp_Q9BZM5_ULBP2_HUMAN,163,P,E,0.517,0.782,0.003,0.215,0.517111111111
sp_Q9BZM5_ULBP2_HUMAN,164,G,E,0.294,0.923,0.002,0.076,0.513333333333
sp_Q9BZM5_ULBP2_HUMAN,165,A,B,0.035,0.923,0.002,0.076,0.518333333333
sp_Q9BZM5_ULBP2_HUMAN,166,R,E,0.336,0.975,0.003,0.022,0.518222222222
sp_Q9BZM5_ULBP2_HUMAN,167,K,E,0.367,0.975,0.003,0.022,0.522111111111
sp_Q9BZM5_ULBP2_HUMAN,168,M,B,0.05,0.975,0.003,0.022,0.514555555556
sp_Q9BZM5_ULBP2_HUMAN,169,K,B,0.168,0.970,0.001,0.029,0.516666666667
sp_Q9BZM5_ULBP2_HUMAN,170,E,E,0.551,0.970,0.001,0.029,0.534555555556
sp_Q9BZM5_ULBP2_HUMAN,171,K,E,0.289,0.970,0.001,0.029,0.528333333333
sp_Q9BZM5_ULBP2_HUMAN,172,W,B,0.102,0.923,0.002,0.076,0.529111111111
sp_Q9BZM5_ULBP2_HUMAN,173,E,E,0.614,0.859,0.002,0.139,0.537111111111
sp_Q9BZM5_ULBP2_HUMAN,174,N,E,0.577,0.782,0.003,0.215,0.538222222222
sp_Q9BZM5_ULBP2_HUMAN,175,D,B,0.287,0.600,0.003,0.397,0.532222222222
sp_Q9BZM5_ULBP2_HUMAN,176,K,E,0.429,0.923,0.002,0.076,0.517777777778
sp_Q9BZM5_ULBP2_HUMAN,177,V,E,0.471,0.970,0.001,0.029,0.505777777778
sp_Q9BZM5_ULBP2_HUMAN,178,V,B,0.224,0.970,0.001,0.029,0.487
sp_Q9BZM5_ULBP2_HUMAN,179,A,B,0.168,0.970,0.001,0.029,0.479444444444
sp_Q9BZM5_ULBP2_HUMAN,180,M,E,0.498,0.970,0.001,0.029,0.473222222222
sp_Q9BZM5_ULBP2_HUMAN,181,S,B,0.275,0.938,0.007,0.055,0.46
sp_Q9BZM5_ULBP2_HUMAN,182,F,B,0.107,0.938,0.007,0.055,0.445444444444
sp_Q9BZM5_ULBP2_HUMAN,183,H,E,0.261,0.878,0.010,0.111,0.451666666667
sp_Q9BZM5_ULBP2_HUMAN,184,Y,E,0.365,0.802,0.014,0.185,0.459888888889
sp_Q9BZM5_ULBP2_HUMAN,185,F,B,0.141,0.751,0.050,0.199,0.46
sp_Q9BZM5_ULBP2_HUMAN,186,S,B,0.053,0.701,0.107,0.192,0.455777777778
sp_Q9BZM5_ULBP2_HUMAN,187,M,E,0.322,0.701,0.107,0.192,0.473444444444
sp_Q9BZM5_ULBP2_HUMAN,188,G,E,0.541,0.561,0.047,0.393,0.472444444444
sp_Q9BZM5_ULBP2_HUMAN,189,D,E,0.336,0.561,0.047,0.393,0.471666666667
sp_Q9BZM5_ULBP2_HUMAN,190,C,B,0.018,0.522,0.016,0.462,0.445555555556
sp_Q9BZM5_ULBP2_HUMAN,191,I,B,0.178,0.878,0.010,0.111,0.464111111111
sp_Q9BZM5_ULBP2_HUMAN,192,G,E,0.509,0.923,0.002,0.076,0.455777777778
sp_Q9BZM5_ULBP2_HUMAN,193,W,B,0.175,0.970,0.001,0.029,0.428555555556
sp_Q9BZM5_ULBP2_HUMAN,194,L,B,0.025,0.970,0.001,0.029,0.421555555556
sp_Q9BZM5_ULBP2_HUMAN,195,E,E,0.394,0.970,0.001,0.029,0.440777777778
sp_Q9BZM5_ULBP2_HUMAN,196,D,E,0.392,0.970,0.001,0.029,0.433222222222
sp_Q9BZM5_ULBP2_HUMAN,197,F,B,0.05,0.923,0.002,0.076,0.434555555556
sp_Q9BZM5_ULBP2_HUMAN,198,L,B,0.141,0.859,0.002,0.139,0.444555555556
sp_Q9BZM5_ULBP2_HUMAN,199,M,E,0.621,0.878,0.010,0.111,0.477333333333
sp_Q9BZM5_ULBP2_HUMAN,200,G,E,0.361,0.694,0.003,0.303,0.475555555556
sp_Q9BZM5_ULBP2_HUMAN,201,M,B,0.205,0.600,0.003,0.397,0.482333333333
sp_Q9BZM5_ULBP2_HUMAN,202,D,E,0.579,0.430,0.016,0.555,0.528
sp_Q9BZM5_ULBP2_HUMAN,203,S,E,0.534,0.339,0.016,0.645,0.558444444444
sp_Q9BZM5_ULBP2_HUMAN,204,T,E,0.483,0.268,0.043,0.689,0.571555555556
sp_Q9BZM5_ULBP2_HUMAN,205,L,B,0.169,0.113,0.087,0.800,0.585
sp_Q9BZM5_ULBP2_HUMAN,206,E,E,0.519,0.118,0.150,0.732,0.599888888889
sp_Q9BZM5_ULBP2_HUMAN,207,P,E,0.501,0.056,0.142,0.802,0.589333333333
sp_Q9BZM5_ULBP2_HUMAN,208,S,E,0.519,0.052,0.084,0.864,0.586666666667
sp_Q9BZM5_ULBP2_HUMAN,209,A,E,0.568,0.018,0.047,0.935,0.580555555556
sp_Q9BZM5_ULBP2_HUMAN,210,G,E,0.427,0.018,0.019,0.964,0.575666666667
sp_Q9BZM5_ULBP2_HUMAN,211,A,B,0.211,0.005,0.045,0.951,0.534666666667
sp_Q9BZM5_ULBP2_HUMAN,212,P,E,0.515,0.004,0.336,0.660,0.514555555556
sp_Q9BZM5_ULBP2_HUMAN,213,L,B,0.138,0.003,0.718,0.279,0.509444444444
sp_Q9BZM5_ULBP2_HUMAN,214,A,E,0.359,0.002,0.816,0.182,0.512777777778
sp_Q9BZM5_ULBP2_HUMAN,215,M,B,0.092,0.021,0.756,0.223,0.519444444444
sp_Q9BZM5_ULBP2_HUMAN,216,S,B,0.255,0.021,0.452,0.528,0.538777777778
sp_Q9BZM5_ULBP2_HUMAN,217,S,E,0.38,0.018,0.141,0.840,0.562444444444
sp_Q9BZM5_ULBP2_HUMAN,218,G,E,0.444,0.018,0.088,0.893,0.584666666667
sp_Q9BZM5_ULBP2_HUMAN,219,T,E,0.522,0.020,0.205,0.775,0.621777777778
sp_Q9BZM5_ULBP2_HUMAN,220,T,E,0.403,0.020,0.205,0.775,0.661888888889
sp_Q9BZM5_ULBP2_HUMAN,221,Q,E,0.443,0.018,0.141,0.840,0.670777777778
sp_Q9BZM5_ULBP2_HUMAN,222,L,E,0.348,0.018,0.088,0.893,0.653777777778
sp_Q9BZM5_ULBP2_HUMAN,223,R,E,0.486,0.018,0.047,0.935,0.635888888889
sp_Q9BZM5_ULBP2_HUMAN,224,A,E,0.502,0.018,0.019,0.964,0.607555555556
sp_Q9BZM5_ULBP2_HUMAN,225,T,E,0.585,0.005,0.015,0.979,0.572333333333
sp_Q9BZM5_ULBP2_HUMAN,226,A,E,0.432,0.005,0.015,0.979,0.516555555556
sp_Q9BZM5_ULBP2_HUMAN,227,T,E,0.511,0.004,0.197,0.799,0.476111111111
sp_Q9BZM5_ULBP2_HUMAN,228,T,B,0.116,0.004,0.616,0.381,0.418111111111
sp_Q9BZM5_ULBP2_HUMAN,229,L,B,0.228,0.002,0.816,0.182,0.387555555556
sp_Q9BZM5_ULBP2_HUMAN,230,I,B,0.023,0.001,0.900,0.099,0.364555555556
sp_Q9BZM5_ULBP2_HUMAN,231,L,B,0.098,0.006,0.962,0.032,0.357444444444
sp_Q9BZM5_ULBP2_HUMAN,232,C,B,0.013,0.006,0.962,0.032,0.354333333333
sp_Q9BZM5_ULBP2_HUMAN,233,C,B,0.094,0.006,0.962,0.032,0.351222222222
sp_Q9BZM5_ULBP2_HUMAN,234,L,B,0.024,0.018,0.846,0.136,0.353888888889
sp_Q9BZM5_ULBP2_HUMAN,235,L,B,0.125,0.024,0.655,0.322,0.378555555556
sp_Q9BZM5_ULBP2_HUMAN,236,I,B,0.125,0.021,0.452,0.528,0.396222222222
sp_Q9BZM5_ULBP2_HUMAN,237,I,B,0.091,0.021,0.279,0.699,0.432
sp_Q9BZM5_ULBP2_HUMAN,238,L,B,0.125,0.018,0.141,0.840,0.435777777778
sp_Q9BZM5_ULBP2_HUMAN,239,P,B,0.128,0.053,0.043,0.903,0.450666666667
sp_Q9BZM5_ULBP2_HUMAN,240,C,E,0.354,0.116,0.016,0.868,0.466111111111
sp_Q9BZM5_ULBP2_HUMAN,241,F,E,0.465,0.113,0.087,0.800,0.476555555556
sp_Q9BZM5_ULBP2_HUMAN,242,I,B,0.089,0.066,0.296,0.638,0.486222222222
sp_Q9BZM5_ULBP2_HUMAN,243,L,E,0.354,0.074,0.484,0.442,0.440666666667
sp_Q9BZM5_ULBP2_HUMAN,244,P,B,0.25,0.022,0.359,0.619,0.391
sp_Q9BZM5_ULBP2_HUMAN,245,G,E,0.492,0.018,0.141,0.840,0.336777777778
sp_Q9BZM5_ULBP2_HUMAN,246,I,E,0.502,0.003,0.003,0.994,0.270888888889
